,Date,Open,High,Low,Close,Adj Close,Volume,Next Close
0,1994-07-22,31.962240566037735,32.1782016509434,31.962240566037735,31.962240566037735,8.020703125896226,1415500,18.625
1,1994-07-25,31.962240566037735,32.1782016509434,31.962240566037735,32.1782016509434,8.074897264386793,138600,18.5
2,1994-07-26,31.962240566037735,32.1782016509434,31.962240566037735,31.962240566037735,8.020703125896226,71500,18.5
3,1994-07-27,32.1782016509434,32.1782016509434,31.962240566037735,31.962240566037735,8.020703125896226,37300,18.5
4,1994-07-28,31.962240566037735,32.1782016509434,31.962240566037735,31.962240566037735,8.020703125896226,83500,18.5
5,1994-07-29,31.962240566037735,32.1782016509434,31.962240566037735,31.962240566037735,8.020703125896226,19900,18.5
6,1994-08-01,31.83353355704698,32.048625,31.83353355704698,31.83353355704698,7.988404992503356,21700,18.5
7,1994-08-02,31.83353355704698,32.048625,31.83353355704698,31.83353355704698,7.988404992503356,60000,18.625
8,1994-08-03,31.83353355704698,32.048625,31.83353355704698,32.048625,8.042380899563758,37500,18.25
9,1994-08-04,31.83353355704698,31.83353355704698,31.40335067114094,31.40335067114094,7.88045317838255,553800,18.25
10,1994-08-05,31.40335067114094,31.618442114093963,31.40335067114094,31.40335067114094,7.88045317838255,130600,18.25
11,1994-08-08,31.40335067114094,31.618442114093963,31.40335067114094,31.40335067114094,7.88045317838255,50700,18.375
12,1994-08-09,31.618442114093963,31.618442114093963,31.40335067114094,31.618442114093963,7.934430806174498,81700,18.0
13,1994-08-10,31.40335067114094,31.40335067114094,30.973167785234903,30.973167785234903,7.772501364261746,134000,17.875
14,1994-08-11,30.973167785234903,31.40335067114094,30.75807634228188,30.75807634228188,7.718523736469798,67700,18.0
15,1994-08-12,30.973167785234903,30.973167785234903,30.75807634228188,30.973167785234903,7.772501364261746,85700,18.0
16,1994-08-15,30.75807634228188,31.18825922818792,30.75807634228188,30.973167785234903,7.772501364261746,24200,18.125
17,1994-08-16,31.40335067114094,31.40335067114094,30.973167785234903,31.18825922818792,7.826477271322148,109900,18.0
18,1994-08-17,31.18825922818792,31.18825922818792,30.973167785234903,30.973167785234903,7.772501364261746,92800,18.125
19,1994-08-18,30.973167785234903,31.18825922818792,30.973167785234903,31.18825922818792,7.826477271322148,44900,18.0
20,1994-08-19,30.973167785234903,31.18825922818792,30.75807634228188,30.973167785234903,7.772501364261746,54000,18.0
21,1994-08-22,30.973167785234903,30.973167785234903,30.75807634228188,30.973167785234903,7.772501364261746,36100,17.875
22,1994-08-23,30.75807634228188,30.973167785234903,30.75807634228188,30.75807634228188,7.718523736469798,27200,18.0
23,1994-08-24,30.75807634228188,31.18825922818792,30.75807634228188,30.973167785234903,7.772501364261746,64400,18.125
24,1994-08-25,31.18825922818792,31.40335067114094,30.973167785234903,31.18825922818792,7.826477271322148,51300,18.25
25,1994-08-26,31.18825922818792,31.40335067114094,31.18825922818792,31.40335067114094,7.88045317838255,47500,18.25
26,1994-08-29,31.40335067114094,31.618442114093963,31.18825922818792,31.40335067114094,7.88045317838255,45300,18.5
27,1994-08-30,31.618442114093963,31.83353355704698,31.40335067114094,31.83353355704698,7.988404992503356,36300,18.375
28,1994-08-31,31.83353355704698,31.83353355704698,31.618442114093963,31.618442114093963,7.934430806174498,26400,18.25
29,1994-09-01,31.748303212851408,31.748303212851408,31.31927208835341,31.31927208835341,7.859354240823293,34800,18.25
30,1994-09-02,31.53378765060241,31.53378765060241,31.104756526104417,31.31927208835341,7.859354240823293,35600,18.0
31,1994-09-06,31.53378765060241,31.53378765060241,30.890240963855423,30.890240963855423,7.75169145431727,11600,18.0
32,1994-09-07,30.890240963855423,31.104756526104417,30.890240963855423,30.890240963855423,7.75169145431727,33200,18.125
33,1994-09-08,30.890240963855423,31.104756526104417,30.675725401606424,31.104756526104417,7.805522847570281,57200,18.25
34,1994-09-09,31.104756526104417,31.31927208835341,30.246694277108436,31.31927208835341,7.859354240823293,33100,18.0
35,1994-09-12,30.890240963855423,31.31927208835341,30.890240963855423,30.890240963855423,7.75169145431727,34400,18.125
36,1994-09-13,31.104756526104417,31.31927208835341,30.890240963855423,31.104756526104417,7.805522847570281,45300,17.75
37,1994-09-14,31.104756526104417,31.31927208835341,30.46120983935743,30.46120983935743,7.6440303839357435,36200,18.0
38,1994-09-15,30.675725401606424,31.104756526104417,30.675725401606424,30.890240963855423,7.75169145431727,116100,17.75
39,1994-09-16,30.890240963855423,30.890240963855423,30.46120983935743,30.46120983935743,7.6440303839357435,25600,17.75
40,1994-09-19,30.46120983935743,30.675725401606424,30.032178714859437,30.46120983935743,7.6440303839357435,71600,17.375
41,1994-09-20,30.246694277108436,30.246694277108436,29.603147590361445,29.81766315261044,7.482534488052208,72600,17.125
42,1994-09-21,29.603147590361445,30.032178714859437,29.174116465863456,29.38863202811245,7.374873417670682,124500,17.625
43,1994-09-22,29.38863202811245,30.246694277108436,29.38863202811245,30.246694277108436,7.5902024229317275,83800,17.5
44,1994-09-23,30.246694277108436,30.46120983935743,30.032178714859437,30.032178714859437,7.536367597429719,43800,17.75
45,1994-09-26,30.46120983935743,30.46120983935743,30.032178714859437,30.46120983935743,7.6440303839357435,36800,17.625
46,1994-09-27,30.46120983935743,31.31927208835341,30.246694277108436,30.246694277108436,7.5902024229317275,60900,17.5
47,1994-09-28,30.46120983935743,30.46120983935743,30.032178714859437,30.032178714859437,7.536367597429719,36200,17.625
48,1994-09-29,30.032178714859437,30.46120983935743,29.81766315261044,30.246694277108436,7.5902024229317275,26400,17.375
49,1994-09-30,29.81766315261044,30.032178714859437,29.603147590361445,29.81766315261044,7.482534488052208,28200,17.125
50,1994-10-03,29.583346153846158,29.797718227424753,29.36897408026756,29.36897408026756,7.369940391973244,24400,16.75
51,1994-10-04,29.583346153846158,29.797718227424753,28.297113712374582,28.72585785953177,7.208554235076923,60700,17.125
52,1994-10-05,28.72585785953177,29.36897408026756,28.72585785953177,29.36897408026756,7.369940391973244,22800,17.25
53,1994-10-06,29.15460200668896,29.583346153846158,29.15460200668896,29.583346153846158,7.423735777605352,32900,17.375
54,1994-10-07,29.583346153846158,30.012090301003347,29.36897408026756,29.797718227424753,7.477529448260869,18600,17.625
55,1994-10-10,30.226462374581942,30.440834448160537,30.226462374581942,30.226462374581942,7.58512536445485,12100,17.875
56,1994-10-11,30.65520652173913,30.869578595317726,30.440834448160537,30.65520652173913,7.692709275812709,31400,17.875
57,1994-10-12,30.869578595317726,30.869578595317726,30.440834448160537,30.65520652173913,7.692709275812709,14300,17.875
58,1994-10-13,30.65520652173913,31.08395066889632,30.440834448160537,30.65520652173913,7.692709275812709,14300,17.75
59,1994-10-14,30.65520652173913,30.65520652173913,30.440834448160537,30.440834448160537,7.63891732013378,11000,17.875
60,1994-10-17,30.440834448160537,30.65520652173913,30.226462374581942,30.65520652173913,7.692709275812709,7300,17.75
61,1994-10-18,30.440834448160537,30.65520652173913,30.226462374581942,30.440834448160537,7.63891732013378,10500,18.0
62,1994-10-19,30.440834448160537,31.08395066889632,30.440834448160537,30.869578595317726,7.746506376421405,44000,18.0
63,1994-10-20,30.869578595317726,31.08395066889632,30.65520652173913,30.869578595317726,7.746506376421405,69500,18.0
64,1994-10-21,30.869578595317726,30.869578595317726,30.440834448160537,30.869578595317726,7.746506376421405,39400,17.75
65,1994-10-24,30.869578595317726,30.869578595317726,30.440834448160537,30.440834448160537,7.63891732013378,7800,17.875
66,1994-10-25,30.440834448160537,30.869578595317726,30.440834448160537,30.65520652173913,7.692709275812709,4900,17.75
67,1994-10-26,30.440834448160537,30.65520652173913,30.440834448160537,30.440834448160537,7.63891732013378,12800,18.0
68,1994-10-27,30.440834448160537,31.08395066889632,30.440834448160537,30.869578595317726,7.746506376421405,122700,18.0
69,1994-10-28,30.869578595317726,31.08395066889632,30.869578595317726,30.869578595317726,7.746506376421405,13200,18.25
70,1994-10-31,31.08395066889632,31.29832274247492,30.869578595317726,31.29832274247492,7.854097147685618,67200,18.0
71,1994-11-01,31.042422344689385,31.25650801603207,30.828336673346698,30.828336673346698,7.736157002505012,35600,18.125
72,1994-11-02,30.828336673346698,31.25650801603207,30.828336673346698,31.042422344689385,7.78988051721443,36800,18.125
73,1994-11-03,31.042422344689385,31.25650801603207,30.828336673346698,31.042422344689385,7.78988051721443,50900,18.0
74,1994-11-04,31.042422344689385,31.25650801603207,30.828336673346698,30.828336673346698,7.736157002505012,21400,17.875
75,1994-11-07,30.828336673346698,30.828336673346698,30.400165330661327,30.61425100200401,7.682431775110222,25000,17.625
76,1994-11-08,30.18607965931864,30.400165330661327,29.75790831663327,30.18607965931864,7.69991486737475,28200,17.5
77,1994-11-09,30.400165330661327,30.400165330661327,29.971993987975956,29.971993987975956,7.645300756272546,19100,17.625
78,1994-11-10,29.971993987975956,30.18607965931864,29.971993987975956,30.18607965931864,7.69991486737475,17500,17.5
79,1994-11-11,29.971993987975956,30.18607965931864,29.75790831663327,29.971993987975956,7.645300756272546,8500,17.5
80,1994-11-14,29.971993987975956,30.400165330661327,29.971993987975956,29.971993987975956,7.645300756272546,22400,17.75
81,1994-11-15,29.971993987975956,30.400165330661327,29.75790831663327,30.400165330661327,7.754518702364729,75900,17.625
82,1994-11-16,30.18607965931864,30.400165330661327,29.971993987975956,30.18607965931864,7.69991486737475,13800,17.75
83,1994-11-17,30.18607965931864,30.61425100200401,30.18607965931864,30.400165330661327,7.754518702364729,42100,17.75
84,1994-11-18,30.400165330661327,30.828336673346698,30.400165330661327,30.400165330661327,7.754518702364729,26100,17.875
85,1994-11-21,30.828336673346698,30.828336673346698,30.400165330661327,30.61425100200401,7.809129388096193,45200,17.25
86,1994-11-22,30.400165330661327,30.400165330661327,29.543822645290582,29.543822645290582,7.536082810180361,27700,17.375
87,1994-11-23,29.3297369739479,29.75790831663327,28.687479959919845,29.75790831663327,7.590690070541083,36200,17.25
88,1994-11-25,29.75790831663327,29.971993987975956,29.543822645290582,29.543822645290582,7.536082810180361,5000,17.125
89,1994-11-28,29.543822645290582,29.543822645290582,29.3297369739479,29.3297369739479,7.481472124448898,10800,16.625
90,1994-11-29,29.11565130260521,29.11565130260521,28.259308617234474,28.473394288577158,7.263032806893788,30200,16.875
91,1994-11-30,28.473394288577158,29.11565130260521,28.473394288577158,28.90156563126253,7.372254178356714,42000,17.0
92,1994-12-01,28.90156563126253,29.11565130260521,28.90156563126253,29.11565130260521,7.426859726032066,13000,17.0
93,1994-12-02,28.90156563126253,29.11565130260521,28.687479959919845,29.11565130260521,7.426859726032066,28000,16.875
94,1994-12-05,29.11565130260521,29.11565130260521,28.90156563126253,28.90156563126253,7.372254178356714,8500,16.5
95,1994-12-06,28.90156563126253,29.11565130260521,28.259308617234474,28.259308617234474,7.2084238338476965,39100,16.5
96,1994-12-07,28.473394288577158,28.687479959919845,28.045222945891787,28.259308617234474,7.2084238338476965,38700,16.5
97,1994-12-08,28.259308617234474,28.473394288577158,28.259308617234474,28.259308617234474,7.2084238338476965,22600,16.5
98,1994-12-09,28.045222945891787,28.259308617234474,27.8311372745491,28.259308617234474,7.2084238338476965,21600,16.5
99,1994-12-12,28.259308617234474,28.687479959919845,28.259308617234474,28.259308617234474,7.2084238338476965,21200,16.625
100,1994-12-13,28.259308617234474,28.473394288577158,28.045222945891787,28.473394288577158,7.263032806893788,21900,17.0
101,1994-12-14,28.045222945891787,29.11565130260521,28.045222945891787,29.11565130260521,7.426859726032066,24800,17.25
102,1994-12-15,29.543822645290582,29.971993987975956,29.11565130260521,29.543822645290582,7.536082810180361,62800,17.25
103,1994-12-16,29.3297369739479,29.75790831663327,29.3297369739479,29.543822645290582,7.536082810180361,50100,17.25
104,1994-12-19,29.543822645290582,29.75790831663327,29.543822645290582,29.543822645290582,7.536082810180361,20100,17.375
105,1994-12-20,29.75790831663327,29.75790831663327,29.543822645290582,29.75790831663327,7.590690070541083,13400,17.25
106,1994-12-21,29.543822645290582,29.75790831663327,29.3297369739479,29.543822645290582,7.536082810180361,25600,17.25
107,1994-12-22,29.543822645290582,29.543822645290582,29.11565130260521,29.543822645290582,7.536082810180361,16000,17.375
108,1994-12-23,29.75790831663327,29.971993987975956,29.75790831663327,29.75790831663327,7.590690070541083,31000,17.5
109,1994-12-27,29.75790831663327,29.971993987975956,29.75790831663327,29.971993987975956,7.645300756272546,11800,17.25
110,1994-12-28,29.543822645290582,29.971993987975956,29.543822645290582,29.543822645290582,7.536082810180361,15100,17.125
111,1994-12-29,29.543822645290582,29.75790831663327,29.11565130260521,29.3297369739479,7.481472124448898,16200,17.25
112,1994-12-30,29.11565130260521,29.543822645290582,28.259308617234474,29.543822645290582,7.536082810180361,24300,17.375
113,1995-01-03,29.639114271457085,29.639114271457085,29.425883233532932,29.639114271457085,7.560387914570858,9500,17.25
114,1995-01-04,29.639114271457085,29.639114271457085,29.425883233532932,29.425883233532932,7.505998647265469,14500,17.375
115,1995-01-05,29.639114271457085,29.639114271457085,29.425883233532932,29.639114271457085,7.560387914570858,4700,17.25
116,1995-01-06,29.639114271457085,29.639114271457085,29.425883233532932,29.425883233532932,7.505998647265469,11000,17.375
117,1995-01-09,29.639114271457085,29.85234530938124,29.425883233532932,29.639114271457085,7.560387914570858,10000,17.625
118,1995-01-10,29.639114271457085,30.065576347305388,29.425883233532932,30.065576347305388,7.6691766842714575,52400,17.5
119,1995-01-11,30.065576347305388,30.065576347305388,29.639114271457085,29.85234530938124,7.614780593572854,9500,17.375
120,1995-01-12,29.85234530938124,30.278807385229538,29.639114271457085,29.639114271457085,7.560387914570858,18600,17.25
121,1995-01-13,29.85234530938124,29.85234530938124,29.21265219560878,29.425883233532932,7.505998647265469,10500,17.5
122,1995-01-16,29.639114271457085,29.85234530938124,29.425883233532932,29.85234530938124,7.614780593572854,5300,17.375
123,1995-01-17,29.639114271457085,29.85234530938124,29.425883233532932,29.639114271457085,7.560387914570858,21100,17.375
124,1995-01-18,29.639114271457085,29.85234530938124,29.425883233532932,29.639114271457085,7.560387914570858,36600,17.5
125,1995-01-19,29.639114271457085,29.85234530938124,29.639114271457085,29.85234530938124,7.614780593572854,8100,17.375
126,1995-01-20,29.85234530938124,29.85234530938124,29.425883233532932,29.639114271457085,7.560387914570858,20500,17.125
127,1995-01-23,29.425883233532932,29.425883233532932,29.21265219560878,29.21265219560878,7.451605968263473,6900,17.25
128,1995-01-24,29.425883233532932,29.425883233532932,29.21265219560878,29.425883233532932,7.505998647265469,11700,17.25
129,1995-01-25,29.21265219560878,29.425883233532932,29.21265219560878,29.425883233532932,7.505998647265469,4100,17.25
130,1995-01-26,29.425883233532932,29.425883233532932,29.21265219560878,29.425883233532932,7.505998647265469,7500,17.5
131,1995-01-27,29.425883233532932,29.85234530938124,29.425883233532932,29.85234530938124,7.614780593572854,58000,17.875
132,1995-01-30,30.065576347305388,30.49203842315369,29.85234530938124,30.49203842315369,7.7779552188822345,20000,17.875
133,1995-01-31,30.70526946107784,30.918500499001997,30.49203842315369,30.49203842315369,7.7779552188822345,174200,17.625
134,1995-02-01,29.946031312127236,30.158414512922462,29.73364811133201,29.946031312127236,7.820243391630219,26200,17.625
135,1995-02-02,29.73364811133201,29.946031312127236,29.73364811133201,29.946031312127236,7.820243391630219,7700,17.75
136,1995-02-03,29.946031312127236,30.158414512922462,29.73364811133201,30.158414512922462,7.875699193956263,60900,17.75
137,1995-02-06,29.946031312127236,30.370797713717696,29.946031312127236,30.158414512922462,7.875699193956263,14200,18.125
138,1995-02-07,30.583180914512923,31.00794731610338,30.370797713717696,30.79556411530815,8.042090387852882,47100,18.375
139,1995-02-08,31.00794731610338,31.432713717693836,31.00794731610338,31.22033051689861,8.153015585029822,67100,18.25
140,1995-02-09,31.22033051689861,31.22033051689861,30.79556411530815,31.00794731610338,8.09754958831014,19600,18.0
141,1995-02-10,31.22033051689861,31.22033051689861,30.370797713717696,30.583180914512923,7.98662948833002,31700,17.875
142,1995-02-13,30.583180914512923,30.583180914512923,30.370797713717696,30.370797713717696,7.931163491610337,14000,18.125
143,1995-02-14,30.583180914512923,31.00794731610338,30.583180914512923,30.79556411530815,8.042090387852882,9900,18.0
144,1995-02-15,30.79556411530815,31.00794731610338,30.370797713717696,30.583180914512923,7.98662948833002,21800,17.75
145,1995-02-16,30.583180914512923,30.583180914512923,30.158414512922462,30.158414512922462,7.875699193956263,20200,17.875
146,1995-02-17,30.158414512922462,30.370797713717696,30.158414512922462,30.370797713717696,7.931163491610337,22100,17.75
147,1995-02-21,30.370797713717696,30.583180914512923,29.946031312127236,30.158414512922462,7.875699193956263,28600,17.875
148,1995-02-22,30.583180914512923,30.583180914512923,30.370797713717696,30.370797713717696,7.931163491610337,15400,17.875
149,1995-02-23,30.583180914512923,30.79556411530815,30.158414512922462,30.370797713717696,7.931163491610337,22700,18.125
150,1995-02-24,30.158414512922462,30.79556411530815,30.158414512922462,30.79556411530815,8.042090387852882,35200,18.0
151,1995-02-27,30.583180914512923,30.79556411530815,30.583180914512923,30.583180914512923,7.98662948833002,12000,18.0
152,1995-02-28,30.79556411530815,30.79556411530815,30.583180914512923,30.583180914512923,7.98662948833002,13700,18.125
153,1995-03-01,30.90554326287979,30.90554326287979,30.693861459709378,30.693861459709378,8.01553130466975,23500,18.0
154,1995-03-02,30.693861459709378,30.90554326287979,30.48217965653897,30.48217965653897,7.960253565317041,16800,18.0
155,1995-03-03,30.48217965653897,30.90554326287979,30.48217965653897,30.48217965653897,7.960253565317041,27900,18.125
156,1995-03-06,30.693861459709378,30.90554326287979,30.48217965653897,30.693861459709378,8.01553130466975,9600,18.0
157,1995-03-07,30.48217965653897,30.48217965653897,30.27049785336856,30.48217965653897,7.960253565317041,9200,17.875
158,1995-03-08,30.693861459709378,30.693861459709378,30.05881605019815,30.27049785336856,7.904970745601056,42500,18.0
159,1995-03-09,30.48217965653897,30.693861459709378,30.48217965653897,30.48217965653897,7.960253565317041,58200,18.0
160,1995-03-10,30.48217965653897,30.90554326287979,30.48217965653897,30.48217965653897,7.960253565317041,51400,18.125
161,1995-03-13,30.693861459709378,30.90554326287979,30.48217965653897,30.693861459709378,8.01553130466975,26100,18.25
162,1995-03-14,30.693861459709378,31.1172250660502,30.693861459709378,30.90554326287979,8.070807350568032,38500,18.25
163,1995-03-15,31.1172250660502,31.752270475561428,30.90554326287979,30.90554326287979,8.070807350568032,38700,18.25
164,1995-03-16,30.90554326287979,31.1172250660502,30.90554326287979,30.90554326287979,8.070807350568032,24400,18.375
165,1995-03-17,31.1172250660502,31.32890686922061,30.90554326287979,31.1172250660502,8.126090170284016,13100,18.375
166,1995-03-20,31.1172250660502,31.32890686922061,31.1172250660502,31.1172250660502,8.126090170284016,22100,18.25
167,1995-03-21,31.32890686922061,31.32890686922061,30.90554326287979,30.90554326287979,8.070807350568032,41800,18.125
168,1995-03-22,31.1172250660502,31.1172250660502,30.693861459709378,30.693861459709378,8.01553130466975,23000,18.25
169,1995-03-23,31.1172250660502,31.1172250660502,30.90554326287979,30.90554326287979,8.070807350568032,22400,18.25
170,1995-03-24,30.90554326287979,31.32890686922061,30.48217965653897,30.90554326287979,8.070807350568032,28900,18.25
171,1995-03-27,30.90554326287979,31.1172250660502,30.693861459709378,30.90554326287979,8.070807350568032,15900,18.5
172,1995-03-28,31.1172250660502,31.32890686922061,30.90554326287979,31.32890686922061,8.181369603091149,26200,18.375
173,1995-03-29,31.32890686922061,31.32890686922061,30.90554326287979,31.1172250660502,8.126090170284016,18000,18.375
174,1995-03-30,31.1172250660502,31.1172250660502,30.90554326287979,31.1172250660502,8.126090170284016,6300,18.25
175,1995-03-31,30.90554326287979,31.1172250660502,30.90554326287979,30.90554326287979,8.070807350568032,21300,18.125
176,1995-04-03,31.01479838709677,31.01479838709677,30.592828341013824,30.592828341013824,7.989147067327189,9100,18.0
177,1995-04-04,30.592828341013824,30.803813364055298,30.38184331797235,30.38184331797235,7.9340512823502305,20400,17.875
178,1995-04-05,30.38184331797235,30.38184331797235,30.170858294930873,30.170858294930873,7.878950433732718,8400,18.0
179,1995-04-06,30.170858294930873,30.38184331797235,30.170858294930873,30.38184331797235,7.9340512823502305,12500,18.0
180,1995-04-07,30.803813364055298,31.01479838709677,30.38184331797235,30.38184331797235,7.9340512823502305,38500,18.25
181,1995-04-10,30.592828341013824,30.803813364055298,30.38184331797235,30.803813364055298,8.044241164423962,10800,18.375
182,1995-04-11,31.01479838709677,31.01479838709677,30.592828341013824,31.01479838709677,8.099342013041475,23700,18.5
183,1995-04-12,31.01479838709677,31.22578341013825,30.38184331797235,31.22578341013825,8.154439485898619,22600,18.125
184,1995-04-13,30.803813364055298,31.01479838709677,30.592828341013824,30.592828341013824,7.989147067327189,66200,18.25
185,1995-04-17,30.803813364055298,31.01479838709677,30.592828341013824,30.803813364055298,8.044241164423962,15800,18.0
186,1995-04-18,30.803813364055298,30.803813364055298,30.38184331797235,30.38184331797235,7.9340512823502305,10500,18.25
187,1995-04-19,30.592828341013824,30.803813364055298,30.38184331797235,30.803813364055298,8.044241164423962,12700,18.25
188,1995-04-20,30.592828341013824,30.803813364055298,30.592828341013824,30.803813364055298,8.044241164423962,13000,18.375
189,1995-04-21,30.803813364055298,31.01479838709677,30.592828341013824,31.01479838709677,8.099342013041475,26500,18.375
190,1995-04-24,31.01479838709677,31.01479838709677,30.803813364055298,31.01479838709677,8.099342013041475,22500,18.375
191,1995-04-25,31.01479838709677,31.01479838709677,30.592828341013824,31.01479838709677,8.099342013041475,37900,18.375
192,1995-04-26,30.803813364055298,31.01479838709677,30.592828341013824,31.01479838709677,8.099342013041475,79000,18.5
193,1995-04-27,30.803813364055298,31.22578341013825,30.803813364055298,31.22578341013825,8.154439485898619,28800,18.625
194,1995-04-28,30.803813364055298,31.6477534562212,30.803813364055298,31.436768433179722,8.209533582995391,33000,18.5
195,1995-05-01,31.374803712220764,31.585372864651777,31.164234559789755,31.164234559789755,8.13836634630749,21500,18.375
196,1995-05-02,30.53252710249672,30.95366540735874,30.53252710249672,30.95366540735874,8.268866999664915,17400,18.375
197,1995-05-03,30.74309625492773,30.95366540735874,30.74309625492773,30.95366540735874,8.268866999664915,17600,18.5
198,1995-05-04,30.95366540735874,31.164234559789755,30.74309625492773,31.164234559789755,8.325119285321946,14500,18.5
199,1995-05-05,31.164234559789755,31.374803712220764,30.95366540735874,31.164234559789755,8.325119285321946,19300,18.875
200,1995-05-08,31.374803712220764,32.0065111695138,31.374803712220764,31.795942017082787,8.493872773186597,169000,19.125
201,1995-05-09,31.795942017082787,32.21708032194481,31.585372864651777,32.21708032194481,8.60636892173456,191200,19.125
202,1995-05-10,32.21708032194481,32.848787779237846,32.21708032194481,32.21708032194481,8.60636892173456,59800,19.25
203,1995-05-11,32.0065111695138,32.427649474375826,31.795942017082787,32.427649474375826,8.662619522838371,20300,19.25
204,1995-05-12,32.427649474375826,32.427649474375826,32.21708032194481,32.427649474375826,8.662619522838371,17100,19.0
205,1995-05-15,32.427649474375826,32.63821862680683,32.0065111695138,32.0065111695138,8.550121689737189,25600,19.0
206,1995-05-16,32.427649474375826,32.427649474375826,31.795942017082787,32.0065111695138,8.550121689737189,38100,18.75
207,1995-05-17,32.0065111695138,32.0065111695138,31.374803712220764,31.585372864651777,8.437618802976347,64300,18.75
208,1995-05-18,31.585372864651777,31.795942017082787,31.374803712220764,31.585372864651777,8.437618802976347,24000,18.75
209,1995-05-19,31.374803712220764,31.585372864651777,31.164234559789755,31.585372864651777,8.437618802976347,16800,18.75
210,1995-05-22,31.585372864651777,31.585372864651777,31.164234559789755,31.585372864651777,8.437618802976347,28500,18.5
211,1995-05-23,31.585372864651777,31.585372864651777,31.164234559789755,31.164234559789755,8.325119285321946,25400,18.5
212,1995-05-24,31.164234559789755,31.164234559789755,30.95366540735874,31.164234559789755,8.325119285321946,35800,18.375
213,1995-05-25,30.95366540735874,30.95366540735874,30.74309625492773,30.95366540735874,8.268866999664915,21000,18.375
214,1995-05-26,30.95366540735874,30.95366540735874,30.74309625492773,30.95366540735874,8.268866999664915,24800,18.375
215,1995-05-30,30.74309625492773,31.164234559789755,30.74309625492773,30.95366540735874,8.268866999664915,9500,18.375
216,1995-05-31,30.95366540735874,30.95366540735874,30.74309625492773,30.95366540735874,8.268866999664915,21000,18.375
217,1995-06-01,30.682618032786884,30.892772950819673,30.4724631147541,30.892772950819673,8.252600376059018,39100,18.5
218,1995-06-02,30.682618032786884,31.10292786885246,30.682618032786884,31.10292786885246,8.308742001481967,55900,18.75
219,1995-06-05,31.313082786885246,31.73339262295082,31.313082786885246,31.523237704918035,8.421020208609836,35500,19.0
220,1995-06-06,31.523237704918035,32.363857377049186,31.523237704918035,31.94354754098361,8.533301778216394,77100,19.25
221,1995-06-07,32.363857377049186,32.57401229508197,32.153702459016394,32.363857377049186,8.645578304104918,25900,19.5
222,1995-06-08,32.57401229508197,32.784167213114756,32.57401229508197,32.784167213114756,8.757866598668853,55300,19.375
223,1995-06-09,32.57401229508197,32.784167213114756,32.363857377049186,32.57401229508197,8.701724973245904,27800,19.25
224,1995-06-12,32.363857377049186,32.57401229508197,32.363857377049186,32.363857377049186,8.645578304104918,14300,19.625
225,1995-06-13,32.57401229508197,32.99432213114754,32.363857377049186,32.99432213114754,8.813999817895082,30900,19.875
226,1995-06-14,33.204477049180326,33.6247868852459,32.99432213114754,33.41463196721311,8.92628138750164,77400,19.25
227,1995-06-15,33.41463196721311,33.41463196721311,32.363857377049186,32.363857377049186,8.645578304104918,25900,19.375
228,1995-06-16,32.363857377049186,32.99432213114754,32.153702459016394,32.57401229508197,8.701724973245904,38700,19.25
229,1995-06-19,32.57401229508197,32.784167213114756,32.363857377049186,32.363857377049186,8.645578304104918,25100,19.625
230,1995-06-20,32.57401229508197,32.99432213114754,32.363857377049186,32.99432213114754,8.813999817895082,30600,19.125
231,1995-06-21,32.784167213114756,32.99432213114754,32.153702459016394,32.153702459016394,8.58943835992131,20000,18.875
232,1995-06-22,32.153702459016394,32.363857377049186,31.73339262295082,31.73339262295082,8.477163515272132,79800,18.875
233,1995-06-23,31.94354754098361,31.94354754098361,31.523237704918035,31.73339262295082,8.477163515272132,29400,18.875
234,1995-06-26,31.523237704918035,31.94354754098361,31.523237704918035,31.73339262295082,8.477163515272132,18600,18.75
235,1995-06-27,31.94354754098361,31.94354754098361,31.523237704918035,31.523237704918035,8.421020208609836,28200,19.0
236,1995-06-28,31.73339262295082,31.94354754098361,31.73339262295082,31.94354754098361,8.533301778216394,12800,19.125
237,1995-06-29,31.73339262295082,32.153702459016394,31.523237704918035,32.153702459016394,8.58943835992131,17200,20.0
238,1995-06-30,32.153702459016394,34.045096721311474,32.153702459016394,33.6247868852459,8.982421331685247,42300,19.75
239,1995-07-03,34.045096721311474,34.045096721311474,32.99432213114754,33.204477049180326,8.870143124557378,23900,19.75
240,1995-07-05,33.204477049180326,33.83494180327869,33.204477049180326,33.204477049180326,8.870143124557378,27600,19.875
241,1995-07-06,33.204477049180326,33.41463196721311,32.99432213114754,33.41463196721311,8.92628138750164,29700,20.125
242,1995-07-07,33.41463196721311,33.83494180327869,33.204477049180326,33.83494180327869,9.038564638347541,35500,20.5
243,1995-07-10,34.045096721311474,34.46540655737705,33.83494180327869,34.46540655737705,9.206982789659017,63300,20.5
244,1995-07-11,34.045096721311474,35.095871311475406,33.83494180327869,34.46540655737705,9.206982789659017,50800,20.5
245,1995-07-12,34.46540655737705,34.88571639344262,34.255251639344266,34.46540655737705,9.206982789659017,36700,20.375
246,1995-07-13,34.67556147540984,34.88571639344262,33.83494180327869,34.255251639344266,9.150847889193443,26400,20.0
247,1995-07-14,33.83494180327869,34.255251639344266,33.6247868852459,33.6247868852459,8.982421331685247,12300,20.125
248,1995-07-17,33.41463196721311,33.83494180327869,33.204477049180326,33.83494180327869,9.038564638347541,15600,20.125
249,1995-07-18,33.6247868852459,34.255251639344266,33.41463196721311,33.83494180327869,9.038564638347541,17800,20.125
250,1995-07-19,34.045096721311474,34.045096721311474,33.6247868852459,33.83494180327869,9.038564638347541,29900,19.75
251,1995-07-20,33.41463196721311,33.6247868852459,32.99432213114754,33.204477049180326,8.870143124557378,30100,19.875
252,1995-07-21,33.41463196721311,33.83494180327869,33.41463196721311,33.41463196721311,8.92628138750164,18500,20.125
253,1995-07-24,33.6247868852459,33.83494180327869,33.41463196721311,33.83494180327869,9.038564638347541,10500,20.0
254,1995-07-25,33.83494180327869,34.045096721311474,33.41463196721311,33.6247868852459,8.982421331685247,17200,19.875
255,1995-07-26,33.6247868852459,33.6247868852459,33.204477049180326,33.41463196721311,8.92628138750164,8200,19.75
256,1995-07-27,33.41463196721311,33.6247868852459,33.204477049180326,33.204477049180326,8.870143124557378,21800,19.875
257,1995-07-28,33.6247868852459,33.83494180327869,33.41463196721311,33.41463196721311,8.92628138750164,10200,20.25
258,1995-07-31,33.83494180327869,34.045096721311474,33.204477049180326,34.045096721311474,9.094702901291804,17600,20.5
259,1995-08-01,33.956031720078485,34.3752419882276,33.956031720078485,34.3752419882276,9.182896503747548,12900,20.25
260,1995-08-02,34.16563685415304,34.3752419882276,33.956031720078485,33.956031720078485,9.070910349555264,13500,20.25
261,1995-08-03,33.956031720078485,34.16563685415304,33.74642658600392,33.956031720078485,9.070910349555264,7000,20.25
262,1995-08-04,33.956031720078485,34.3752419882276,33.956031720078485,33.956031720078485,9.070910349555264,28800,20.25
263,1995-08-07,33.956031720078485,34.16563685415304,33.74642658600392,33.956031720078485,9.070910349555264,8000,20.0
264,1995-08-08,33.956031720078485,33.956031720078485,33.53682145192937,33.53682145192937,8.95892251852191,26200,20.0
265,1995-08-09,33.53682145192937,33.956031720078485,33.11761118378025,33.53682145192937,8.95892251852191,26800,20.125
266,1995-08-10,32.90800604970569,33.74642658600392,32.698400915631126,33.74642658600392,9.20594133060824,26700,19.875
267,1995-08-11,33.74642658600392,33.74642658600392,33.327216317854806,33.327216317854806,9.091579092616088,12800,20.125
268,1995-08-14,33.327216317854806,34.16563685415304,33.327216317854806,33.74642658600392,9.20594133060824,59200,20.25
269,1995-08-15,33.956031720078485,34.3752419882276,33.956031720078485,33.956031720078485,9.263119934342706,27300,20.0
270,1995-08-16,33.956031720078485,33.956031720078485,33.53682145192937,33.53682145192937,9.148757696350557,12200,20.125
271,1995-08-17,33.74642658600392,33.956031720078485,33.53682145192937,33.74642658600392,9.20594133060824,15200,20.375
272,1995-08-18,33.74642658600392,34.3752419882276,33.74642658600392,34.16563685415304,9.320303568600393,34700,20.75
273,1995-08-21,34.58484712230216,34.79445225637672,34.16563685415304,34.79445225637672,9.491844410327012,14600,20.625
274,1995-08-22,34.79445225637672,35.21366252452584,34.58484712230216,34.58484712230216,9.434664129751472,45300,21.0
275,1995-08-23,34.58484712230216,35.21366252452584,34.58484712230216,35.21366252452584,9.606196587272727,16300,20.75
276,1995-08-24,34.58484712230216,35.21366252452584,34.58484712230216,34.79445225637672,9.491844410327012,52200,20.375
277,1995-08-25,35.00405739045127,35.21366252452584,34.16563685415304,34.16563685415304,9.320303568600393,26800,20.375
278,1995-08-28,34.58484712230216,34.58484712230216,33.956031720078485,34.16563685415304,9.320303568600393,13400,20.25
279,1995-08-29,33.956031720078485,34.3752419882276,33.956031720078485,33.956031720078485,9.263119934342706,24300,20.25
280,1995-08-30,33.74642658600392,34.3752419882276,33.74642658600392,33.956031720078485,9.263119934342706,29000,20.5
281,1995-08-31,33.956031720078485,34.58484712230216,33.956031720078485,34.3752419882276,9.377478818652715,26100,20.625
282,1995-09-01,34.30792754569191,34.72631690600522,34.098732865535254,34.51712222584857,9.416188938896868,5200,20.75
283,1995-09-05,34.93551158616188,35.14470626631854,34.51712222584857,34.72631690600522,9.473257247643605,19500,20.75
284,1995-09-06,34.72631690600522,35.14470626631854,34.51712222584857,34.72631690600522,9.473257247643605,35800,20.625
285,1995-09-07,34.51712222584857,34.72631690600522,34.098732865535254,34.51712222584857,9.416188938896868,22400,20.75
286,1995-09-08,34.72631690600522,35.14470626631854,34.72631690600522,34.72631690600522,9.473257247643605,12900,21.0
287,1995-09-11,35.14470626631854,35.563095626631856,35.14470626631854,35.14470626631854,9.587385497349871,77800,21.0
288,1995-09-12,35.14470626631854,35.14470626631854,34.72631690600522,35.14470626631854,9.587385497349871,46000,21.0
289,1995-09-13,34.93551158616188,35.3539009464752,34.93551158616188,35.14470626631854,9.587385497349871,46200,21.0
290,1995-09-14,34.93551158616188,35.3539009464752,34.72631690600522,35.14470626631854,9.587385497349871,17400,20.75
291,1995-09-15,35.3539009464752,35.563095626631856,34.30792754569191,34.72631690600522,9.473257247643605,14200,20.625
292,1995-09-18,34.30792754569191,34.72631690600522,34.30792754569191,34.51712222584857,9.416188938896868,20900,20.5
293,1995-09-19,34.72631690600522,34.72631690600522,34.30792754569191,34.30792754569191,9.359115609477808,17900,20.625
294,1995-09-20,34.51712222584857,34.93551158616188,34.30792754569191,34.51712222584857,9.416188938896868,10100,20.625
295,1995-09-21,34.93551158616188,34.93551158616188,34.30792754569191,34.51712222584857,9.416188938896868,11800,21.0
296,1995-09-22,34.30792754569191,35.14470626631854,34.098732865535254,35.14470626631854,9.587385497349871,35500,20.875
297,1995-09-25,35.563095626631856,35.563095626631856,34.72631690600522,34.93551158616188,9.530317188603133,20200,20.75
298,1995-09-26,34.93551158616188,35.14470626631854,34.51712222584857,34.72631690600522,9.473257247643605,19800,20.75
299,1995-09-27,34.72631690600522,34.93551158616188,34.51712222584857,34.72631690600522,9.473257247643605,12000,20.875
300,1995-09-28,35.14470626631854,35.14470626631854,34.51712222584857,34.93551158616188,9.530317188603133,9500,20.75
301,1995-09-29,34.93551158616188,35.14470626631854,34.72631690600522,34.72631690600522,9.473257247643605,22600,20.75
302,1995-10-02,34.821863207547175,34.821863207547175,34.40483490566038,34.61334905660378,9.44243988509434,5300,20.75
303,1995-10-03,34.821863207547175,34.821863207547175,34.196320754716986,34.61334905660378,9.44243988509434,19300,20.5
304,1995-10-04,34.821863207547175,34.821863207547175,33.98780660377359,34.196320754716986,9.328669560000002,10700,20.0
305,1995-10-05,33.77929245283019,33.98780660377359,33.15375,33.3622641509434,9.101138918490566,12800,20.5
306,1995-10-06,33.15375,34.61334905660378,33.15375,34.196320754716986,9.328669560000002,17000,20.125
307,1995-10-09,34.61334905660378,34.61334905660378,33.3622641509434,33.57077830188679,9.158024915094341,14800,19.875
308,1995-10-10,34.196320754716986,34.196320754716986,33.15375,33.15375,9.044257926226416,18600,19.875
309,1995-10-11,32.94523584905661,33.77929245283019,32.94523584905661,33.15375,9.044257926226416,36200,20.0
310,1995-10-12,33.3622641509434,33.3622641509434,33.15375,33.3622641509434,9.101138918490566,18300,20.25
311,1995-10-13,33.77929245283019,33.98780660377359,33.3622641509434,33.77929245283019,9.21490590735849,24300,20.25
312,1995-10-16,33.57077830188679,33.77929245283019,33.3622641509434,33.77929245283019,9.21490590735849,4300,20.375
313,1995-10-17,33.77929245283019,33.98780660377359,33.57077830188679,33.98780660377359,9.271791903962267,7000,20.625
314,1995-10-18,33.77929245283019,34.40483490566038,33.77929245283019,34.40483490566038,9.385557224716983,7700,20.875
315,1995-10-19,34.821863207547175,34.821863207547175,34.196320754716986,34.821863207547175,9.49931420490566,7400,20.75
316,1995-10-20,34.821863207547175,34.821863207547175,34.40483490566038,34.61334905660378,9.44243988509434,18100,20.375
317,1995-10-23,34.40483490566038,34.61334905660378,33.98780660377359,33.98780660377359,9.271791903962267,12200,19.75
318,1995-10-24,33.77929245283019,33.98780660377359,32.94523584905661,32.94523584905661,8.987378602075474,23800,20.0
319,1995-10-25,33.3622641509434,33.77929245283019,33.15375,33.3622641509434,9.101138918490566,22700,19.75
320,1995-10-26,32.94523584905661,33.3622641509434,32.736721698113215,32.94523584905661,8.987378602075474,22400,19.625
321,1995-10-27,32.736721698113215,32.736721698113215,32.31969339622642,32.736721698113215,8.930490937358494,8800,20.125
322,1995-10-30,32.94523584905661,33.57077830188679,32.94523584905661,33.57077830188679,9.158024915094341,16500,20.125
323,1995-10-31,33.57077830188679,33.98780660377359,33.3622641509434,33.57077830188679,9.158024915094341,15200,20.625
324,1995-11-01,34.00993408203125,34.635883789062504,33.8012841796875,34.42723388671875,9.391667613535159,36400,20.375
325,1995-11-02,34.21858398437501,34.42723388671875,33.8012841796875,34.00993408203125,9.277828226816407,8600,20.0
326,1995-11-03,33.592634277343755,33.8012841796875,32.96668457031251,33.383984375000004,9.29641476011719,10800,20.25
327,1995-11-06,32.96668457031251,33.8012841796875,32.75803466796875,33.8012841796875,9.412621071328127,34700,20.125
328,1995-11-07,33.383984375000004,33.592634277343755,33.17533447265625,33.592634277343755,9.354519584921876,17600,20.625
329,1995-11-08,33.8012841796875,34.635883789062504,33.8012841796875,34.42723388671875,9.58693387654297,13200,20.25
330,1995-11-09,34.42723388671875,34.42723388671875,33.383984375000004,33.8012841796875,9.412621071328127,7400,19.875
331,1995-11-10,33.8012841796875,33.8012841796875,33.17533447265625,33.17533447265625,9.238313273710938,37500,19.75
332,1995-11-13,33.383984375000004,33.383984375000004,32.96668457031251,32.96668457031251,9.180213456503907,14000,19.25
333,1995-11-14,32.549384765625,32.549384765625,31.714785156250002,32.132084960937505,8.947797495683595,63700,19.25
334,1995-11-15,32.549384765625,32.75803466796875,31.92343505859375,32.132084960937505,8.947797495683595,23400,19.125
335,1995-11-16,32.549384765625,32.549384765625,31.92343505859375,31.92343505859375,8.889696009277346,5400,19.0
336,1995-11-17,31.92343505859375,31.92343505859375,31.506135253906255,31.714785156250002,8.831596192070313,13900,18.5
337,1995-11-20,31.714785156250002,31.92343505859375,30.0455859375,30.880185546875005,8.599186908046876,24600,18.625
338,1995-11-21,30.67153564453125,31.088835449218752,30.67153564453125,31.088835449218752,8.657286725253908,14000,19.125
339,1995-11-22,31.088835449218752,31.92343505859375,31.088835449218752,31.92343505859375,8.889696009277346,31600,19.25
340,1995-11-24,31.92343505859375,32.132084960937505,31.92343505859375,32.132084960937505,8.947797495683595,1200,19.25
341,1995-11-27,31.92343505859375,32.132084960937505,31.92343505859375,32.132084960937505,8.947797495683595,5800,19.25
342,1995-11-28,32.132084960937505,32.132084960937505,31.714785156250002,32.132084960937505,8.947797495683595,13700,19.125
343,1995-11-29,31.92343505859375,31.92343505859375,31.506135253906255,31.92343505859375,8.889696009277346,17900,19.125
344,1995-11-30,31.714785156250002,31.92343505859375,31.506135253906255,31.92343505859375,8.889696009277346,9800,19.125
345,1995-12-01,31.52666042345277,31.944232084690555,31.52666042345277,31.944232084690555,8.895487342182411,10300,19.5
346,1995-12-04,31.73544625407166,32.988161237785015,31.73544625407166,32.570589576547235,9.069915376514658,32700,19.625
347,1995-12-05,32.15301791530945,33.19694706840391,32.15301791530945,32.77937540716613,9.128049703192183,16800,20.0
348,1995-12-06,32.570589576547235,33.4057328990228,32.570589576547235,33.4057328990228,9.30247105637785,15100,19.5
349,1995-12-07,33.614518729641695,33.614518729641695,32.570589576547235,32.570589576547235,9.069915376514658,20500,19.5
350,1995-12-08,32.988161237785015,32.988161237785015,32.36180374592834,32.570589576547235,9.069915376514658,91000,19.375
351,1995-12-11,32.36180374592834,32.570589576547235,32.15301791530945,32.36180374592834,9.011774368690553,7600,19.125
352,1995-12-12,32.15301791530945,32.36180374592834,31.944232084690555,31.944232084690555,8.895487342182411,27500,19.125
353,1995-12-13,32.15301791530945,32.15301791530945,31.944232084690555,31.944232084690555,8.895487342182411,16600,19.0
354,1995-12-14,31.944232084690555,32.15301791530945,31.73544625407166,31.73544625407166,8.837349674931597,669100,19.0
355,1995-12-15,31.73544625407166,31.944232084690555,31.73544625407166,31.73544625407166,8.837349674931597,200800,19.0
356,1995-12-18,31.73544625407166,31.944232084690555,31.73544625407166,31.73544625407166,8.837349674931597,136200,19.125
357,1995-12-19,31.73544625407166,31.944232084690555,31.73544625407166,31.944232084690555,8.895487342182411,102500,19.25
358,1995-12-20,31.944232084690555,32.36180374592834,31.73544625407166,32.15301791530945,8.953626679719871,93900,19.375
359,1995-12-21,32.15301791530945,32.36180374592834,31.944232084690555,32.36180374592834,9.011774368690553,79100,19.5
360,1995-12-22,32.36180374592834,33.4057328990228,32.36180374592834,32.570589576547235,9.069915376514658,42900,19.75
361,1995-12-26,32.988161237785015,32.988161237785015,32.77937540716613,32.988161237785015,9.186194051589577,36500,19.75
362,1995-12-27,32.988161237785015,33.19694706840391,32.570589576547235,32.988161237785015,9.186194051589577,40500,19.375
363,1995-12-28,32.570589576547235,32.988161237785015,32.36180374592834,32.36180374592834,9.011774368690553,73400,19.375
364,1995-12-29,32.36180374592834,32.77937540716613,32.15301791530945,32.36180374592834,9.011774368690553,42700,19.625
365,1996-01-02,32.38073510362695,32.588303918393784,32.1731662888601,32.588303918393784,9.07484215958549,38800,19.375
366,1996-01-03,32.588303918393784,32.588303918393784,32.1731662888601,32.1731662888601,8.959244595816061,89500,19.5
367,1996-01-04,32.38073510362695,33.41857917746114,32.38073510362695,32.38073510362695,9.017046698801813,82600,19.75
368,1996-01-05,32.38073510362695,32.79587273316062,32.38073510362695,32.79587273316062,9.13264758367228,26200,19.75
369,1996-01-08,32.79587273316062,33.211010362694296,32.588303918393784,32.79587273316062,9.13264758367228,9800,19.75
370,1996-01-09,32.79587273316062,32.79587273316062,32.38073510362695,32.79587273316062,9.13264758367228,30500,19.75
371,1996-01-10,32.588303918393784,32.79587273316062,32.38073510362695,32.79587273316062,9.13264758367228,44700,20.0
372,1996-01-11,32.79587273316062,33.211010362694296,32.38073510362695,33.211010362694296,9.248246807992228,26600,20.0
373,1996-01-12,33.211010362694296,33.62614799222798,33.211010362694296,33.211010362694296,9.248246807992228,41000,19.875
374,1996-01-15,33.41857917746114,33.41857917746114,33.00344154792746,33.00344154792746,9.190446365556994,32200,20.125
375,1996-01-16,33.211010362694296,33.62614799222798,33.00344154792746,33.41857917746114,9.306050571528498,40400,20.5
376,1996-01-17,33.00344154792746,34.2488544365285,32.79587273316062,34.04128562176166,9.479455219935232,54000,20.375
377,1996-01-18,34.04128562176166,34.04128562176166,33.41857917746114,33.83371680699482,9.421658098601036,23600,20.375
378,1996-01-19,33.83371680699482,33.83371680699482,33.62614799222798,33.83371680699482,9.421658098601036,31000,20.375
379,1996-01-22,33.41857917746114,33.83371680699482,33.211010362694296,33.83371680699482,9.421658098601036,39200,20.25
380,1996-01-23,33.83371680699482,34.04128562176166,33.211010362694296,33.62614799222798,9.36385101396373,60200,20.25
381,1996-01-24,34.04128562176166,34.04128562176166,33.41857917746114,33.62614799222798,9.36385101396373,37200,20.375
382,1996-01-25,33.83371680699482,34.04128562176166,33.62614799222798,33.83371680699482,9.421658098601036,32900,20.375
383,1996-01-26,33.83371680699482,34.2488544365285,33.83371680699482,33.83371680699482,9.421658098601036,26600,20.375
384,1996-01-29,34.04128562176166,34.04128562176166,33.62614799222798,33.83371680699482,9.421658098601036,43500,20.75
385,1996-01-30,33.83371680699482,34.66399206606218,33.83371680699482,34.45642325129534,9.595062747007772,59900,20.875
386,1996-01-31,34.45642325129534,35.07912969559585,34.2488544365285,34.66399206606218,9.65285820779145,101900,20.75
387,1996-02-01,34.55210054874112,34.55210054874112,33.93140413169787,34.34520174306004,9.564090949890252,77800,20.625
388,1996-02-02,34.34520174306004,34.55210054874112,34.13830293737895,34.13830293737895,9.506475425674628,44300,20.375
389,1996-02-05,33.5176065203357,34.13830293737895,33.31070771465461,33.72450532601678,9.58646084876049,43000,20.75
390,1996-02-06,33.93140413169787,34.34520174306004,33.93140413169787,34.34520174306004,9.76290083986443,26500,20.625
391,1996-02-07,34.34520174306004,34.55210054874112,34.13830293737895,34.13830293737895,9.704086957766302,27500,20.625
392,1996-02-08,33.93140413169787,34.13830293737895,33.72450532601678,34.13830293737895,9.704086957766302,32700,20.5
393,1996-02-09,34.13830293737895,34.13830293737895,33.93140413169787,33.93140413169787,9.645269765287283,26600,20.5
394,1996-02-12,33.93140413169787,34.13830293737895,33.72450532601678,33.93140413169787,9.645269765287283,31700,20.5
395,1996-02-13,33.93140413169787,33.93140413169787,33.5176065203357,33.93140413169787,9.645269765287283,55400,20.375
396,1996-02-14,33.5176065203357,34.13830293737895,33.5176065203357,33.72450532601678,9.58646084876049,59100,20.5
397,1996-02-15,33.93140413169787,34.13830293737895,33.72450532601678,33.93140413169787,9.645269765287283,54500,20.625
398,1996-02-16,33.72450532601678,34.13830293737895,33.72450532601678,34.13830293737895,9.704086957766302,62300,20.625
399,1996-02-20,33.93140413169787,34.13830293737895,33.93140413169787,34.13830293737895,9.704086957766302,33300,20.625
400,1996-02-21,33.93140413169787,34.13830293737895,33.93140413169787,34.13830293737895,9.704086957766302,10700,20.75
401,1996-02-22,33.93140413169787,34.34520174306004,33.93140413169787,34.34520174306004,9.76290083986443,29600,20.625
402,1996-02-23,34.13830293737895,34.34520174306004,33.93140413169787,34.13830293737895,9.704086957766302,18400,20.5
403,1996-02-26,33.93140413169787,34.34520174306004,33.93140413169787,33.93140413169787,9.645269765287283,17100,20.5
404,1996-02-27,34.13830293737895,34.13830293737895,33.93140413169787,33.93140413169787,9.645269765287283,20700,20.625
405,1996-02-28,33.93140413169787,34.13830293737895,33.93140413169787,34.13830293737895,9.704086957766302,29600,20.625
406,1996-02-29,34.13830293737895,34.34520174306004,33.93140413169787,34.13830293737895,9.704086957766302,16500,20.625
407,1996-03-01,33.75706165703276,34.16873314065511,33.75706165703276,33.962897398843936,9.654226523815032,8400,20.625
408,1996-03-04,33.75706165703276,34.16873314065511,33.75706165703276,33.962897398843936,9.654226523815032,19400,20.75
409,1996-03-05,33.75706165703276,34.374568882466285,33.75706165703276,34.16873314065511,9.712738215125242,26400,20.75
410,1996-03-06,34.16873314065511,34.374568882466285,33.962897398843936,34.16873314065511,9.712738215125242,12600,20.625
411,1996-03-07,33.962897398843936,34.16873314065511,33.551225915221586,33.962897398843936,9.654226523815032,21900,20.125
412,1996-03-08,33.551225915221586,33.75706165703276,33.13955443159923,33.13955443159923,9.420179758574182,51700,20.25
413,1996-03-11,33.34539017341041,33.551225915221586,32.93371868978806,33.34539017341041,9.47868980319846,34600,20.25
414,1996-03-12,33.34539017341041,33.551225915221586,33.13955443159923,33.34539017341041,9.47868980319846,18200,20.125
415,1996-03-13,33.13955443159923,33.551225915221586,32.93371868978806,33.13955443159923,9.420179758574182,35100,20.25
416,1996-03-14,33.34539017341041,33.551225915221586,33.13955443159923,33.34539017341041,9.47868980319846,26800,20.25
417,1996-03-15,33.34539017341041,33.551225915221586,33.13955443159923,33.34539017341041,9.47868980319846,19900,20.5
418,1996-03-18,33.34539017341041,33.75706165703276,33.34539017341041,33.75706165703276,9.59571153913295,23100,20.625
419,1996-03-19,33.75706165703276,33.962897398843936,33.75706165703276,33.962897398843936,9.654226523815032,14200,20.375
420,1996-03-20,33.962897398843936,34.16873314065511,33.34539017341041,33.551225915221586,9.537204787880539,20200,20.5
421,1996-03-21,33.75706165703276,33.962897398843936,33.551225915221586,33.75706165703276,9.59571153913295,13200,20.625
422,1996-03-22,34.16873314065511,34.16873314065511,33.75706165703276,33.962897398843936,9.654226523815032,49400,20.75
423,1996-03-25,33.75706165703276,34.16873314065511,33.75706165703276,34.16873314065511,9.712738215125242,13300,20.75
424,1996-03-26,34.16873314065511,34.374568882466285,33.962897398843936,34.16873314065511,9.712738215125242,47200,20.75
425,1996-03-27,34.374568882466285,34.374568882466285,33.75706165703276,34.16873314065511,9.712738215125242,35100,20.625
426,1996-03-28,34.16873314065511,34.16873314065511,33.962897398843936,33.962897398843936,9.654226523815032,11200,20.875
427,1996-03-29,34.16873314065511,34.374568882466285,33.75706165703276,34.374568882466285,9.77124167300578,40600,20.75
428,1996-04-01,33.83252159309021,34.447658349328215,33.83252159309021,34.037567178502876,9.675453231573897,29400,20.625
429,1996-04-02,34.242612763915545,34.447658349328215,33.62747600767754,33.83252159309021,9.61716615328215,41600,20.375
430,1996-04-03,33.62747600767754,33.83252159309021,33.217384836852204,33.422430422264874,9.50059363706334,37300,20.375
431,1996-04-04,33.422430422264874,33.62747600767754,33.217384836852204,33.422430422264874,9.50059363706334,14900,20.125
432,1996-04-08,33.217384836852204,33.422430422264874,33.01233925143954,33.01233925143954,9.384017840115165,35600,20.25
433,1996-04-09,33.217384836852204,33.217384836852204,32.80729366602687,33.217384836852204,9.442303278042226,10500,20.25
434,1996-04-10,32.80729366602687,33.422430422264874,32.80729366602687,33.217384836852204,9.442303278042226,24500,20.375
435,1996-04-11,33.01233925143954,33.422430422264874,33.01233925143954,33.422430422264874,9.50059363706334,45800,20.375
436,1996-04-12,33.217384836852204,33.422430422264874,33.217384836852204,33.422430422264874,9.50059363706334,25100,20.75
437,1996-04-15,33.422430422264874,34.037567178502876,33.422430422264874,34.037567178502876,9.675453231573897,48100,20.625
438,1996-04-16,34.037567178502876,34.037567178502876,33.62747600767754,33.83252159309021,9.61716615328215,28600,20.625
439,1996-04-17,34.037567178502876,34.037567178502876,33.83252159309021,33.83252159309021,9.61716615328215,11300,20.875
440,1996-04-18,34.037567178502876,34.242612763915545,33.83252159309021,34.242612763915545,9.733732108042226,23900,20.75
441,1996-04-19,34.242612763915545,34.447658349328215,34.037567178502876,34.037567178502876,9.675453231573897,10700,21.0
442,1996-04-22,34.447658349328215,34.447658349328215,34.242612763915545,34.447658349328215,9.792019186333974,12900,20.875
443,1996-04-23,34.447658349328215,34.447658349328215,33.83252159309021,34.242612763915545,9.733732108042226,13900,20.625
444,1996-04-24,33.83252159309021,34.037567178502876,33.83252159309021,33.83252159309021,9.61716615328215,14700,20.75
445,1996-04-25,34.037567178502876,34.242612763915545,33.62747600767754,34.037567178502876,9.675453231573897,15300,20.625
446,1996-04-26,33.62747600767754,33.83252159309021,33.422430422264874,33.83252159309021,9.61716615328215,12500,20.875
447,1996-04-29,34.037567178502876,34.242612763915545,33.83252159309021,34.242612763915545,9.733732108042226,9500,21.0
448,1996-04-30,34.242612763915545,34.447658349328215,34.037567178502876,34.447658349328215,9.792019186333974,34700,20.75
449,1996-05-01,34.38166666666667,34.38166666666667,33.97236111111112,33.97236111111112,9.656917880555557,25300,20.875
450,1996-05-02,34.177013888888894,34.177013888888894,33.97236111111112,34.177013888888894,9.715085111666667,9000,20.625
451,1996-05-03,32.74444444444445,33.97236111111112,32.74444444444445,33.76770833333333,9.598742463333336,60500,20.375
452,1996-05-06,32.94909722222222,33.358402777777776,32.94909722222222,33.358402777777776,9.68189534277778,12800,20.25
453,1996-05-07,33.358402777777776,33.358402777777776,32.74444444444445,33.15375,9.622495283333336,16600,20.25
454,1996-05-08,33.15375,33.358402777777776,32.94909722222222,33.15375,9.622495283333336,20800,20.125
455,1996-05-09,32.94909722222222,33.358402777777776,32.94909722222222,32.94909722222222,9.563098498333334,42900,20.375
456,1996-05-10,33.358402777777776,33.358402777777776,32.94909722222222,33.358402777777776,9.68189534277778,63800,20.5
457,1996-05-13,33.15375,33.56305555555556,32.94909722222222,33.56305555555556,9.741293765000002,84600,20.5
458,1996-05-14,33.358402777777776,33.56305555555556,33.15375,33.56305555555556,9.741293765000002,21700,20.5
459,1996-05-15,33.56305555555556,33.56305555555556,33.358402777777776,33.56305555555556,9.741293765000002,32900,20.25
460,1996-05-16,33.76770833333333,33.76770833333333,33.15375,33.15375,9.622495283333336,39800,20.5
461,1996-05-17,33.358402777777776,33.76770833333333,33.358402777777776,33.56305555555556,9.741293765000002,27700,20.25
462,1996-05-20,33.56305555555556,33.56305555555556,33.15375,33.15375,9.622495283333336,49100,20.375
463,1996-05-21,33.358402777777776,33.56305555555556,33.15375,33.358402777777776,9.68189534277778,31800,20.375
464,1996-05-22,33.56305555555556,33.56305555555556,33.15375,33.358402777777776,9.68189534277778,13300,20.375
465,1996-05-23,33.358402777777776,33.56305555555556,33.15375,33.358402777777776,9.68189534277778,21200,20.625
466,1996-05-24,33.358402777777776,33.76770833333333,33.15375,33.76770833333333,9.800693824444444,16700,20.375
467,1996-05-28,33.76770833333333,33.76770833333333,33.358402777777776,33.358402777777776,9.68189534277778,6900,20.5
468,1996-05-29,33.56305555555556,33.97236111111112,33.358402777777776,33.56305555555556,9.741293765000002,47600,20.125
469,1996-05-30,33.358402777777776,33.358402777777776,32.74444444444445,32.94909722222222,9.563098498333334,70400,20.0
470,1996-05-31,32.94909722222222,32.94909722222222,32.33513888888889,32.74444444444445,9.50370007611111,39500,20.0
471,1996-06-03,32.72354818123804,32.72354818123804,32.31450382897256,32.72354818123804,9.497635174977665,10000,19.875
472,1996-06-04,32.72354818123804,32.72354818123804,32.5190260051053,32.5190260051053,9.438279567109127,13200,20.0
473,1996-06-05,32.72354818123804,32.92807035737078,32.5190260051053,32.72354818123804,9.497635174977665,30900,20.0
474,1996-06-06,32.72354818123804,32.72354818123804,32.31450382897256,32.72354818123804,9.497635174977665,52200,20.0
475,1996-06-07,32.5190260051053,32.72354818123804,32.31450382897256,32.72354818123804,9.497635174977665,8900,20.0
476,1996-06-10,32.72354818123804,32.72354818123804,32.5190260051053,32.72354818123804,9.497635174977665,36600,20.0
477,1996-06-11,32.72354818123804,32.72354818123804,32.5190260051053,32.72354818123804,9.497635174977665,54400,19.75
478,1996-06-12,32.5190260051053,32.72354818123804,32.31450382897256,32.31450382897256,9.378919050708362,30000,19.625
479,1996-06-13,32.5190260051053,32.5190260051053,32.10998165283983,32.10998165283983,9.319551989597961,29500,19.5
480,1996-06-14,32.31450382897256,32.31450382897256,31.905459476707087,31.905459476707087,9.260198017906829,16100,19.75
481,1996-06-17,32.10998165283983,32.31450382897256,32.10998165283983,32.31450382897256,9.378919050708362,32300,19.25
482,1996-06-18,32.10998165283983,32.10998165283983,30.8828485960434,31.49641512444161,9.141468804218253,61800,19.0
483,1996-06-19,31.087370772176136,31.70093730057435,31.087370772176136,31.087370772176136,9.022754316126356,76100,18.625
484,1996-06-20,31.291892948308874,31.291892948308874,30.473804243777924,30.473804243777924,8.84467440310147,92100,18.875
485,1996-06-21,30.67832641991066,30.8828485960434,30.473804243777924,30.8828485960434,8.963390527370773,105500,18.75
486,1996-06-24,30.67832641991066,30.67832641991066,30.06475989151245,30.67832641991066,8.904033283324827,91500,18.75
487,1996-06-25,30.67832641991066,30.67832641991066,30.269282067645186,30.67832641991066,8.904033283324827,110700,18.5
488,1996-06-26,30.67832641991066,30.67832641991066,30.06475989151245,30.269282067645186,8.785313886700703,183300,18.625
489,1996-06-27,30.473804243777924,30.473804243777924,30.269282067645186,30.473804243777924,8.84467440310147,67300,18.75
490,1996-06-28,30.473804243777924,30.67832641991066,30.269282067645186,30.67832641991066,8.904033283324827,108100,19.375
491,1996-07-01,30.823836783439493,31.6403622611465,30.823836783439493,31.6403622611465,9.183253017248408,45800,19.25
492,1996-07-02,31.436230891719745,31.436230891719745,31.232099522292994,31.436230891719745,9.12400102943312,34800,19.375
493,1996-07-03,31.436230891719745,31.6403622611465,31.232099522292994,31.6403622611465,9.183253017248408,36100,19.25
494,1996-07-05,31.6403622611465,31.6403622611465,31.027968152866244,31.436230891719745,9.12400102943312,14600,19.125
495,1996-07-08,31.436230891719745,31.436230891719745,30.823836783439493,31.232099522292994,9.064762106025478,24000,19.0
496,1996-07-09,31.027968152866244,31.232099522292994,30.823836783439493,31.027968152866244,9.005513384312101,50200,18.875
497,1996-07-10,31.027968152866244,31.232099522292994,30.823836783439493,30.823836783439493,8.94626302954777,40200,18.875
498,1996-07-11,31.027968152866244,31.027968152866244,30.619705414012742,30.823836783439493,8.94626302954777,63400,18.875
499,1996-07-12,30.823836783439493,30.823836783439493,30.619705414012742,30.823836783439493,8.94626302954777,40700,18.625
500,1996-07-15,30.619705414012742,30.619705414012742,30.211442675159237,30.415574044585988,8.827773751375796,64500,18.625
501,1996-07-16,30.415574044585988,30.619705414012742,30.007311305732486,30.415574044585988,8.827773751375796,37900,18.875
502,1996-07-17,30.415574044585988,30.823836783439493,30.211442675159237,30.823836783439493,8.94626302954777,103000,19.0
503,1996-07-18,30.823836783439493,31.027968152866244,30.619705414012742,31.027968152866244,9.005513384312101,31800,19.0
504,1996-07-19,31.027968152866244,31.027968152866244,30.823836783439493,31.027968152866244,9.005513384312101,62000,19.0
505,1996-07-22,31.027968152866244,31.027968152866244,30.823836783439493,31.027968152866244,9.005513384312101,20200,19.125
506,1996-07-23,31.027968152866244,31.232099522292994,30.823836783439493,31.232099522292994,9.064762106025478,20700,18.875
507,1996-07-24,31.232099522292994,31.232099522292994,30.823836783439493,30.823836783439493,8.94626302954777,28900,19.0
508,1996-07-25,30.823836783439493,31.232099522292994,30.823836783439493,31.027968152866244,9.005513384312101,19400,19.25
509,1996-07-26,31.232099522292994,31.436230891719745,31.232099522292994,31.436230891719745,9.12400102943312,31900,19.5
510,1996-07-29,31.436230891719745,31.84449363057325,31.232099522292994,31.84449363057325,9.24250337201274,39000,19.75
511,1996-07-30,31.84449363057325,32.4568877388535,31.84449363057325,32.252756369426756,9.360997549337581,27500,19.875
512,1996-07-31,32.4568877388535,32.4568877388535,32.252756369426756,32.4568877388535,9.420244638000002,18800,19.875
513,1996-08-01,32.394986490781946,32.394986490781946,32.191244437380796,32.394986490781946,9.402278500737445,29300,20.25
514,1996-08-02,32.394986490781946,33.006212650985375,32.394986490781946,33.006212650985375,9.579674261729181,37700,19.75
515,1996-08-05,31.987502383979656,32.191244437380796,31.987502383979656,32.191244437380796,9.543437515079466,463100,19.75
516,1996-08-06,31.987502383979656,32.59872854418309,31.78376033057851,32.191244437380796,9.543437515079466,56900,20.0
517,1996-08-07,32.394986490781946,32.59872854418309,32.191244437380796,32.59872854418309,9.664238623445645,28800,20.0
518,1996-08-08,32.394986490781946,32.59872854418309,32.394986490781946,32.59872854418309,9.664238623445645,35200,19.875
519,1996-08-09,32.59872854418309,32.59872854418309,32.394986490781946,32.394986490781946,9.603838069262556,10700,20.0
520,1996-08-12,32.59872854418309,32.59872854418309,32.191244437380796,32.59872854418309,9.664238623445645,35000,20.125
521,1996-08-13,32.59872854418309,33.006212650985375,32.394986490781946,32.80247059758423,9.724637547692309,42300,20.125
522,1996-08-14,32.59872854418309,32.80247059758423,32.59872854418309,32.80247059758423,9.724637547692309,18800,20.25
523,1996-08-15,32.80247059758423,33.41369675778767,32.59872854418309,33.006212650985375,9.785039731811825,51800,20.375
524,1996-08-16,33.20995470438652,33.41369675778767,33.006212650985375,33.20995470438652,9.845445175804196,10200,20.75
525,1996-08-19,33.20995470438652,33.82118086458995,33.20995470438652,33.82118086458995,10.026648468289892,43500,20.5
526,1996-08-20,33.61743881118881,33.82118086458995,33.20995470438652,33.41369675778767,9.905844100050857,23000,20.5
527,1996-08-21,33.41369675778767,33.41369675778767,33.006212650985375,33.41369675778767,9.905844100050857,16300,20.625
528,1996-08-22,33.20995470438652,33.61743881118881,33.20995470438652,33.61743881118881,9.966246284170374,31100,20.5
529,1996-08-23,33.61743881118881,33.82118086458995,33.41369675778767,33.41369675778767,9.905844100050857,27800,20.75
530,1996-08-26,33.61743881118881,33.82118086458995,33.41369675778767,33.82118086458995,10.026648468289892,39400,21.25
531,1996-08-27,33.61743881118881,34.83989113159567,33.61743881118881,34.636149078194535,10.268255574831532,64900,20.875
532,1996-08-28,34.83989113159567,34.83989113159567,33.82118086458995,34.0249229179911,10.087047392536554,33100,20.75
533,1996-08-29,33.82118086458995,34.0249229179911,33.61743881118881,33.82118086458995,10.026648468289892,15700,20.5
534,1996-08-30,33.82118086458995,33.82118086458995,33.41369675778767,33.41369675778767,9.905844100050857,29500,20.375
535,1996-09-03,33.30782319391635,33.30782319391635,32.90163022813688,33.104726711026615,9.814249215171102,32100,20.5
536,1996-09-04,33.104726711026615,33.30782319391635,32.90163022813688,33.30782319391635,9.874456761330798,33200,20.5
537,1996-09-05,33.104726711026615,33.30782319391635,33.104726711026615,33.30782319391635,9.874456761330798,11200,20.5
538,1996-09-06,33.51091967680608,33.91711264258555,33.30782319391635,33.30782319391635,9.874456761330798,35800,21.0
539,1996-09-09,33.30782319391635,34.120209125475284,33.30782319391635,34.120209125475284,10.11529669460076,71400,20.875
540,1996-09-10,34.120209125475284,34.120209125475284,33.71401615969582,33.91711264258555,10.055085898897339,38900,21.0
541,1996-09-11,34.120209125475284,34.120209125475284,33.71401615969582,34.120209125475284,10.11529669460076,57000,21.0
542,1996-09-12,34.120209125475284,34.120209125475284,33.91711264258555,34.120209125475284,10.11529669460076,22800,21.0
543,1996-09-13,34.120209125475284,34.32330560836502,33.91711264258555,34.120209125475284,10.11529669460076,45500,21.125
544,1996-09-16,34.32330560836502,34.52640209125475,34.120209125475284,34.32330560836502,10.175505865532319,26100,21.875
545,1996-09-17,34.120209125475284,35.744980988593156,34.120209125475284,35.54188450570342,10.536769014980989,117100,21.5
546,1996-09-18,35.54188450570342,35.54188450570342,34.93259505703422,34.93259505703422,10.356136627870722,93900,21.25
547,1996-09-19,34.72949857414448,34.72949857414448,34.32330560836502,34.52640209125475,10.235719910779466,25100,21.375
548,1996-09-20,34.52640209125475,34.72949857414448,34.32330560836502,34.72949857414448,10.295929081711025,26200,21.125
549,1996-09-23,34.72949857414448,34.93259505703422,34.120209125475284,34.32330560836502,10.175505865532319,19700,21.375
550,1996-09-24,34.52640209125475,34.93259505703422,34.52640209125475,34.72949857414448,10.295929081711025,22400,21.125
551,1996-09-25,34.72949857414448,34.72949857414448,34.120209125475284,34.32330560836502,10.175505865532319,28100,21.0
552,1996-09-26,34.120209125475284,34.32330560836502,33.71401615969582,34.120209125475284,10.11529669460076,39400,21.125
553,1996-09-27,34.120209125475284,34.32330560836502,34.120209125475284,34.32330560836502,10.175505865532319,10400,21.0
554,1996-09-30,34.32330560836502,34.52640209125475,33.91711264258555,34.120209125475284,10.11529669460076,34100,21.25
555,1996-10-01,34.214893398610236,34.619803379658876,34.214893398610236,34.41734838913455,10.203389778401768,38700,21.375
556,1996-10-02,34.619803379658876,34.82225837018319,34.41734838913455,34.619803379658876,10.263408775072646,23800,21.25
557,1996-10-03,34.41734838913455,34.619803379658876,34.214893398610236,34.41734838913455,10.203389778401768,16900,21.5
558,1996-10-04,34.41734838913455,34.82225837018319,34.214893398610236,34.82225837018319,10.323426152103599,24300,21.5
559,1996-10-07,34.619803379658876,34.82225837018319,34.619803379658876,34.82225837018319,10.323426152103599,12700,21.5
560,1996-10-08,34.619803379658876,34.82225837018319,34.41734838913455,34.82225837018319,10.323426152103599,19700,21.375
561,1996-10-09,34.82225837018319,34.82225837018319,34.619803379658876,34.619803379658876,10.263408775072646,12300,21.375
562,1996-10-10,34.619803379658876,34.619803379658876,34.214893398610236,34.619803379658876,10.263408775072646,16500,21.375
563,1996-10-11,34.41734838913455,34.619803379658876,34.41734838913455,34.619803379658876,10.263408775072646,17200,21.375
564,1996-10-14,34.619803379658876,34.82225837018319,34.41734838913455,34.619803379658876,10.263408775072646,54200,21.25
565,1996-10-15,34.619803379658876,34.82225837018319,34.41734838913455,34.41734838913455,10.203389778401768,11600,21.625
566,1996-10-16,34.41734838913455,35.22716835123183,34.41734838913455,35.024713360707516,10.383448388054328,60000,22.25
567,1996-10-17,35.22716835123183,36.44189829437776,35.22716835123183,36.03698831332912,10.683546610688564,101800,22.5
568,1996-10-18,36.23944330385344,36.846808275426405,36.23944330385344,36.44189829437776,10.80359108259002,66500,22.75
569,1996-10-21,36.44189829437776,37.04926326595073,36.44189829437776,36.846808275426405,10.923625836651928,54300,22.25
570,1996-10-22,37.04926326595073,37.04926326595073,36.03698831332912,36.03698831332912,10.683546610688564,38200,22.375
571,1996-10-23,36.03698831332912,36.23944330385344,35.8345333228048,36.23944330385344,10.743565607359443,81300,22.375
572,1996-10-24,36.03698831332912,36.23944330385344,35.8345333228048,36.23944330385344,10.743565607359443,23400,22.875
573,1996-10-25,36.03698831332912,37.04926326595073,36.03698831332912,37.04926326595073,10.983639974403031,65300,23.0
574,1996-10-28,37.251718256475044,37.45417324699937,37.04926326595073,37.251718256475044,11.043667069273532,48100,23.625
575,1996-10-29,37.251718256475044,38.263993209096654,37.251718256475044,38.263993209096654,11.343770150827542,86700,23.125
576,1996-10-30,38.46644819962097,38.46644819962097,37.45417324699937,37.45417324699937,11.103692544504106,53400,23.25
577,1996-10-31,37.251718256475044,37.85908322804801,37.251718256475044,37.656628237523684,11.16370992153506,89300,23.375
578,1996-11-01,37.98954287515763,37.98954287515763,37.58539880201766,37.787470838587645,11.20250027831652,83100,23.625
579,1996-11-04,37.98954287515763,38.19161491172762,37.787470838587645,38.19161491172762,11.322312830239596,58600,23.25
580,1996-11-05,37.58539880201766,37.787470838587645,37.18125472887768,37.58539880201766,11.344262703139973,86300,23.625
581,1996-11-06,37.58539880201766,38.393686948297606,37.38332676544767,38.19161491172762,11.52724297369483,73300,23.75
582,1996-11-07,38.19161491172762,38.393686948297606,37.98954287515763,38.393686948297606,11.588228314331653,72600,23.75
583,1996-11-08,38.393686948297606,38.79783102143758,37.98954287515763,38.393686948297606,11.588228314331653,46900,23.375
584,1996-11-11,38.19161491172762,38.393686948297606,37.58539880201766,37.787470838587645,11.405257743234552,21700,22.75
585,1996-11-12,37.98954287515763,37.98954287515763,36.7771106557377,36.7771106557377,11.100303558253467,32500,23.0
586,1996-11-13,37.18125472887768,37.58539880201766,36.979182692307695,37.18125472887768,11.22228393898487,39700,23.375
587,1996-11-14,37.18125472887768,37.98954287515763,36.979182692307695,37.787470838587645,11.405257743234552,41600,23.5
588,1996-11-15,38.79783102143758,38.79783102143758,37.98954287515763,37.98954287515763,11.466249550176544,68100,23.75
589,1996-11-18,38.393686948297606,38.393686948297606,37.98954287515763,38.393686948297606,11.588228314331653,49200,24.5
590,1996-11-19,38.99990305800757,40.41440731399748,38.99990305800757,39.60611916771753,11.954171073102145,159300,25.0
591,1996-11-20,39.80819120428752,40.61647935056747,39.60611916771753,40.41440731399748,12.198133451141237,97100,24.625
592,1996-11-21,40.41440731399748,40.61647935056747,39.80819120428752,39.80819120428752,12.015164496620429,48300,24.875
593,1996-11-22,39.80819120428752,40.21233527742749,39.60611916771753,40.21233527742749,12.13714002762295,66600,25.125
594,1996-11-25,40.01026324085751,40.61647935056747,40.01026324085751,40.61647935056747,12.259128491235813,68700,25.125
595,1996-11-26,40.61647935056747,40.818551387137454,40.41440731399748,40.61647935056747,12.259128491235813,82600,25.0
596,1996-11-27,40.61647935056747,40.818551387137454,40.21233527742749,40.41440731399748,12.198133451141237,35300,24.75
597,1996-11-29,40.21233527742749,40.41440731399748,40.01026324085751,40.01026324085751,12.076157920138716,9800,24.75
598,1996-12-02,40.41440731399748,40.41440731399748,39.80819120428752,40.01026324085751,12.076157920138716,29600,24.75
599,1996-12-03,40.01026324085751,40.21233527742749,39.60611916771753,40.01026324085751,12.076157920138716,60200,25.0
600,1996-12-04,40.21233527742749,40.41440731399748,40.01026324085751,40.41440731399748,12.198133451141237,34000,24.875
601,1996-12-05,40.21233527742749,40.41440731399748,40.01026324085751,40.21233527742749,12.13714002762295,40200,24.875
602,1996-12-06,39.80819120428752,40.21233527742749,39.80819120428752,40.21233527742749,12.13714002762295,29800,25.125
603,1996-12-09,40.21233527742749,40.818551387137454,40.21233527742749,40.61647935056747,12.259128491235813,36800,25.125
604,1996-12-10,40.61647935056747,41.02062342370745,40.41440731399748,40.61647935056747,12.259128491235813,42800,24.875
605,1996-12-11,40.41440731399748,40.818551387137454,40.01026324085751,40.21233527742749,12.13714002762295,16200,24.875
606,1996-12-12,39.80819120428752,40.41440731399748,39.80819120428752,40.21233527742749,12.13714002762295,18900,24.75
607,1996-12-13,40.21233527742749,40.21233527742749,39.80819120428752,40.01026324085751,12.076157920138716,13300,25.125
608,1996-12-16,40.01026324085751,40.61647935056747,40.01026324085751,40.61647935056747,12.259128491235813,68300,25.0
609,1996-12-17,40.41440731399748,40.61647935056747,40.41440731399748,40.41440731399748,12.198133451141237,22900,24.875
610,1996-12-18,40.41440731399748,40.61647935056747,40.21233527742749,40.21233527742749,12.13714002762295,30300,26.0
611,1996-12-19,40.21233527742749,42.23305564312737,40.21233527742749,42.030983606557385,12.686059823795715,60700,26.0
612,1996-12-20,42.030983606557385,42.23305564312737,41.82891156998739,42.030983606557385,12.686059823795715,86900,26.375
613,1996-12-23,42.030983606557385,42.63719971626734,41.82891156998739,42.63719971626734,12.869035244621692,93800,26.25
614,1996-12-24,42.23305564312737,42.83927175283733,42.23305564312737,42.43512767969735,12.80803858795082,28100,26.625
615,1996-12-26,42.63719971626734,43.04134378940732,42.23305564312737,43.04134378940732,12.991014008776796,24200,27.25
616,1996-12-27,43.647559899117276,44.05170397225726,43.44548786254729,44.05170397225726,13.295974660063052,46700,27.875
617,1996-12-30,43.84963193568726,45.26413619167718,43.84963193568726,45.062064155107194,13.600919145586381,103700,28.25
618,1996-12-31,45.26413619167718,45.870352301387136,44.65792008196721,45.66828026481715,13.78389456641236,70200,26.75
619,1997-01-02,45.12188560653677,45.12188560653677,42.70464173475801,43.10751571338781,13.010982735424262,82900,26.125
620,1997-01-03,43.308952702702705,43.308952702702705,41.89889377749844,42.10033076681333,12.706988534613451,98300,26.0
621,1997-01-06,42.10033076681333,42.10033076681333,41.294582809553745,41.89889377749844,12.646191628246386,118300,26.0
622,1997-01-07,41.69745678818353,42.30176775612822,41.69745678818353,41.89889377749844,12.646191628246386,77000,25.875
623,1997-01-08,41.89889377749844,42.10033076681333,41.69745678818353,41.69745678818353,12.585399556367065,36300,26.0
624,1997-01-09,41.49601979886864,41.89889377749844,41.294582809553745,41.89889377749844,12.646191628246386,28900,25.875
625,1997-01-10,41.49601979886864,41.89889377749844,41.093145820238846,41.69745678818353,12.585399556367065,139300,25.875
626,1997-01-13,41.69745678818353,42.10033076681333,41.69745678818353,41.69745678818353,12.585399556367065,50800,26.5
627,1997-01-14,42.10033076681333,42.70464173475801,42.10033076681333,42.70464173475801,12.889388922690133,83700,26.75
628,1997-01-15,42.50320474544312,43.10751571338781,42.50320474544312,43.10751571338781,13.010982735424262,105800,26.875
629,1997-01-16,43.308952702702705,43.510389692017604,42.90607872407291,43.308952702702705,13.071784476279069,31900,27.0
630,1997-01-17,43.308952702702705,43.510389692017604,43.10751571338781,43.510389692017604,13.132584605637966,36200,27.125
631,1997-01-20,43.510389692017604,43.7118266813325,43.308952702702705,43.7118266813325,13.193387957988689,49100,27.125
632,1997-01-21,43.7118266813325,43.7118266813325,43.308952702702705,43.7118266813325,13.193387957988689,30800,27.0
633,1997-01-22,43.510389692017604,43.7118266813325,43.308952702702705,43.510389692017604,13.132584605637966,83900,26.75
634,1997-01-23,43.7118266813325,43.913263670647396,43.10751571338781,43.10751571338781,13.010982735424262,30500,26.625
635,1997-01-24,43.510389692017604,43.913263670647396,42.70464173475801,42.90607872407291,12.950187440553112,58300,26.75
636,1997-01-27,42.90607872407291,43.10751571338781,42.70464173475801,43.10751571338781,13.010982735424262,40600,26.625
637,1997-01-28,43.10751571338781,43.510389692017604,42.90607872407291,42.90607872407291,12.950187440553112,47000,26.625
638,1997-01-29,42.90607872407291,43.308952702702705,42.90607872407291,42.90607872407291,12.950187440553112,37400,26.5
639,1997-01-30,42.90607872407291,43.308952702702705,42.70464173475801,42.70464173475801,12.889388922690133,28200,26.875
640,1997-01-31,43.308952702702705,43.308952702702705,42.90607872407291,43.308952702702705,13.071784476279069,35000,27.25
641,1997-02-03,43.17327302631579,43.775690789473686,42.972467105263156,43.775690789473686,13.212666548157896,59400,27.25
642,1997-02-04,43.57488486842105,43.775690789473686,43.57488486842105,43.775690789473686,13.212666548157896,47000,26.75
643,1997-02-05,43.374078947368425,43.374078947368425,42.77166118421053,42.972467105263156,13.194402848026316,30300,26.625
644,1997-02-06,42.77166118421053,42.972467105263156,42.77166118421053,42.77166118421053,13.132755430263158,683500,26.625
645,1997-02-07,42.77166118421053,42.972467105263156,42.570855263157895,42.77166118421053,13.132755430263158,165000,26.5
646,1997-02-10,42.570855263157895,42.77166118421053,42.169243421052634,42.570855263157895,13.071091948026316,158800,26.375
647,1997-02-11,42.169243421052634,42.37004934210526,41.9684375,42.37004934210526,13.00944131736842,135800,26.625
648,1997-02-12,42.570855263157895,43.17327302631579,42.37004934210526,42.77166118421053,13.132755430263158,121100,26.75
649,1997-02-13,42.972467105263156,43.07287006578948,42.570855263157895,42.972467105263156,13.194402848026316,57500,26.625
650,1997-02-14,42.972467105263156,43.17327302631579,42.77166118421053,42.77166118421053,13.132755430263158,34900,26.375
651,1997-02-18,43.17327302631579,43.17327302631579,42.37004934210526,42.37004934210526,13.00944131736842,118700,26.375
652,1997-02-19,42.37004934210526,42.570855263157895,41.76763157894737,42.37004934210526,13.00944131736842,66700,26.0
653,1997-02-20,42.169243421052634,42.169243421052634,41.76763157894737,41.76763157894737,12.824470148026316,233100,27.75
654,1997-02-21,41.76763157894737,45.382138157894744,41.56682565789474,44.578914473684215,13.687660906052631,1382300,27.75
655,1997-02-24,44.578914473684215,44.77972039473685,44.177302631578954,44.578914473684215,13.687660906052631,248100,28.0
656,1997-02-25,44.98052631578948,45.382138157894744,44.578914473684215,44.98052631578948,13.810976625394739,198800,28.5
657,1997-02-26,45.58294407894737,45.783750000000005,45.382138157894744,45.783750000000005,14.057593606052631,187100,29.5
658,1997-02-27,45.783750000000005,48.99664473684211,45.783750000000005,47.390197368421056,14.550842025394736,656000,29.0
659,1997-02-28,47.59100328947369,47.59100328947369,46.3861677631579,46.586973684210534,14.304221831842108,237900,28.625
660,1997-03-03,46.47050625,46.47050625,45.46898671875,45.86959453125,14.083946126118752,72300,28.25
661,1997-03-04,45.669290625,45.669290625,45.068378906250004,45.2686828125,13.899442191993751,100900,28.25
662,1997-03-05,45.2686828125,45.669290625,45.068378906250004,45.2686828125,13.899442191993751,56200,28.375
663,1997-03-06,45.2686828125,45.86959453125,45.2686828125,45.46898671875,13.960946708231251,79600,28.625
664,1997-03-07,45.2686828125,45.86959453125,45.2686828125,45.86959453125,14.083946126118752,32900,29.0
665,1997-03-10,45.86959453125,46.670810156250006,45.669290625,46.47050625,14.268461277262501,83900,29.0
666,1997-03-11,46.47050625,46.670810156250006,46.27020234375001,46.47050625,14.268461277262501,37000,29.125
667,1997-03-12,46.47050625,46.670810156250006,46.27020234375001,46.670810156250006,14.329962588637501,63200,29.125
668,1997-03-13,46.47050625,46.670810156250006,46.47050625,46.670810156250006,14.329962588637501,28100,29.125
669,1997-03-14,46.47050625,46.8711140625,46.47050625,46.670810156250006,14.329962588637501,88000,29.375
670,1997-03-17,46.47050625,47.271721875000004,45.86959453125,47.071417968750005,14.452962006525002,79300,29.25
671,1997-03-18,46.8711140625,47.271721875000004,46.670810156250006,46.8711140625,14.39146550244375,64600,29.0
672,1997-03-19,46.8711140625,46.8711140625,46.27020234375001,46.47050625,14.268461277262501,51500,28.75
673,1997-03-20,46.47050625,46.670810156250006,45.669290625,46.0698984375,14.1454586545125,70600,28.75
674,1997-03-21,46.0698984375,46.670810156250006,45.86959453125,46.0698984375,14.1454586545125,84300,28.875
675,1997-03-24,46.27020234375001,46.27020234375001,45.86959453125,46.27020234375001,14.206956761025001,34300,29.25
676,1997-03-25,46.0698984375,47.071417968750005,45.86959453125,46.8711140625,14.39146550244375,92300,29.375
677,1997-03-26,46.8711140625,47.271721875000004,46.670810156250006,47.071417968750005,14.452962006525002,108000,29.375
678,1997-03-27,47.071417968750005,47.271721875000004,46.670810156250006,47.071417968750005,14.452962006525002,56900,29.125
679,1997-03-31,46.8711140625,46.8711140625,46.47050625,46.670810156250006,14.329962588637501,171600,28.625
680,1997-04-01,46.41249063670413,46.61254447565543,45.21216760299626,45.8123291198502,14.06636317215356,139500,28.25
681,1997-04-02,45.612275280898885,45.8123291198502,45.01211376404495,45.21216760299626,13.882089580018729,47100,27.875
682,1997-04-03,44.812059925093635,44.812059925093635,44.41195224719102,44.61200608614232,13.697812787022473,121400,27.625
683,1997-04-04,44.211898408239705,44.41195224719102,43.61173689138577,44.211898408239705,13.57496212516854,86100,27.75
684,1997-04-07,44.211898408239705,44.61200608614232,43.61173689138577,44.41195224719102,13.63639625846442,65400,28.375
685,1997-04-08,44.41195224719102,45.41222144194757,44.41195224719102,45.41222144194757,13.943517311591762,55400,28.75
686,1997-04-09,45.01211376404495,46.0123829588015,45.01211376404495,46.0123829588015,14.127798905880152,138600,29.0
687,1997-04-10,45.8123291198502,47.01265215355806,45.612275280898885,46.41249063670413,14.250647967303374,60400,29.0
688,1997-04-11,46.212436797752815,46.812598314606745,46.0123829588015,46.41249063670413,14.250647967303374,138700,29.25
689,1997-04-14,46.212436797752815,46.812598314606745,46.0123829588015,46.812598314606745,14.373498629157305,103900,29.125
690,1997-04-15,47.01265215355806,47.01265215355806,46.61254447565543,46.61254447565543,14.312072498014984,33100,29.375
691,1997-04-16,47.01265215355806,47.21270599250936,46.61254447565543,47.01265215355806,14.434918358576782,82500,29.375
692,1997-04-17,47.412759831460676,47.61281367041199,47.01265215355806,47.01265215355806,14.434918358576782,38000,29.25
693,1997-04-18,47.01265215355806,47.01265215355806,46.41249063670413,46.812598314606745,14.373498629157305,66500,28.75
694,1997-04-21,46.61254447565543,46.812598314606745,45.8123291198502,46.0123829588015,14.127798905880152,103000,28.0
695,1997-04-22,45.8123291198502,46.0123829588015,44.61200608614232,44.812059925093635,13.759250121179777,105600,27.25
696,1997-04-23,44.41195224719102,44.61200608614232,41.611198501872664,43.61173689138577,13.390693334325844,282700,27.75
697,1997-04-24,43.61173689138577,44.812059925093635,43.41168305243446,44.41195224719102,13.63639625846442,281000,27.875
698,1997-04-25,44.41195224719102,44.812059925093635,44.01184456928839,44.61200608614232,13.697812787022473,48100,28.0
699,1997-04-28,44.41195224719102,45.01211376404495,44.211898408239705,44.812059925093635,13.759250121179777,32700,28.125
700,1997-04-29,44.812059925093635,45.01211376404495,44.61200608614232,45.01211376404495,13.820671451029964,85800,27.75
701,1997-04-30,44.41195224719102,44.61200608614232,44.211898408239705,44.41195224719102,13.63639625846442,163800,28.0
702,1997-05-01,44.23951358525921,44.84004996876952,44.23951358525921,44.84004996876952,13.76784428115553,79300,28.0
703,1997-05-02,44.84004996876952,44.84004996876952,44.43969237976265,44.84004996876952,13.76784428115553,37200,28.0
704,1997-05-05,44.84004996876952,44.84004996876952,44.43969237976265,44.84004996876952,13.76784428115553,88800,27.625
705,1997-05-06,44.23951358525921,44.43969237976265,44.03933479075578,44.23951358525921,13.81032542420987,109000,27.625
706,1997-05-07,44.43969237976265,44.43969237976265,44.03933479075578,44.23951358525921,13.81032542420987,29200,27.875
707,1997-05-08,43.839155996252344,44.639871174266084,43.839155996252344,44.639871174266084,13.935309056346034,99000,27.875
708,1997-05-09,44.84004996876952,44.84004996876952,44.23951358525921,44.639871174266084,13.935309056346034,47300,27.75
709,1997-05-12,44.43969237976265,44.639871174266084,44.43969237976265,44.43969237976265,13.872824446714557,36700,27.5
710,1997-05-13,44.639871174266084,44.639871174266084,43.63897720174891,44.03933479075578,13.747845618869457,47200,27.5
711,1997-05-14,44.43969237976265,44.43969237976265,43.839155996252344,44.03933479075578,13.747845618869457,45000,27.75
712,1997-05-15,44.23951358525921,44.639871174266084,44.03933479075578,44.43969237976265,13.872824446714557,59200,27.625
713,1997-05-16,44.84004996876952,44.84004996876952,44.23951358525921,44.23951358525921,13.81032542420987,40700,27.625
714,1997-05-19,44.43969237976265,44.43969237976265,43.839155996252344,44.23951358525921,13.81032542420987,38500,27.375
715,1997-05-20,44.03933479075578,44.03933479075578,43.63897720174891,43.839155996252344,13.685346596364774,61400,27.625
716,1997-05-21,43.839155996252344,44.23951358525921,43.839155996252344,44.23951358525921,13.81032542420987,47900,28.0
717,1997-05-22,44.03933479075578,45.04022876327296,44.03933479075578,44.84004996876952,13.997809680281076,42900,28.25
718,1997-05-23,45.24040755777639,45.24040755777639,45.04022876327296,45.24040755777639,14.122777298113679,27600,28.25
719,1997-05-27,45.24040755777639,45.24040755777639,45.04022876327296,45.24040755777639,14.122777298113679,24000,28.0
720,1997-05-28,45.44058635227983,45.44058635227983,44.23951358525921,44.84004996876952,13.997809680281076,26900,28.0
721,1997-05-29,44.639871174266084,44.84004996876952,44.639871174266084,44.84004996876952,13.997809680281076,24200,27.875
722,1997-05-30,44.23951358525921,44.639871174266084,44.03933479075578,44.639871174266084,13.935309056346034,37400,28.0
723,1997-06-02,44.38424672489083,44.78410480349345,44.38424672489083,44.78410480349345,13.98034516414847,46600,28.0
724,1997-06-03,44.58417576419214,44.78410480349345,44.58417576419214,44.78410480349345,13.98034516414847,46900,27.75
725,1997-06-04,44.58417576419214,44.78410480349345,43.78445960698689,44.38424672489083,13.855515869737992,31500,27.625
726,1997-06-05,44.58417576419214,44.58417576419214,44.18431768558951,44.18431768558951,13.793094824803493,13400,27.75
727,1997-06-06,44.18431768558951,44.38424672489083,43.98438864628821,44.38424672489083,13.855515869737992,18900,27.625
728,1997-06-09,44.38424672489083,44.38424672489083,43.98438864628821,44.18431768558951,13.793094824803493,171700,27.75
729,1997-06-10,44.38424672489083,44.38424672489083,43.98438864628821,44.38424672489083,13.855515869737992,28600,27.875
730,1997-06-11,44.38424672489083,44.78410480349345,44.38424672489083,44.58417576419214,13.917922519781659,39000,28.0
731,1997-06-12,44.78410480349345,44.78410480349345,44.38424672489083,44.78410480349345,13.98034516414847,51100,28.75
732,1997-06-13,44.58417576419214,45.98367903930131,44.58417576419214,45.98367903930131,14.354815453624454,111700,28.75
733,1997-06-16,45.78375,46.18360807860262,45.58382096069869,45.98367903930131,14.354815453624454,44300,28.125
734,1997-06-17,45.78375,45.98367903930131,44.78410480349345,44.98403384279476,14.04275181419214,51200,28.625
735,1997-06-18,44.98403384279476,45.78375,44.38424672489083,45.78375,14.292394408689956,56700,28.75
736,1997-06-19,45.78375,45.98367903930131,45.58382096069869,45.98367903930131,14.354815453624454,26200,28.25
737,1997-06-20,45.38389192139738,45.58382096069869,45.18396288209607,45.18396288209607,14.105156864803492,30800,28.25
738,1997-06-23,45.18396288209607,45.78375,44.98403384279476,45.18396288209607,14.105156864803492,95300,28.25
739,1997-06-24,45.08399836244541,45.18396288209607,44.78410480349345,45.18396288209607,14.105156864803492,45300,28.1875
740,1997-06-25,44.58417576419214,45.28392740174672,44.38424672489083,45.08399836244541,14.073955139213973,41800,28.25
741,1997-06-26,44.78410480349345,45.18396288209607,44.58417576419214,45.18396288209607,14.105156864803492,30600,28.5
742,1997-06-27,45.18396288209607,45.88371451965065,44.98403384279476,45.58382096069869,14.229986159213974,47700,28.25
743,1997-06-30,45.48385644104803,45.48385644104803,44.98403384279476,45.18396288209607,14.105156864803492,68300,28.3125
744,1997-07-01,45.127658878504675,45.32733878504673,44.92797897196262,45.227498831775705,14.11875437235514,30600,28.75
745,1997-07-02,45.227498831775705,45.9263785046729,45.127658878504675,45.9263785046729,14.336927833121496,31800,28.875
746,1997-07-03,46.126058411214956,46.126058411214956,45.72669859813084,46.126058411214956,14.399258315308414,35700,29.0
747,1997-07-07,46.32573831775701,46.625258177570096,46.126058411214956,46.32573831775701,14.461598382130845,61700,29.375
748,1997-07-08,46.52541822429907,46.92477803738318,46.425578271028044,46.92477803738318,14.648594621009345,52600,29.3125
749,1997-07-09,46.92477803738318,46.92477803738318,46.72509813084112,46.824938084112155,14.617428581196263,61500,29.3125
750,1997-07-10,46.72509813084112,46.824938084112155,46.72509813084112,46.824938084112155,14.617428581196263,32400,29.3125
751,1997-07-11,46.72509813084112,46.824938084112155,46.72509813084112,46.824938084112155,14.617428581196263,38300,29.0625
752,1997-07-14,46.72509813084112,46.72509813084112,46.32573831775701,46.425578271028044,14.492762824504675,36600,29.0625
753,1997-07-15,46.425578271028044,46.52541822429907,46.225898364485985,46.425578271028044,14.492762824504675,30900,29.0625
754,1997-07-16,46.425578271028044,46.425578271028044,46.32573831775701,46.425578271028044,14.492762824504675,18100,29.1875
755,1997-07-17,46.425578271028044,46.625258177570096,46.32573831775701,46.625258177570096,14.555098099009346,68000,29.375
756,1997-07-18,46.824938084112155,47.124457943925236,46.52541822429907,46.92477803738318,14.648594621009345,48300,29.5625
757,1997-07-21,47.02461799065421,47.52381775700935,46.72509813084112,47.224297897196266,14.742097532766357,27000,29.875
758,1997-07-22,47.423977803738325,47.7234976635514,47.224297897196266,47.7234976635514,14.897934121588786,95100,29.5625
759,1997-07-23,47.823337616822435,47.92317757009346,47.224297897196266,47.224297897196266,14.742097532766357,72500,30.0
760,1997-07-24,47.623657710280376,47.92317757009346,47.32413785046729,47.92317757009346,14.960269396093459,93700,30.5
761,1997-07-25,47.52381775700935,48.72189719626168,47.52381775700935,48.72189719626168,15.209607299233646,164000,30.5
762,1997-07-28,48.72189719626168,48.821737149532716,48.62205724299066,48.72189719626168,15.209607299233646,78500,30.125
763,1997-07-29,48.72189719626168,48.72189719626168,47.92317757009346,48.12285747663552,15.022596683401872,114800,31.0
764,1997-07-30,48.72189719626168,50.01981658878505,48.72189719626168,49.52061682242991,15.45894200749533,148600,32.0
765,1997-07-31,49.52061682242991,51.417575934579446,49.1212570093458,51.11805607476636,15.957621008654204,233700,32.0625
766,1997-08-01,51.42130130597015,52.21853078358209,50.624071828358204,51.12234025186567,15.958954032966416,125000,32.25
767,1997-08-04,51.02268656716418,51.42130130597015,50.624071828358204,51.42130130597015,16.052280904533582,129400,32.5
768,1997-08-05,50.624071828358204,51.819916044776114,50.624071828358204,51.819916044776114,16.412084917910448,126000,32.625
769,1997-08-06,51.819916044776114,52.61714552238806,51.819916044776114,52.0192234141791,16.475207953488805,49500,32.375
770,1997-08-07,51.620608675373134,51.91956972947761,51.221993936567166,51.620608675373134,16.34896507125,56700,32.125
771,1997-08-08,51.221993936567166,51.32164762126865,50.82337919776119,51.221993936567166,16.22271262225746,27600,31.3125
772,1997-08-11,51.02268656716418,51.12234025186567,49.428227611940294,49.92649603544776,15.81241368822761,27200,31.0
773,1997-08-12,49.62753498134328,50.026149720149256,49.428227611940294,49.428227611940294,15.654606896511192,19100,31.375
774,1997-08-13,49.22892024253731,50.026149720149256,48.63099813432836,50.026149720149256,15.843974408787313,55300,31.4375
775,1997-08-14,49.82684235074627,50.82337919776119,49.727188666044775,50.12580340485074,15.87553672380597,29500,30.8125
776,1997-08-15,50.12580340485074,50.12580340485074,49.029612873134326,49.12926655783582,15.559924734832089,24900,30.5625
777,1997-08-18,48.830305503731346,49.22892024253731,48.63099813432836,48.73065181902985,15.433673880298507,27100,30.4375
778,1997-08-19,48.63099813432836,48.92995918843283,48.531344449626864,48.531344449626864,15.370549250261192,49700,30.5625
779,1997-08-20,49.029612873134326,49.029612873134326,48.63099813432836,48.73065181902985,15.433673880298507,92100,30.5625
780,1997-08-21,48.73065181902985,49.22892024253731,48.63099813432836,48.73065181902985,15.433673880298507,114800,31.6875
781,1997-08-22,48.73065181902985,50.624071828358204,48.73065181902985,50.52441814365671,16.00178438942164,69400,32.125
782,1997-08-25,50.32511077425373,51.42130130597015,50.12580340485074,51.221993936567166,16.22271262225746,78700,32.125
783,1997-08-26,51.221993936567166,51.42130130597015,50.225457089552236,51.221993936567166,16.22271262225746,47800,32.0625
784,1997-08-27,51.02268656716418,51.221993936567166,50.82337919776119,51.12234025186567,16.191158279533582,32400,32.0
785,1997-08-28,51.02268656716418,51.12234025186567,50.923032882462685,51.02268656716418,16.15959437005597,38000,32.4375
786,1997-08-29,50.82337919776119,51.72026236007462,50.624071828358204,51.72026236007462,16.380521008432833,39500,33.0
787,1997-09-02,51.691330645161294,52.68539469602978,51.2937050248139,52.48658188585608,16.62322734288462,124300,33.375
788,1997-09-03,52.48658188585608,53.182426721464026,52.287769075682384,53.08302031637717,16.81213132259926,77500,33.9375
789,1997-09-04,53.87827155707196,54.07708436724567,53.48064593672457,53.977677962158815,17.09547774915633,94000,33.625
790,1997-09-05,53.778865151985116,53.87827155707196,53.381239531637725,53.48064593672457,16.93806253756824,68000,33.125
791,1997-09-08,53.28183312655087,53.28183312655087,52.68539469602978,52.68539469602978,16.686193745620347,33700,33.0
792,1997-09-09,52.48658188585608,53.381239531637725,52.08895626550869,52.48658188585608,16.62322734288462,46000,33.0
793,1997-09-10,52.48658188585608,52.585988290942936,51.691330645161294,52.48658188585608,16.62322734288462,64200,33.875
794,1997-09-11,52.287769075682384,54.176490772332514,52.18836267059554,53.87827155707196,17.063996933542185,57300,34.0625
795,1997-09-12,54.07708436724567,54.27589717741936,53.778865151985116,54.176490772332514,17.158450513901986,68800,34.0625
796,1997-09-15,54.07708436724567,55.07114841811415,54.07708436724567,54.176490772332514,17.158450513901986,132400,34.4375
797,1997-09-16,54.176490772332514,54.87233560794046,54.07708436724567,54.77292920285361,17.347349722109186,129100,34.4375
798,1997-09-17,54.77292920285361,54.87233560794046,54.27589717741936,54.77292920285361,17.347349722109186,35500,34.75
799,1997-09-18,54.37530358250621,55.26996122828785,54.37530358250621,55.26996122828785,17.504768114702234,38300,34.375
800,1997-09-19,54.87233560794046,55.07114841811415,54.27589717741936,54.67352279776675,17.315862544485114,22200,34.75
801,1997-09-22,54.37530358250621,55.46877403846154,54.07708436724567,55.26996122828785,17.504768114702234,97600,35.125
802,1997-09-23,55.26996122828785,55.96580606389578,55.26996122828785,55.86639965880894,17.693664141904467,57000,35.125
803,1997-09-24,55.46877403846154,56.06521246898264,55.07114841811415,55.86639965880894,17.693664141904467,32300,35.375
804,1997-09-25,55.46877403846154,56.462838089330035,55.46877403846154,56.264025279156336,17.819590585366008,50600,35.5
805,1997-09-26,56.06521246898264,56.76105730459057,56.06521246898264,56.462838089330035,17.882560169106704,30600,35.9375
806,1997-09-29,56.56224449441688,57.15868292493797,56.36343168424318,57.15868292493797,18.10294973594293,43100,36.125
807,1997-09-30,56.76105730459057,57.55630854528536,56.462838089330035,57.456902140198515,18.197406497307696,65500,35.8125
808,1997-10-01,57.116361386138614,57.116361386138614,55.926437190594065,56.81888033725247,17.995333082246287,32500,36.0
809,1997-10-02,57.0172010365099,57.513002784653466,56.91804068688119,57.116361386138614,18.089537000959158,89800,36.125
810,1997-10-03,57.413842435024755,57.81048383353961,57.215521735767325,57.31468208539604,18.15236341191832,108000,36.375
811,1997-10-06,56.91804068688119,58.30628558168317,56.71971998762376,57.711323483910896,18.277981329393565,68400,36.6875
812,1997-10-07,57.90964418316832,58.30628558168317,57.61216313428218,58.20712523205446,18.435002139672033,44200,36.625
813,1997-10-08,58.60376663056931,58.60376663056931,57.81048383353961,58.10796488242575,18.40359924686881,30200,36.875
814,1997-10-09,58.20712523205446,58.50460628094059,57.81048383353961,58.50460628094059,18.529215577778466,21400,36.375
815,1997-10-10,58.20712523205446,58.60376663056931,57.61216313428218,57.711323483910896,18.277981329393565,18500,36.125
816,1997-10-13,57.116361386138614,57.31468208539604,56.71971998762376,57.31468208539604,18.15236341191832,12000,36.75
817,1997-10-14,57.0172010365099,58.30628558168317,56.52139928836634,58.30628558168317,18.466409792172033,112200,37.875
818,1997-10-15,58.10796488242575,60.091171875,58.10796488242575,60.091171875,19.031711046163366,54100,37.6875
819,1997-10-16,59.59537012685644,60.28949257425743,59.198728728341585,59.79369082611387,18.937494434925746,55500,38.0
820,1997-10-17,58.70292698019802,60.28949257425743,58.70292698019802,60.28949257425743,19.094521591466584,99400,37.3125
821,1997-10-20,59.99201152537129,60.091171875,58.70292698019802,59.198728728341585,18.749067558712873,74100,36.5625
822,1997-10-21,59.198728728341585,59.198728728341585,57.711323483910896,58.00880453279703,18.372194767500005,109500,36.375
823,1997-10-22,57.90964418316832,58.00880453279703,57.116361386138614,57.711323483910896,18.277981329393565,2814300,35.75
824,1997-10-23,57.116361386138614,57.116361386138614,56.42223893873762,56.71971998762376,17.96392860287748,301200,35.25
825,1997-10-24,58.10796488242575,58.10796488242575,55.926437190594065,55.926437190594065,17.712681661967824,260700,34.5
826,1997-10-27,55.926437190594065,56.12475788985149,54.33987159653466,54.73651299504951,17.335818390148518,283200,34.0
827,1997-10-28,53.34826810024753,54.538192295792086,50.770099009900996,53.94323019801981,17.084568276107678,199600,35.0
828,1997-10-29,53.94323019801981,55.827276840965354,53.74490949876238,55.52979579207921,17.58706057136139,169700,34.75
829,1997-10-30,55.33147509282179,55.33147509282179,53.94323019801981,55.13315439356436,17.46143948075495,141700,35.4375
830,1997-10-31,55.72811649133664,56.2239182394802,55.23231474319308,56.2239182394802,17.806898273205444,150900,36.3125
831,1997-11-03,56.35795356037152,57.7470580495356,56.159510061919505,57.6478363003096,18.257871864928795,137600,37.625
832,1997-11-04,56.95328405572756,59.73149303405573,56.35795356037152,59.73149303405573,18.917788575065018,236900,36.5625
833,1997-11-05,58.04472329721363,58.441610294117645,57.05250580495356,58.04472329721363,18.612364980371517,339500,36.4375
834,1997-11-06,57.6478363003096,57.94550154798762,56.65561880804954,57.846279798761614,18.548731294383902,339300,35.9375
835,1997-11-07,57.44939280185759,57.7470580495356,56.55639705882353,57.05250580495356,18.2942013130774,227800,35.625
836,1997-11-10,57.05250580495356,57.151727554179566,55.96106656346749,56.55639705882353,18.13512106697833,133500,35.3125
837,1997-11-11,56.55639705882353,56.75484055727554,55.96106656346749,56.0602883126935,17.976040820879255,136300,34.625
838,1997-11-12,55.66340131578948,55.76262306501548,54.77040557275542,54.96884907120744,17.626062691913315,234500,33.9375
839,1997-11-13,55.26651431888545,55.26651431888545,51.99219659442725,53.877409829721365,17.276087738043344,126400,35.1875
840,1997-11-14,53.877409829721365,55.861844814241486,53.877409829721365,55.861844814241486,17.912410309987617,104900,35.125
841,1997-11-17,56.457175309597524,56.457175309597524,55.36573606811145,55.76262306501548,17.880591085671824,150900,35.125
842,1997-11-18,55.96106656346749,56.159510061919505,55.56417956656347,55.76262306501548,17.880591085671824,67800,35.0
843,1997-11-19,55.56417956656347,55.96106656346749,55.167292569659445,55.56417956656347,17.816963749876162,49400,34.9375
844,1997-11-20,55.56417956656347,55.96106656346749,55.36573606811145,55.46495781733746,17.785142938012385,61700,35.5
845,1997-11-21,55.76262306501548,56.35795356037152,55.36573606811145,56.35795356037152,18.071487380990714,76200,36.0
846,1997-11-24,56.258731811145516,57.151727554179566,56.0602883126935,57.151727554179566,18.326012599653254,222200,35.8125
847,1997-11-25,57.151727554179566,57.151727554179566,56.55639705882353,56.854062306501554,18.23056921463777,88800,35.125
848,1997-11-26,57.05250580495356,57.151727554179566,55.56417956656347,55.76262306501548,17.880591085671824,86900,35.375
849,1997-11-28,55.76262306501548,56.159510061919505,55.76262306501548,56.159510061919505,18.007856870099072,46400,35.4375
850,1997-12-01,56.03045412275263,56.328488453192804,55.63307501549907,56.328488453192804,18.0620407716677,197700,35.125
851,1997-12-02,56.129798899566026,56.328488453192804,55.63307501549907,55.83176456912585,17.902761688381897,72700,34.875
852,1997-12-03,55.732419792312456,55.83176456912585,54.639627247365155,55.43438546187228,17.775341282882827,120100,34.8125
853,1997-12-04,55.33504068505889,55.43438546187228,55.03700635461872,55.33504068505889,17.74348737364538,51000,34.9375
854,1997-12-05,55.2356959082455,55.63307501549907,55.03700635461872,55.53373023868568,17.807195192120272,126200,34.875
855,1997-12-08,55.63307501549907,55.63307501549907,55.03700635461872,55.43438546187228,17.775341282882827,55600,34.625
856,1997-12-09,55.33504068505889,55.53373023868568,55.03700635461872,55.03700635461872,17.6479176983509,89100,34.4375
857,1997-12-10,55.03700635461872,55.33504068505889,54.738972024178544,54.738972024178544,17.552354381122132,126700,34.25
858,1997-12-11,54.04355858648481,54.83831680099194,53.24880037197768,54.44093769373837,17.456789474376937,147200,34.75
859,1997-12-12,54.24224814011159,55.33504068505889,54.24224814011159,55.2356959082455,17.711635053924365,102800,35.125
860,1997-12-15,55.2356959082455,56.42783323000619,55.136351131432114,55.83176456912585,17.902761688381897,79000,35.125
861,1997-12-16,55.63307501549907,56.03045412275263,54.83831680099194,55.83176456912585,17.902761688381897,124200,35.0625
862,1997-12-17,56.03045412275263,56.03045412275263,55.43438546187228,55.732419792312456,17.870904600111597,57000,35.375
863,1997-12-18,55.93110934593924,56.42783323000619,55.732419792312456,56.229143676379415,18.030185272913826,112100,35.3125
864,1997-12-19,56.129798899566026,56.62652278363298,56.129798899566026,56.129798899566026,17.99832977415995,176700,34.8125
865,1997-12-22,55.63307501549907,56.03045412275263,54.83831680099194,55.33504068505889,17.74348737364538,140700,34.875
866,1997-12-23,55.53373023868568,55.83176456912585,55.2356959082455,55.43438546187228,17.775341282882827,82200,35.5625
867,1997-12-24,55.53373023868568,56.825212337259764,55.2356959082455,56.52717800681959,18.125756537724733,132200,35.875
868,1997-12-26,56.328488453192804,57.22259144451333,56.328488453192804,57.02390189088654,18.285024494395536,31400,35.875
869,1997-12-29,57.61997055176689,57.61997055176689,57.02390189088654,57.02390189088654,18.285024494395536,65900,36.625
870,1997-12-30,57.12324666769994,58.21603921264724,57.12324666769994,58.21603921264724,18.667287300409175,103000,36.75
871,1997-12-31,58.017349659020454,58.71276309671419,57.421280998140105,58.41472876627402,18.731006245499067,141200,36.6875
872,1998-01-02,58.30628558168317,58.60376663056931,57.413842435024755,58.20712523205446,18.664435390228963,130000,36.375
873,1998-01-05,57.90964418316832,58.10796488242575,56.91804068688119,57.711323483910896,18.50545675800743,149400,36.5625
874,1998-01-06,57.31468208539604,58.00880453279703,57.116361386138614,58.00880453279703,18.600847427784654,126300,36.5625
875,1998-01-07,57.711323483910896,58.10796488242575,57.31468208539604,58.00880453279703,18.600847427784654,229800,36.5
876,1998-01-08,58.00880453279703,58.20712523205446,57.711323483910896,57.90964418316832,18.569044720451732,290300,36.4375
877,1998-01-09,57.90964418316832,58.00880453279703,57.31468208539604,57.81048383353961,18.537253119077974,226000,36.625
878,1998-01-12,57.711323483910896,58.10796488242575,57.116361386138614,58.10796488242575,18.63263268289604,299500,36.625
879,1998-01-13,58.10796488242575,58.50460628094059,57.90964418316832,58.10796488242575,18.63263268289604,175600,37.125
880,1998-01-14,58.40544593131188,59.099568378712874,58.10796488242575,58.901247679455444,18.887006744591584,100000,37.375
881,1998-01-15,58.901247679455444,59.2978890779703,58.901247679455444,59.2978890779703,19.014198535136142,229500,37.4375
882,1998-01-16,59.397049427599015,59.59537012685644,59.198728728341585,59.397049427599015,19.04598854994431,88200,37.4375
883,1998-01-20,59.496209777227726,59.59537012685644,59.00040802908416,59.397049427599015,19.04598854994431,166000,37.375
884,1998-01-21,59.397049427599015,59.69453047648515,59.099568378712874,59.2978890779703,19.014198535136142,144200,37.75
885,1998-01-22,59.2978890779703,59.89285117574258,59.198728728341585,59.89285117574258,19.204970355297032,119400,37.25
886,1998-01-23,60.091171875,60.48781327351485,58.70292698019802,59.099568378712874,18.950602639863863,146700,37.75
887,1998-01-26,59.00040802908416,59.89285117574258,58.70292698019802,59.89285117574258,19.204970355297032,125000,37.4375
888,1998-01-27,59.89285117574258,60.091171875,59.397049427599015,59.397049427599015,19.04598854994431,66500,37.5
889,1998-01-28,59.69453047648515,59.89285117574258,59.2978890779703,59.496209777227726,19.077780151318073,176200,37.4375
890,1998-01-29,59.496209777227726,60.091171875,59.2978890779703,59.397049427599015,19.04598854994431,47400,37.125
891,1998-01-30,59.2978890779703,59.2978890779703,58.30628558168317,58.901247679455444,18.887006744591584,92200,37.3125
892,1998-02-02,58.99005713403335,59.3859635577517,58.792103922174185,59.08903373996294,18.947229448536135,83900,37.5625
893,1998-02-03,58.99005713403335,59.781869981470045,58.99005713403335,59.48494016368129,19.07417446786288,214000,37.75
894,1998-02-04,58.99005713403335,59.781869981470045,58.792103922174185,59.781869981470045,19.46081509764052,78500,37.5625
895,1998-02-05,59.97982319332921,60.17777640518839,58.99005713403335,59.48494016368129,19.364153752476838,124100,37.8125
896,1998-02-06,59.781869981470045,59.88084658739963,58.6931273162446,59.88084658739963,19.49303396240272,99100,37.625
897,1998-02-09,59.97982319332921,60.17777640518839,59.3859635577517,59.58391676961087,19.39637103361334,231300,37.625
898,1998-02-10,59.3859635577517,59.68289337554046,59.3859635577517,59.58391676961087,19.39637103361334,112900,36.75
899,1998-02-11,59.58391676961087,59.58391676961087,57.80233786287832,58.19824428659666,18.945297425188386,293200,36.5625
900,1998-02-12,57.901314468807904,58.19824428659666,57.70336125694874,57.901314468807904,18.84863291277332,97200,36.25
901,1998-02-13,57.901314468807904,57.901314468807904,56.911548409512044,57.406431439159974,18.687535421710933,57800,36.5625
902,1998-02-17,57.80233786287832,58.0002910747375,57.604384651019146,57.901314468807904,18.84863291277332,83900,36.625
903,1998-02-18,58.0002910747375,58.29722089252625,57.406431439159974,58.0002910747375,18.880858112038297,208900,36.25
904,1998-02-19,57.80233786287832,58.29722089252625,57.2084782273008,57.406431439159974,18.687535421710933,41100,36.1875
905,1998-02-20,57.01052501544164,57.406431439159974,56.416665379864114,57.307454833230395,18.65530547156887,51700,36.3125
906,1998-02-23,57.109501621371216,57.70336125694874,57.109501621371216,57.50540804508956,18.71975111922174,42800,36.125
907,1998-02-24,58.19824428659666,58.594150710315006,57.2084782273008,57.2084782273008,18.623097692186537,85200,36.125
908,1998-02-25,57.80233786287832,58.0002910747375,57.01052501544164,57.2084782273008,18.623097692186537,74200,36.0625
909,1998-02-26,57.109501621371216,57.50540804508956,56.614618591723286,57.109501621371216,18.590874076547248,55900,36.4375
910,1998-02-27,57.307454833230395,57.70336125694874,57.01052501544164,57.70336125694874,18.784203101377393,44900,36.625
911,1998-03-02,57.695428483353886,58.090602651048094,57.49784139950679,57.89301556720099,18.84593667286683,36600,36.625
912,1998-03-03,57.49784139950679,58.4857768187423,57.49784139950679,57.89301556720099,18.84593667286683,91900,36.8125
913,1998-03-04,57.991809109124546,58.2881897348952,57.991809109124546,58.18939619297165,18.942408171381015,51500,36.5
914,1998-03-05,58.090602651048094,58.18939619297165,57.49784139950679,57.695428483353886,18.781607060456228,45900,36.375
915,1998-03-06,57.89301556720099,58.386983276818746,57.20146077373614,57.49784139950679,18.717294835709005,45300,35.375
916,1998-03-09,57.300254315659686,57.695428483353886,55.91714472872997,55.91714472872997,18.202725906381016,111800,34.9375
917,1998-03-10,55.91714472872997,55.91714472872997,54.138860974106045,55.22558993526511,17.977601505832308,166000,35.0
918,1998-03-11,55.32438347718867,55.521970561035765,54.92920930949446,55.32438347718867,18.009773425172625,66500,34.8125
919,1998-03-12,55.521970561035765,55.71955764488286,54.92920930949446,55.028002851418,17.91329086178175,61600,34.5625
920,1998-03-13,55.12679639334156,55.12679639334156,54.4352415998767,54.63282868372381,17.78464744392725,79100,34.5625
921,1998-03-16,54.53403514180025,55.22558993526511,54.53403514180025,54.63282868372381,17.78464744392725,42600,36.4375
922,1998-03-17,54.63282868372381,57.695428483353886,54.63282868372381,57.59663494143034,18.74946043226264,516100,36.0
923,1998-03-18,56.905080147965485,57.300254315659686,56.50990598027128,56.905080147965485,18.524329708927255,589700,35.875
924,1998-03-19,56.31231889642417,56.905080147965485,56.31231889642417,56.707493064118374,18.46000958069667,155300,36.375
925,1998-03-20,56.707493064118374,57.695428483353886,56.707493064118374,57.49784139950679,18.717294835709005,391500,36.625
926,1998-03-23,57.300254315659686,57.991809109124546,57.300254315659686,57.89301556720099,18.84593667286683,72600,37.1875
927,1998-03-24,60.06647348951912,60.06647348951912,58.782157444512954,58.782157444512954,19.135373298162765,202500,37.4375
928,1998-03-25,58.97974452836006,59.27612515413071,58.4857768187423,59.177331612207155,19.264015135320594,136100,38.0
929,1998-03-26,59.27612515413071,60.06647348951912,59.07853807028361,60.06647348951912,19.55345966409988,77400,38.5625
930,1998-03-27,59.868886405672015,61.05440890875463,59.67129932182492,60.95561536683108,19.842902612182495,79300,37.9375
931,1998-03-30,60.85682182490753,60.95561536683108,59.868886405672015,59.96767994759557,19.521303551726263,115100,38.5
932,1998-03-31,59.868886405672015,60.85682182490753,59.473712237977814,60.85682182490753,19.810738596325525,101900,38.0
933,1998-04-01,60.547248461538466,60.547248461538466,59.85697038461539,59.95558153846154,19.517360969335385,40800,38.1875
934,1998-04-02,60.054192692307694,60.74447076923077,59.75835923076923,60.251415,19.613659099956923,138000,38.4375
935,1998-04-03,60.15280384615385,60.645859615384616,59.95558153846154,60.645859615384616,19.74207133338462,59800,38.5625
936,1998-04-06,60.547248461538466,60.94169307692308,60.44863730769231,60.84308192307692,19.806269561206154,157400,39.125
937,1998-04-07,60.84308192307692,62.12502692307692,60.645859615384616,61.73058230769231,20.095178153076926,162100,38.75
938,1998-04-08,61.73058230769231,61.927804615384616,60.94169307692308,61.13891538461539,19.902569269606158,56300,38.625
939,1998-04-09,61.336137692307695,61.336137692307695,60.84308192307692,60.94169307692308,19.838369464006153,60000,38.5
940,1998-04-13,60.84308192307692,60.84308192307692,60.44863730769231,60.74447076923077,19.774164925070767,67400,38.4375
941,1998-04-14,60.74447076923077,60.84308192307692,60.547248461538466,60.645859615384616,19.74207133338462,104500,38.375
942,1998-04-15,60.645859615384616,60.79377634615385,60.251415,60.547248461538466,19.709971430584616,134200,38.0
943,1998-04-16,60.547248461538466,60.547248461538466,59.65974807692308,59.95558153846154,19.517360969335385,65700,38.0625
944,1998-04-17,60.35002615384616,60.547248461538466,59.95558153846154,60.054192692307694,19.54946244991385,74900,38.0
945,1998-04-20,60.054192692307694,60.054192692307694,59.75835923076923,59.95558153846154,19.517360969335385,61700,38.0
946,1998-04-21,60.054192692307694,60.15280384615385,59.65974807692308,59.95558153846154,19.517360969335385,229700,38.0
947,1998-04-22,59.95558153846154,59.95558153846154,59.75835923076923,59.95558153846154,19.517360969335385,76300,37.75
948,1998-04-23,59.95558153846154,59.95558153846154,59.363914615384616,59.56113692307692,19.388959780356924,74000,37.3125
949,1998-04-24,59.363914615384616,59.46252576923077,58.47641423076923,58.870858846153844,19.164252571864616,62300,37.0
950,1998-04-27,58.47641423076923,58.47641423076923,57.687525,58.37780307692308,19.003746746750767,105100,37.0
951,1998-04-28,58.18058076923077,58.57502538461539,57.983358461538465,58.37780307692308,19.003746746750767,56700,37.125
952,1998-04-29,58.47641423076923,58.67363653846154,58.27919192307692,58.57502538461539,19.067948130129235,59500,37.375
953,1998-04-30,58.57502538461539,58.96947000000001,58.37780307692308,58.96947000000001,19.19635878577846,139700,38.4375
954,1998-05-01,58.860803900491405,60.63253378378378,58.860803900491405,60.534104345823096,19.705691595055285,200800,38.4375
955,1998-05-04,60.534104345823096,60.63253378378378,60.435674907862406,60.534104345823096,19.705691595055285,311900,37.9375
956,1998-05-05,59.6482394041769,59.74666884213759,59.45138052825553,59.74666884213759,19.73819693264742,88200,38.1875
957,1998-05-06,59.6482394041769,60.23881603194103,59.6482394041769,60.14038659398034,19.868270253759214,136200,38.125
958,1998-05-07,60.14038659398034,60.23881603194103,59.84509828009828,60.04195715601965,19.83575704181204,83300,38.125
959,1998-05-08,60.04195715601965,60.04195715601965,59.74666884213759,60.04195715601965,19.83575704181204,98100,37.5625
960,1998-05-11,60.14038659398034,60.435674907862406,59.05766277641277,59.15609221437346,19.54310663686732,191400,37.1875
961,1998-05-12,58.860803900491405,58.860803900491405,57.48279176904177,58.56551558660934,19.347997442635133,118400,37.0
962,1998-05-13,58.368656710687965,58.95923333845208,58.0733683968059,58.270227272727276,19.2504341837285,42300,37.0625
963,1998-05-14,58.171797834766586,58.46708614864865,58.0733683968059,58.368656710687965,19.28295684490172,74900,36.9375
964,1998-05-15,58.663945024570026,58.663945024570026,57.97493895884521,58.171797834766586,19.217920971781325,182100,37.0
965,1998-05-18,58.0733683968059,58.368656710687965,57.97493895884521,58.270227272727276,19.2504341837285,183400,37.5
966,1998-05-19,58.368656710687965,59.05766277641277,58.270227272727276,59.05766277641277,19.51057925108108,78400,37.625
967,1998-05-20,58.860803900491405,59.45138052825553,58.860803900491405,59.25452165233415,19.57561197445946,62000,38.0625
968,1998-05-21,59.45138052825553,60.04195715601965,59.25452165233415,59.94352771805897,19.803246979606875,131100,38.0
969,1998-05-22,59.94352771805897,60.04195715601965,59.6482394041769,59.84509828009828,19.770716444078623,103000,38.0
970,1998-05-26,59.6482394041769,59.94352771805897,59.6482394041769,59.84509828009828,19.770716444078623,70600,38.125
971,1998-05-27,59.94352771805897,60.04195715601965,59.6482394041769,60.04195715601965,19.83575704181204,179700,38.6875
972,1998-05-28,59.94352771805897,60.927822097665846,59.94352771805897,60.927822097665846,20.128421620595823,62900,39.0
973,1998-05-29,61.124680973587225,61.616828163390664,60.927822097665846,61.419969287469286,20.291008153654793,235000,38.75
974,1998-06-01,61.34460736196319,61.73784202453988,60.85306403374233,60.9513726993865,20.136192770374233,58700,38.9375
975,1998-06-02,60.65644670245399,61.541224693251536,60.65644670245399,61.24629869631902,20.233633173883433,168000,38.875
976,1998-06-03,61.24629869631902,61.34460736196319,61.04968136503068,61.147990030674855,20.2011519907546,142200,38.875
977,1998-06-04,60.9513726993865,61.147990030674855,60.558138036809815,61.147990030674855,20.2011519907546,130800,38.875
978,1998-06-05,61.24629869631902,61.24629869631902,60.85306403374233,61.147990030674855,20.2011519907546,134900,38.875
979,1998-06-08,61.147990030674855,61.24629869631902,60.9513726993865,61.147990030674855,20.2011519907546,43100,38.9375
980,1998-06-09,61.04968136503068,61.24629869631902,60.85306403374233,61.24629869631902,20.233633173883433,27100,38.625
981,1998-06-10,61.24629869631902,61.44291602760737,60.75475536809816,60.75475536809816,20.071236695871164,179200,38.3125
982,1998-06-11,60.75475536809816,60.75475536809816,60.2632120398773,60.2632120398773,19.908844936674846,217400,38.0
983,1998-06-12,60.06659470858896,60.36152070552148,59.37843404907976,59.77166871165644,19.74645789629448,204100,38.0
984,1998-06-15,59.37843404907976,59.77166871165644,58.39534739263804,59.77166871165644,19.74645789629448,96200,37.875
985,1998-06-16,59.5750513803681,60.164903374233134,59.37843404907976,59.5750513803681,19.681509686484663,50200,37.9375
986,1998-06-17,59.5750513803681,59.96828604294479,59.37843404907976,59.67336004601227,19.713978286104297,30200,38.0625
987,1998-06-18,59.77166871165644,60.2632120398773,59.77166871165644,59.86997737730062,19.778948517055216,63600,37.625
988,1998-06-19,59.476742714723926,59.67336004601227,58.98519938650307,59.18181671779141,19.55159281866258,94800,37.6875
989,1998-06-22,59.37843404907976,59.96828604294479,59.18181671779141,59.28012538343558,19.584072428852764,44800,38.3125
990,1998-06-23,59.28012538343558,60.2632120398773,59.28012538343558,60.2632120398773,19.908844936674846,58000,38.0625
991,1998-06-24,60.06659470858896,60.75475536809816,59.86997737730062,59.86997737730062,19.778948517055216,300500,37.8125
992,1998-06-25,59.86997737730062,60.164903374233134,58.98519938650307,59.476742714723926,19.649026930417183,76500,38.1875
993,1998-06-26,59.476742714723926,60.2632120398773,59.37843404907976,60.06659470858896,19.84389200804908,119500,38.5
994,1998-06-29,60.06659470858896,60.558138036809815,59.77166871165644,60.558138036809815,20.006283767245403,193500,39.5
995,1998-06-30,61.34460736196319,62.7209286809816,61.147990030674855,62.13107668711656,20.52593708208589,291500,39.125
996,1998-07-01,62.054935661764716,62.054935661764716,60.87667738970589,61.465806525735296,20.306148619981617,83000,39.3125
997,1998-07-02,61.465806525735296,61.95674747242648,61.26943014705883,61.76037109375001,20.403458614154413,56600,39.375
998,1998-07-06,61.76037109375001,62.054935661764716,61.66218290441177,61.85855928308824,20.4359015629228,86900,39.5
999,1998-07-07,61.85855928308824,62.447688419117654,61.66218290441177,62.054935661764716,20.500782747426474,79600,39.875
1000,1998-07-08,61.95674747242648,62.64406479779412,61.85855928308824,62.64406479779412,20.695405877794123,55400,40.6875
1001,1998-07-09,62.251312040441185,64.41145220588236,62.251312040441185,63.92051125919118,21.117102942352943,214200,40.4375
1002,1998-07-10,63.92051125919118,63.92051125919118,63.331382123161774,63.52775850183824,20.987353141433825,254600,40.4375
1003,1998-07-13,63.429570312500005,63.72413488051471,63.233193933823536,63.52775850183824,20.987353141433825,104000,40.0
1004,1998-07-14,63.429570312500005,63.429570312500005,62.8404411764706,62.8404411764706,20.76027449420956,115300,39.9375
1005,1998-07-15,62.8404411764706,62.8404411764706,62.447688419117654,62.74225298713235,20.727847255551477,119700,40.4375
1006,1998-07-16,62.64406479779412,63.52775850183824,62.447688419117654,63.52775850183824,20.987353141433825,207100,39.9375
1007,1998-07-17,63.331382123161774,63.429570312500005,62.74225298713235,62.74225298713235,20.727847255551477,86900,40.125
1008,1998-07-20,62.64406479779412,63.03681755514707,62.447688419117654,63.03681755514707,20.825155678713237,161100,40.125
1009,1998-07-21,63.135005744485305,63.233193933823536,62.8404411764706,63.03681755514707,20.825155678713237,80700,39.5625
1010,1998-07-22,62.8404411764706,62.8404411764706,61.66218290441177,62.15312385110295,20.53321784113971,96300,39.625
1011,1998-07-23,62.054935661764716,62.74225298713235,61.95674747242648,62.251312040441185,20.565656076875,72000,39.4375
1012,1998-07-24,62.447688419117654,62.447688419117654,61.85855928308824,61.95674747242648,20.46834451169118,43700,39.375
1013,1998-07-27,62.054935661764716,62.054935661764716,61.66218290441177,61.85855928308824,20.4359015629228,88600,38.5
1014,1998-07-28,61.85855928308824,61.85855928308824,59.7966073069853,60.48392463235295,19.98176626262868,111400,38.25
1015,1998-07-29,60.68030101102942,60.77848920036765,59.89479549632353,60.09117187500001,19.85201489069853,115600,38.0
1016,1998-07-30,60.09117187500001,60.09117187500001,59.502042738970594,59.69841911764706,19.722258805735297,115700,38.0
1017,1998-07-31,59.69841911764706,59.89479549632353,59.60023092830883,59.69841911764706,19.722258805735297,54100,37.8125
1018,1998-08-03,59.6253488372093,59.82148485312117,59.03694078947368,59.33114481334149,19.60092649729498,87900,36.8125
1019,1998-08-04,59.527280829253364,59.527280829253364,57.663988678090575,57.76205668604651,19.082554698121175,148000,36.625
1020,1998-08-05,56.977512622399026,57.565920670134645,56.78137660648715,57.46785266217871,19.27996481359241,288300,36.6875
1021,1998-08-06,57.27171664626683,57.663988678090575,57.07558063035496,57.565920670134645,19.312867022533663,152400,37.5625
1022,1998-08-07,57.565920670134645,59.03694078947368,57.565920670134645,58.938872781517745,19.77348539500612,74200,37.75
1023,1998-08-10,58.74273676560587,59.6253488372093,58.15432871787026,59.23307680538556,19.87218103821298,34800,37.4375
1024,1998-08-11,59.82148485312117,59.82148485312117,58.44853274173806,58.74273676560587,19.707680977123623,135800,38.0
1025,1998-08-12,58.938872781517745,59.82148485312117,58.74273676560587,59.6253488372093,20.003780459449203,152500,37.8125
1026,1998-08-13,59.429212821297426,59.527280829253364,58.938872781517745,59.33114481334149,19.905080108977966,53500,38.0625
1027,1998-08-14,59.03694078947368,60.017620869033045,58.84080477356181,59.72341684516524,20.036692082919217,506900,38.25
1028,1998-08-17,59.72341684516524,60.11568887698898,59.33114481334149,60.017620869033045,20.1353892952142,172000,38.25
1029,1998-08-18,60.017620869033045,60.017620869033045,59.429212821297426,60.017620869033045,20.1353892952142,389500,38.1875
1030,1998-08-19,59.91955286107711,60.017620869033045,59.6253488372093,59.91955286107711,20.102483948096694,100200,38.5
1031,1998-08-20,59.82148485312117,60.40989290085679,59.6253488372093,60.40989290085679,20.266988716450427,115500,38.0
1032,1998-08-21,60.40989290085679,60.40989290085679,59.527280829253364,59.6253488372093,20.003780459449203,38100,38.75
1033,1998-08-24,59.6253488372093,60.80216493268054,59.527280829253364,60.80216493268054,20.398591275862913,156500,38.75
1034,1998-08-25,60.606028916768665,60.99830094859241,60.40989290085679,60.80216493268054,20.398591275862913,91000,37.9375
1035,1998-08-26,60.80216493268054,60.851198936658506,59.23307680538556,59.527280829253364,19.9708751123317,96000,36.9375
1036,1998-08-27,59.23307680538556,59.23307680538556,57.663988678090575,57.95819270195838,19.444469581946144,81000,36.25
1037,1998-08-28,57.76205668604651,58.05626070991432,56.68330859853121,56.87944461444309,19.082560974473687,95800,34.25
1038,1998-08-31,57.07558063035496,57.27171664626683,52.36831624847001,53.74126835985312,18.029735791909424,146500,34.0
1039,1998-09-01,52.89198502444988,53.67556998777506,52.30429630195599,53.28377750611247,17.8762466053423,245800,34.25
1040,1998-09-02,53.479673746943774,54.06736246943766,52.98993314486553,53.67556998777506,18.007694550110028,166400,34.4375
1041,1998-09-03,53.87146622860636,54.459154951100246,53.67556998777506,53.969414349022,18.106269538496335,72800,35.0625
1042,1998-09-04,53.773518108190714,54.94889555317849,53.28377750611247,54.94889555317849,18.434879997396088,136900,34.9375
1043,1998-09-08,54.850947432762844,54.850947432762844,54.5571030715159,54.75299931234719,18.36915289067237,118300,34.375
1044,1998-09-09,54.5571030715159,54.65505119193154,53.773518108190714,53.87146622860636,18.073413820984108,85900,33.6875
1045,1998-09-10,53.773518108190714,53.87146622860636,52.50019254278729,52.794036904034236,17.711942943062347,93800,33.0
1046,1998-09-11,52.40224442237164,52.50019254278729,49.75764517114914,51.71660757946211,17.350473632310514,149800,32.75
1047,1998-09-14,51.71660757946211,51.71660757946211,50.83507449572127,51.324815097799515,17.219016284523228,176800,32.25
1048,1998-09-15,50.933022616136924,51.12891885696822,48.484319605745725,50.54123013447433,16.95614076819682,302900,33.75
1049,1998-09-16,50.73712637530563,53.57762186735942,50.54123013447433,52.89198502444988,17.74480806359413,383600,33.75
1050,1998-09-17,52.89198502444988,52.98993314486553,52.50019254278729,52.89198502444988,17.74480806359413,156300,34.0625
1051,1998-09-18,53.18582938569682,53.38172562652812,52.98993314486553,53.38172562652812,17.909100755684598,206000,35.4375
1052,1998-09-21,52.98993314486553,55.536584275672375,52.89198502444988,55.536584275672375,18.632039377188267,168100,37.1875
1053,1998-09-22,56.8099098410758,59.16066473105135,56.8099098410758,58.27913164731052,19.55214521433374,399800,37.5625
1054,1998-09-23,58.57297600855746,58.8668203698044,58.47502788814182,58.8668203698044,19.749312429975554,367000,37.5
1055,1998-09-24,58.8668203698044,58.96476849022005,57.005806081907096,58.76887224938876,19.716442607933985,391900,37.25
1056,1998-09-25,58.8668203698044,58.8668203698044,58.18118352689487,58.377079767726165,19.585007200525673,310200,37.125
1057,1998-09-28,58.377079767726165,58.377079767726165,57.88733916564792,58.18118352689487,19.51928009380196,233200,36.6875
1058,1998-09-29,57.985287286063574,57.985287286063574,57.005806081907096,57.49554668398534,19.289257160647924,302100,37.75
1059,1998-09-30,57.299650443154036,59.16066473105135,56.71196172066015,59.16066473105135,19.84788741836186,437000,36.5625
1060,1998-10-01,58.03927820121952,58.03927820121952,56.37822141768292,57.15989519817073,19.176655902036586,257100,36.375
1061,1998-10-02,57.15989519817073,57.15989519817073,56.4759306402439,56.866767530487806,19.078305706975613,181000,35.0
1062,1998-10-05,56.671349085365854,56.76905830792683,54.13090929878049,54.71716463414634,18.35713035040244,104400,34.9375
1063,1998-10-06,54.71716463414634,54.912583079268295,54.22861852134147,54.61945541158537,18.3243500787439,449300,33.75
1064,1998-10-07,54.42403696646342,54.42403696646342,52.37214329268293,52.76298018292683,17.70152804392683,722900,30.5
1065,1998-10-08,52.37214329268293,52.37214329268293,47.486682164634146,47.6821006097561,15.99692421407927,474600,31.875
1066,1998-10-09,47.6821006097561,51.59046951219513,47.6821006097561,49.83170350609756,16.71809957065244,580700,31.875
1067,1998-10-12,50.222540396341465,51.199632621951224,49.63628506097562,49.83170350609756,16.71809957065244,427000,31.4375
1068,1998-10-13,49.83170350609756,49.83170350609756,46.90042682926829,49.14773894817073,16.488639232390245,1306200,31.625
1069,1998-10-14,49.14773894817073,49.53857583841464,48.85461128048781,49.440866615853665,16.586984737408535,608000,32.125
1070,1998-10-15,49.53857583841464,50.222540396341465,49.440866615853665,50.222540396341465,16.849223783981714,384400,32.8125
1071,1998-10-16,50.222540396341465,51.98130640243903,50.222540396341465,51.2973418445122,17.20981146226829,450800,32.8125
1072,1998-10-19,51.2973418445122,51.6881787347561,50.90650495426829,51.2973418445122,17.20981146226829,249300,33.4375
1073,1998-10-20,51.59046951219513,52.56756173780488,51.49276028963415,52.274434070121956,17.537620432243905,186100,33.8125
1074,1998-10-21,52.37214329268293,53.15381707317073,52.274434070121956,52.86068940548781,17.734311442280486,261100,34.0
1075,1998-10-22,52.86068940548781,53.25152629573171,52.86068940548781,53.15381707317073,17.832646003865854,93100,34.4375
1076,1998-10-23,53.15381707317073,54.61945541158537,53.15381707317073,53.83778163109756,18.062107905475614,148700,34.3125
1077,1998-10-26,53.64236318597561,53.740072408536584,53.15381707317073,53.64236318597561,17.996545798810978,59900,34.875
1078,1998-10-27,53.83778163109756,54.912583079268295,53.83778163109756,54.52174618902439,18.291576060475613,164300,34.9375
1079,1998-10-28,54.52174618902439,54.71716463414634,54.22861852134147,54.61945541158537,18.3243500787439,197100,34.75
1080,1998-10-29,54.42403696646342,54.52174618902439,54.22861852134147,54.32632774390244,18.226010827115854,364700,34.9375
1081,1998-10-30,54.22861852134147,54.61945541158537,54.22861852134147,54.61945541158537,18.3243500787439,108800,34.75
1082,1998-11-02,54.52174618902439,54.52174618902439,54.22861852134147,54.32632774390244,18.226010827115854,67200,34.375
1083,1998-11-03,54.22861852134147,54.22861852134147,53.54465396341463,53.740072408536584,18.029332323859755,226300,34.5
1084,1998-11-04,53.935490853658536,54.32632774390244,53.64236318597561,53.935490853658536,18.39591231334756,251400,34.4375
1085,1998-11-05,54.32632774390244,54.32632774390244,53.740072408536584,53.83778163109756,18.362584870042685,235200,34.25
1086,1998-11-06,53.64236318597561,53.83778163109756,52.46985251524391,53.54465396341463,18.262621300298783,131400,34.3125
1087,1998-11-09,53.935490853658536,53.935490853658536,53.44694474085366,53.64236318597561,18.295931546780487,64200,34.25
1088,1998-11-10,53.740072408536584,54.033200076219515,53.34923551829268,53.54465396341463,18.262621300298783,380600,33.9375
1089,1998-11-11,53.54465396341463,53.54465396341463,52.958398628048776,53.056107850609756,18.095976267036587,180300,33.375
1090,1998-11-12,52.76298018292683,52.76298018292683,51.98130640243903,52.176724847560976,17.79604491076829,79100,33.4375
1091,1998-11-13,52.176724847560976,52.76298018292683,51.98130640243903,52.274434070121956,17.829370790725612,163700,32.9375
1092,1998-11-16,52.274434070121956,52.37214329268293,51.49276028963415,51.49276028963415,17.562763751067074,149800,33.25
1093,1998-11-17,51.59046951219513,52.176724847560976,51.00421417682927,51.98130640243903,17.729390024158537,158400,33.6875
1094,1998-11-18,51.98130640243903,53.15381707317073,51.78588795731708,52.66527096036586,17.962675873902437,159400,33.75
1095,1998-11-19,52.56756173780488,52.76298018292683,52.37214329268293,52.76298018292683,17.99600644390244,111700,34.75
1096,1998-11-20,52.76298018292683,54.71716463414634,52.76298018292683,54.32632774390244,18.529217396524388,248500,34.9375
1097,1998-11-23,54.13090929878049,54.61945541158537,53.935490853658536,54.61945541158537,18.629190346353656,83600,34.625
1098,1998-11-24,54.42403696646342,54.71716463414634,54.13090929878049,54.13090929878049,18.462560946567073,272200,34.5625
1099,1998-11-25,54.22861852134147,54.22861852134147,53.83778163109756,54.033200076219515,18.429233503262196,121700,34.6875
1100,1998-11-27,54.13090929878049,54.22861852134147,53.935490853658536,54.22861852134147,18.495896206609757,14300,34.25
1101,1998-11-30,54.033200076219515,54.22861852134147,52.958398628048776,53.54465396341463,18.262621300298783,114000,34.625
1102,1998-12-01,53.18624771201952,54.16393608907871,53.08847887431361,54.16393608907871,18.4738254742953,48600,34.25
1103,1998-12-02,54.16393608907871,54.16393608907871,53.5773230628432,53.5773230628432,18.273763839225136,116100,34.8125
1104,1998-12-03,53.67509190054911,54.6527802776083,53.67509190054911,54.45724260219646,18.57385942043319,274900,35.375
1105,1998-12-04,54.750549115314215,55.53269981696156,54.261704926784624,55.337162141549726,18.8739815947651,279100,36.25
1106,1998-12-07,56.70592586943258,56.70592586943258,56.21708168090299,56.70592586943258,19.340834834167175,152400,36.8125
1107,1998-12-08,56.70592586943258,58.172458435021355,56.60815703172666,57.58584540878584,19.640944494087858,322000,36.75
1108,1998-12-09,57.58584540878584,57.683614246491764,57.292538895668095,57.48807657107993,19.607602973978036,89400,36.5625
1109,1998-12-10,57.781383084197685,57.781383084197685,57.09700122025625,57.194770057962174,19.507570592141548,99300,36.5
1110,1998-12-11,57.09700122025625,57.24365447681513,56.8036947071385,57.09700122025625,19.474213429017695,118200,36.6875
1111,1998-12-14,56.99923238255034,57.39030773337401,56.90146354484442,57.39030773337401,19.574258325265408,112000,36.3125
1112,1998-12-15,57.194770057962174,57.292538895668095,56.70592586943258,56.8036947071385,19.3741779185784,75600,36.0625
1113,1998-12-16,56.70592586943258,57.09700122025625,56.31485051860891,56.41261935631483,19.240789937919462,240700,36.5
1114,1998-12-17,56.60815703172666,57.194770057962174,56.11931284319707,57.09700122025625,19.474213429017695,69800,36.75
1115,1998-12-18,57.09700122025625,57.58584540878584,56.99923238255034,57.48807657107993,19.607602973978036,91300,37.3125
1116,1998-12-21,57.58584540878584,58.4657649481391,57.58584540878584,58.36799611043319,19.90771889110433,193600,37.0625
1117,1998-12-22,58.172458435021355,58.36799611043319,57.781383084197685,57.97692075960952,19.774330910445393,111200,36.625
1118,1998-12-23,57.48807657107993,57.781383084197685,57.292538895668095,57.292538895668095,19.54091054794997,87800,36.625
1119,1998-12-24,57.292538895668095,57.8791519219036,57.194770057962174,57.292538895668095,19.54091054794997,101500,36.9375
1120,1998-12-28,57.292538895668095,57.8791519219036,57.292538895668095,57.781383084197685,19.70764004871873,514600,37.0
1121,1998-12-29,58.172458435021355,58.172458435021355,57.781383084197685,57.8791519219036,19.740980004527152,518500,37.1875
1122,1998-12-30,57.97692075960952,58.270227272727276,57.8791519219036,58.172458435021355,19.841026465076265,170500,37.1875
1123,1998-12-31,58.172458435021355,58.270227272727276,57.97692075960952,58.172458435021355,19.841026465076265,67800,37.75
1124,1999-01-04,57.73824102251978,58.90861077297626,57.445648584905655,58.90861077297626,20.092105782434572,258100,37.6875
1125,1999-01-05,58.90861077297626,59.103672398052346,58.5184875228241,58.81107996043822,20.058837632154596,314900,37.875
1126,1999-01-06,58.81107996043822,59.103672398052346,58.323425897748024,59.103672398052346,20.15863896200852,198500,37.0
1127,1999-01-07,59.103672398052346,59.103672398052346,57.5431793974437,57.73824102251978,19.692919188934876,190200,36.4375
1128,1999-01-08,57.83577183505782,58.0308334601339,56.76293289713938,56.86046370967742,19.393540167261108,101700,36.8125
1129,1999-01-11,56.76293289713938,57.5431793974437,56.76293289713938,57.445648584905655,19.59312722203895,72300,36.375
1130,1999-01-12,57.0555253347535,57.250586959829576,56.76293289713938,56.76293289713938,19.36027201698113,151000,36.1875
1131,1999-01-13,56.372809646987214,56.5678712720633,55.78762477175898,56.470340459525254,19.26047380811321,68600,36.4375
1132,1999-01-14,56.5678712720633,56.95799452221546,56.372809646987214,56.86046370967742,19.393540167261108,26200,36.5625
1133,1999-01-15,56.76293289713938,57.15305614729154,56.5678712720633,57.0555253347535,19.460078028314058,47800,36.625
1134,1999-01-19,57.250586959829576,57.250586959829576,56.5678712720633,57.15305614729154,19.49333681563603,100700,36.5
1135,1999-01-20,57.15305614729154,57.34811777236762,56.95799452221546,56.95799452221546,19.426802075569082,93800,36.25
1136,1999-01-21,56.76293289713938,57.0555253347535,56.372809646987214,56.5678712720633,19.293748200365187,103400,37.625
1137,1999-01-22,56.5678712720633,59.298734023128425,56.5678712720633,58.71354914790018,20.02557572384662,914800,38.125
1138,1999-01-25,58.5184875228241,59.59132646074254,58.128364272671945,59.493795648204504,20.291695958198417,329100,38.5
1139,1999-01-26,59.396264835666464,60.17651133597078,59.103672398052346,60.07898052343275,20.49127833149726,213800,37.4375
1140,1999-01-27,60.274042148508826,60.274042148508826,58.420956710286056,58.420956710286056,19.925783756950697,444900,37.625
1141,1999-01-28,58.61601833536214,58.71354914790018,58.0308334601339,58.71354914790018,20.02557572384662,86900,37.125
1142,1999-01-29,58.71354914790018,59.298734023128425,57.93330264759586,57.93330264759586,19.759455489494826,351700,38.8125
1143,1999-02-01,58.25251595744681,60.78523404255319,58.0576914893617,60.49299734042553,20.632494085021275,377700,40.0
1144,1999-02-02,60.78523404255319,62.92830319148937,60.78523404255319,62.34382978723405,21.26376120931915,707400,40.3125
1145,1999-02-03,61.75935638297872,63.12312765957447,61.36970744680852,62.83089095744681,21.77003986506383,406500,41.5625
1146,1999-02-04,62.63606648936171,64.87654787234042,62.34382978723405,64.77913563829787,22.4450848266383,502600,40.0625
1147,1999-02-05,64.58431117021277,64.58431117021277,62.34382978723405,62.441242021276594,21.63503274306383,322900,39.75
1148,1999-02-08,62.441242021276594,62.53865425531915,61.95418085106383,61.95418085106383,21.466277347404258,256900,39.625
1149,1999-02-09,62.14900531914894,62.34382978723405,61.56453191489362,61.75935638297872,21.39877768289362,373700,38.125
1150,1999-02-10,61.75935638297872,61.75935638297872,59.22663829787234,59.42146276595745,20.588724040723406,396000,37.9375
1151,1999-02-11,59.32405053191489,59.32405053191489,58.44734042553192,59.12922606382979,20.487458958,633900,37.5
1152,1999-02-12,58.73957712765958,59.12922606382979,58.44734042553192,58.44734042553192,20.251203897829786,295800,37.6875
1153,1999-02-16,58.83698936170213,59.03181382978724,58.54475265957446,58.73957712765958,20.352459628978725,236100,37.6875
1154,1999-02-17,58.73957712765958,58.83698936170213,58.73957712765958,58.73957712765958,20.352459628978725,165000,37.875
1155,1999-02-18,58.73957712765958,59.03181382978724,58.64216489361702,59.03181382978724,20.453721594510643,183100,37.8125
1156,1999-02-19,58.93440159574468,59.12922606382979,58.83698936170213,58.93440159574468,20.419962410680853,122300,38.25
1157,1999-02-22,58.93440159574468,59.61628723404255,58.83698936170213,59.61628723404255,20.656226822425534,185300,38.75
1158,1999-02-23,59.61628723404255,61.1748829787234,59.61628723404255,60.39558510638298,20.92623950782979,244000,38.75
1159,1999-02-24,60.20076063829787,60.78523404255319,60.00593617021277,60.39558510638298,20.92623950782979,48400,38.5
1160,1999-02-25,60.59040957446809,60.59040957446809,59.81111170212767,60.00593617021277,20.791227710042552,190800,39.125
1161,1999-02-26,59.71369946808511,60.9800585106383,59.71369946808511,60.9800585106383,21.12875097012766,79500,38.6875
1162,1999-03-01,60.406802272727276,60.50391931818182,59.726982954545456,60.11545113636364,20.829188424036367,163800,38.75
1163,1999-03-02,59.92121704545455,60.212568181818185,59.8241,60.212568181818185,20.86282666083637,81900,38.5
1164,1999-03-03,59.8241,60.11545113636364,59.62986590909091,59.8241,20.72822398970909,168200,38.0
1165,1999-03-04,59.62986590909091,59.92121704545455,58.56157840909091,59.04716363636364,20.459031078436364,166300,37.5
1166,1999-03-05,59.04716363636364,59.24139772727273,58.270227272727276,58.270227272727276,20.189836613290908,167000,37.6875
1167,1999-03-08,58.46446136363637,58.65869545454546,57.687525,58.56157840909091,20.29078550889091,175500,37.75
1168,1999-03-09,58.56157840909091,58.65869545454546,58.075993181818184,58.65869545454546,20.324436176672727,179400,37.5
1169,1999-03-10,58.46446136363637,58.65869545454546,58.270227272727276,58.270227272727276,20.189836613290908,98000,37.125
1170,1999-03-11,58.270227272727276,58.270227272727276,57.687525,57.687525,19.98793882209091,571200,36.75
1171,1999-03-12,57.49329090909091,57.687525,56.52212045454546,57.104822727272726,19.78604569250909,646800,36.8125
1172,1999-03-15,56.91058863636364,57.29905681818182,56.52212045454546,57.20193977272728,19.819688590927274,168800,36.3125
1173,1999-03-16,57.20193977272728,57.20193977272728,56.133652272727275,56.425003409090905,19.550494125781817,214200,36.1875
1174,1999-03-17,56.32788636363637,56.52212045454546,56.133652272727275,56.23076931818182,19.483186574727274,60000,36.1875
1175,1999-03-18,56.32788636363637,56.6192375,56.133652272727275,56.23076931818182,19.483186574727274,106800,36.125
1176,1999-03-19,56.23076931818182,56.32788636363637,55.93941818181818,56.133652272727275,19.449542122436362,107400,36.0625
1177,1999-03-22,56.03653522727273,56.133652272727275,55.55095000000001,56.03653522727273,19.415891454654545,157000,35.1875
1178,1999-03-23,56.03653522727273,56.03653522727273,54.38554545454546,54.676896590909095,18.944797644436363,164200,35.375
1179,1999-03-24,54.774013636363634,54.968247727272725,54.38554545454546,54.968247727272725,19.045744986163633,149200,35.125
1180,1999-03-25,54.57977954545455,55.06536477272728,54.57977954545455,54.57977954545455,18.911146976654546,337200,35.1875
1181,1999-03-26,54.38554545454546,54.774013636363634,54.38554545454546,54.676896590909095,18.944797644436363,75700,35.75
1182,1999-03-29,54.57977954545455,56.133652272727275,54.38554545454546,55.55095000000001,19.247641223490913,134300,36.125
1183,1999-03-30,55.453832954545454,56.52212045454546,55.25959886363636,56.133652272727275,19.449542122436362,151000,36.25
1184,1999-03-31,56.133652272727275,56.32788636363637,55.7451840909091,56.32788636363637,19.516846565745457,157300,36.5
1185,1999-04-01,55.921186823104705,56.4032660198556,55.63193930505415,56.30685018050542,19.509550718176897,330600,36.125
1186,1999-04-05,56.30685018050542,56.30685018050542,55.53552346570398,55.72835514440434,19.309112215415162,57900,35.625
1187,1999-04-06,54.95702842960289,55.342691787003616,54.764196750902535,54.95702842960289,19.04185830731047,199400,35.8125
1188,1999-04-07,54.95702842960289,55.53552346570398,54.95702842960289,55.24627594765344,19.14207833001805,146300,35.75
1189,1999-04-08,55.342691787003616,55.342691787003616,54.95702842960289,55.14986010830326,19.108669084693144,347300,35.4375
1190,1999-04-09,55.05344426895307,55.14986010830326,54.47494923285199,54.66778091155235,18.941635199296034,298200,35.75
1191,1999-04-12,54.66778091155235,55.24627594765344,54.37853339350181,55.14986010830326,19.108669084693144,278800,36.25
1192,1999-04-13,55.921186823104705,56.596097698555965,55.53552346570398,55.921186823104705,19.375930706064988,244100,36.625
1193,1999-04-14,55.72835514440434,56.596097698555965,55.72835514440434,56.49968185920578,19.57636920882672,75700,37.5
1194,1999-04-15,56.596097698555965,57.84950361010831,56.49968185920578,57.84950361010831,20.044061619693142,228600,38.9375
1195,1999-04-16,58.23516696750903,60.54914711191336,58.23516696750903,60.06706791516246,20.8124187266426,223800,39.6875
1196,1999-04-19,60.16348375451264,61.51330550541517,60.16348375451264,61.22405798736463,21.213298817472925,601500,39.75
1197,1999-04-20,61.32047382671481,61.706137184115526,61.127642148014445,61.32047382671481,21.246706520144407,231700,39.9375
1198,1999-04-21,61.706137184115526,61.80255302346571,61.32047382671481,61.609721344765354,21.346929628158847,175500,39.875
1199,1999-04-22,61.609721344765354,61.706137184115526,61.031226308664266,61.51330550541517,21.31351884018051,345700,40.1875
1200,1999-04-23,61.609721344765354,61.99538470216607,61.609721344765354,61.99538470216607,21.48055889619134,196500,40.3125
1201,1999-04-26,62.284632220216615,62.381048059566794,61.80255302346571,62.18821638086643,21.54736196030686,99700,40.6875
1202,1999-04-27,62.381048059566794,62.863127256317696,62.381048059566794,62.76671141696752,21.747808176335745,100800,40.5
1203,1999-04-28,62.76671141696752,62.959543095667875,62.381048059566794,62.47746389891697,21.647589696281596,88600,39.5
1204,1999-04-29,61.706137184115526,61.99538470216607,60.93481046931409,60.93481046931409,21.11308650803249,118300,40.0625
1205,1999-04-30,61.32047382671481,62.09180054151625,61.32047382671481,61.80255302346571,21.413735777581227,159700,41.1875
1206,1999-05-03,61.89896886281589,63.53803813176896,61.89896886281589,63.53803813176896,22.015062084440434,129000,40.875
1207,1999-05-04,63.53803813176896,63.53803813176896,62.47746389891697,63.05595893501806,21.848029741696752,183900,40.5625
1208,1999-05-05,62.09180054151625,62.57387973826715,62.09180054151625,62.57387973826715,22.017647571588448,253100,40.4375
1209,1999-05-06,62.381048059566794,62.67029557761734,62.284632220216615,62.381048059566794,21.949804759061376,38200,40.5
1210,1999-05-07,62.381048059566794,62.959543095667875,62.381048059566794,62.47746389891697,21.983733878592062,324100,40.875
1211,1999-05-10,62.67029557761734,63.05595893501806,62.47746389891697,63.05595893501806,22.1872839133213,179900,41.125
1212,1999-05-11,63.05595893501806,63.53803813176896,62.863127256317696,63.441622292418785,22.322983422256318,284600,41.5
1213,1999-05-12,63.53803813176896,64.3093648465704,63.24879061371842,64.02011732851986,22.52653962759928,131900,41.125
1214,1999-05-13,63.8272856498195,64.40578068592059,63.441622292418785,63.441622292418785,22.322983422256318,695900,41.0
1215,1999-05-14,62.863127256317696,63.441622292418785,62.57387973826715,63.24879061371842,22.255126725848374,397700,41.5
1216,1999-05-17,63.63445397111914,64.7914440433213,63.441622292418785,64.02011732851986,22.52653962759928,436400,41.0
1217,1999-05-18,63.8272856498195,63.92370148916968,63.24879061371842,63.24879061371842,22.255126725848374,58500,40.8125
1218,1999-05-19,63.15237477436823,63.63445397111914,62.863127256317696,62.959543095667875,22.153359421750903,563700,41.3125
1219,1999-05-20,63.15237477436823,63.8272856498195,63.15237477436823,63.73086981046932,22.424752269007225,238600,41.3125
1220,1999-05-21,63.73086981046932,64.02011732851986,63.63445397111914,63.73086981046932,22.424752269007225,85600,42.5
1221,1999-05-24,63.8272856498195,65.85201827617328,63.8272856498195,65.56277075812275,23.06934691925993,136000,41.6875
1222,1999-05-25,65.17710740072204,65.17710740072204,63.63445397111914,64.3093648465704,22.62831310231047,165100,41.5
1223,1999-05-26,64.3093648465704,64.3093648465704,63.92370148916968,64.02011732851986,22.52653962759928,81200,42.0
1224,1999-05-27,63.73086981046932,64.98427572202166,63.63445397111914,64.7914440433213,22.797944816083035,142900,42.0
1225,1999-05-28,64.7914440433213,64.98427572202166,64.7914440433213,64.7914440433213,22.797944816083035,81900,42.5625
1226,1999-06-01,64.98427572202166,65.75560243682311,64.7914440433213,65.65918659747294,23.103274496137185,165700,42.3125
1227,1999-06-02,65.56277075812275,66.23768163357401,65.27352324007221,65.27352324007221,22.967567273935018,388800,42.3125
1228,1999-06-03,65.3699390794224,65.56277075812275,65.17710740072204,65.27352324007221,22.967567273935018,184300,42.5
1229,1999-06-04,65.65918659747294,65.85201827617328,65.46635491877257,65.56277075812275,23.06934691925993,220000,42.375
1230,1999-06-07,65.75560243682311,65.85201827617328,65.08069156137185,65.3699390794224,23.001497936119137,34900,42.5
1231,1999-06-08,65.17710740072204,65.85201827617328,65.17710740072204,65.56277075812275,23.06934691925993,62400,42.375
1232,1999-06-09,65.75560243682311,65.75560243682311,65.17710740072204,65.3699390794224,23.001497936119137,24300,42.25
1233,1999-06-10,65.46635491877257,65.46635491877257,64.98427572202166,65.17710740072204,22.93363815440433,140700,42.25
1234,1999-06-11,65.08069156137185,65.46635491877257,64.98427572202166,65.17710740072204,22.93363815440433,64800,42.0625
1235,1999-06-14,65.27352324007221,65.27352324007221,63.441622292418785,64.88785988267149,22.83186313703971,93900,42.75
1236,1999-06-15,64.59861236462095,65.94843411552347,64.59861236462095,65.94843411552347,23.205046428194947,367700,43.3125
1237,1999-06-16,65.56277075812275,66.91259250902527,65.56277075812275,66.8161766696751,23.51037919355596,128300,43.6875
1238,1999-06-17,66.8161766696751,67.39467170577618,66.71976083032492,67.39467170577618,23.713924600324912,222800,44.125
1239,1999-06-18,67.49108754512636,68.06958258122745,67.20184002707583,68.06958258122745,23.95141301050542,244800,43.5
1240,1999-06-21,67.97316674187725,67.97316674187725,67.10542418772563,67.10542418772563,23.61215421092058,161700,43.25
1241,1999-06-22,67.10542418772563,67.39467170577618,66.71976083032492,66.71976083032492,23.47645470198556,108500,42.9375
1242,1999-06-23,66.8161766696751,66.8161766696751,65.94843411552347,66.23768163357401,23.306819902906142,400700,42.8125
1243,1999-06-24,66.33409747292419,66.43051331227439,66.04484995487365,66.04484995487365,23.238972462418772,210500,42.75
1244,1999-06-25,66.14126579422384,66.33409747292419,65.75560243682311,65.94843411552347,23.205046428194947,200100,42.6875
1245,1999-06-28,65.94843411552347,66.23768163357401,65.75560243682311,65.85201827617328,23.17112656458484,170600,42.875
1246,1999-06-29,65.65918659747294,66.33409747292419,65.65918659747294,66.14126579422384,23.27289232602888,98300,42.75
1247,1999-06-30,65.75560243682311,66.71976083032492,65.3699390794224,65.94843411552347,23.205046428194947,283600,41.9375
1248,1999-07-01,65.36612177564487,65.55837507498501,64.30872862927416,64.50098192861428,22.695743457246557,283800,41.9375
1249,1999-07-02,64.59710857828435,64.59710857828435,64.40485527894423,64.50098192861428,22.695743457246557,100700,41.8125
1250,1999-07-06,64.69323522795442,64.78936187762449,64.21260197960409,64.30872862927416,22.628088752195563,77500,41.75
1251,1999-07-07,64.40485527894423,64.40485527894423,64.21260197960409,64.21260197960409,22.594256785590883,27500,41.125
1252,1999-07-08,64.21260197960409,64.30872862927416,63.25133548290343,63.25133548290343,22.25602786310138,157800,41.375
1253,1999-07-09,63.25133548290343,63.73196873125376,63.15520883323336,63.63584208158369,22.39132035491302,165900,41.3125
1254,1999-07-12,63.63584208158369,63.73196873125376,63.44358878224356,63.53971543191363,22.35749146436113,30000,41.25
1255,1999-07-13,63.44358878224356,63.63584208158369,63.25133548290343,63.44358878224356,22.32367180196761,56600,41.4375
1256,1999-07-14,63.44358878224356,63.73196873125376,63.3474621325735,63.73196873125376,22.425144631385727,84700,41.25
1257,1999-07-15,63.73196873125376,63.73196873125376,63.15520883323336,63.44358878224356,22.32367180196761,180400,41.375
1258,1999-07-16,63.25133548290343,63.63584208158369,63.15520883323336,63.63584208158369,22.39132035491302,164300,40.9375
1259,1999-07-19,63.3474621325735,63.53971543191363,62.96295553389323,62.96295553389323,22.1545750280264,121900,40.6875
1260,1999-07-20,63.0590821835633,63.44358878224356,62.57844893521296,62.57844893521296,22.01926100384523,293700,41.0
1261,1999-07-21,62.7707022345531,63.15520883323336,62.67457558488303,63.0590821835633,22.188374696076785,133300,40.875
1262,1999-07-22,63.25133548290343,63.44358878224356,62.86682888422316,62.86682888422316,22.120735371289744,261000,41.0
1263,1999-07-23,62.96295553389323,63.15520883323336,62.7707022345531,63.0590821835633,22.188374696076785,139500,40.625
1264,1999-07-26,62.86682888422316,62.96295553389323,62.4823222855429,62.4823222855429,21.9854444175045,131100,40.5625
1265,1999-07-27,62.4823222855429,62.86682888422316,62.29006898620276,62.38619563587283,21.95160783682064,65400,40.5625
1266,1999-07-28,62.38619563587283,62.4823222855429,62.1939423365327,62.38619563587283,21.95160783682064,107000,40.8125
1267,1999-07-29,62.29006898620276,62.7707022345531,62.29006898620276,62.7707022345531,22.08691263284343,210400,40.8125
1268,1999-07-30,62.96295553389323,62.96295553389323,62.29006898620276,62.7707022345531,22.08691263284343,185500,40.6875
1269,1999-08-02,62.71633976660683,62.71633976660683,62.140960502693005,62.428650134649914,21.966551821310592,45900,40.6875
1270,1999-08-03,62.33275359066428,62.52454667863555,62.140960502693005,62.428650134649914,21.966551821310592,83200,39.8125
1271,1999-08-04,61.565581238779174,61.565581238779174,60.60661579892281,61.08609851885099,21.829474999820466,245500,39.9375
1272,1999-08-05,61.277891606822266,61.565581238779174,61.08609851885099,61.277891606822266,21.898018780771995,49700,39.75
1273,1999-08-06,61.277891606822266,61.277891606822266,60.70251234290844,60.99020197486536,21.79520847955117,134700,39.625
1274,1999-08-09,61.277891606822266,61.277891606822266,60.41482271095153,60.79840888689408,21.726676973357275,43100,39.25
1275,1999-08-10,60.79840888689408,60.79840888689408,60.03123653500898,60.223029622980256,21.52104409615799,61400,39.25
1276,1999-08-11,60.41482271095153,60.60661579892281,60.079184807001795,60.223029622980256,21.52104409615799,43800,39.6875
1277,1999-08-12,60.223029622980256,60.89430543087972,60.223029622980256,60.89430543087972,21.76094349362657,39500,40.375
1278,1999-08-13,60.99020197486536,62.23685704667864,60.99020197486536,61.94916741472173,22.137898231759426,94600,40.1875
1279,1999-08-16,62.04506395870736,62.140960502693005,61.373788150807904,61.66147778276482,22.03509099922801,65200,40.4375
1280,1999-08-17,61.8532708707361,62.04506395870736,61.75737432675045,62.04506395870736,22.17217549244165,40600,40.6875
1281,1999-08-18,61.8532708707361,62.428650134649914,61.8532708707361,62.428650134649914,22.30924003917415,32300,40.6875
1282,1999-08-19,62.23685704667864,62.52454667863555,62.140960502693005,62.428650134649914,22.30924003917415,90300,40.4375
1283,1999-08-20,62.23685704667864,62.52454667863555,61.94916741472173,62.04506395870736,22.17217549244165,179000,40.8125
1284,1999-08-23,62.33275359066428,62.71633976660683,62.33275359066428,62.62044322262119,22.37778535447038,102100,40.5625
1285,1999-08-24,62.62044322262119,62.71633976660683,62.140960502693005,62.23685704667864,22.24070239560144,132700,40.625
1286,1999-08-25,62.33275359066428,62.52454667863555,62.140960502693005,62.33275359066428,22.274981190628363,62600,40.5625
1287,1999-08-26,62.428650134649914,62.428650134649914,62.04506395870736,62.23685704667864,22.24070239560144,31000,40.625
1288,1999-08-27,62.23685704667864,62.71633976660683,62.140960502693005,62.33275359066428,22.274981190628363,14500,40.5625
1289,1999-08-30,62.71633976660683,62.71633976660683,62.23685704667864,62.23685704667864,22.24070239560144,26000,41.0
1290,1999-08-31,62.140960502693005,62.908132854578106,61.8532708707361,62.908132854578106,22.480584915278275,98700,40.5625
1291,1999-09-01,62.417512656343064,62.417512656343064,61.844874925550926,61.940314547349615,22.134731210869568,375200,40.0625
1292,1999-09-02,61.749435303752236,61.749435303752236,60.79503908576534,61.1767975729601,21.86188689303752,159000,40.25
1293,1999-09-03,61.36767681655748,61.55855606015486,61.1767975729601,61.46311643835617,21.96420580277546,26800,40.5
1294,1999-09-07,61.46311643835617,61.844874925550926,61.36767681655748,61.844874925550926,22.100637123895176,36000,40.5625
1295,1999-09-08,61.844874925550926,61.940314547349615,61.55855606015486,61.940314547349615,22.134731210869568,37600,40.0
1296,1999-09-09,61.940314547349615,61.940314547349615,61.08135795116141,61.08135795116141,21.827782116825492,123900,40.125
1297,1999-09-10,61.1767975729601,61.27223719475879,60.89047870756403,61.27223719475879,21.895991669249554,57300,39.75
1298,1999-09-13,61.08135795116141,61.1767975729601,60.50872022036927,60.69959946396664,21.69135995790947,34400,39.25
1299,1999-09-14,60.69959946396664,60.69959946396664,59.93608248957713,59.93608248957713,21.418501896771886,49000,38.625
1300,1999-09-15,59.93608248957713,59.93608248957713,58.886246649791545,58.98168627159023,21.07744039134604,93100,38.5625
1301,1999-09-16,58.98168627159023,59.172565515187614,58.790807027992855,58.886246649791545,21.04333408810006,140000,38.875
1302,1999-09-17,58.886246649791545,59.36344475878499,58.599927784395476,59.36344475878499,21.213879347635498,143500,38.75
1303,1999-09-20,59.172565515187614,59.2680051369863,58.886246649791545,59.172565515187614,21.145660633007743,21800,38.625
1304,1999-09-21,58.790807027992855,58.98168627159023,58.790807027992855,58.98168627159023,21.07744039134604,80200,38.625
1305,1999-09-22,58.98168627159023,59.077125893388924,58.69536740619416,58.98168627159023,21.07744039134604,98300,38.5
1306,1999-09-23,58.790807027992855,58.98168627159023,58.599927784395476,58.790807027992855,21.009238474091724,39000,37.6875
1307,1999-09-24,58.599927784395476,58.599927784395476,57.26377307921381,57.55009194460988,20.56586264002978,58300,37.9375
1308,1999-09-27,57.83641081000595,58.21816929720072,57.4546523228112,57.93185043180465,20.7022847989458,87300,37.4375
1309,1999-09-28,57.93185043180465,57.93185043180465,56.88201459201906,57.16833345741513,20.429445062215603,138900,38.0
1310,1999-09-29,57.35921270101251,58.21816929720072,57.07289383561644,58.02729005360334,20.73638957515783,80700,38.25
1311,1999-09-30,58.02729005360334,58.40904854079809,57.83641081000595,58.40904854079809,20.872816315175697,154800,38.0
1312,1999-10-01,58.304870689655175,58.68594827586208,57.73325431034483,57.92379310344828,20.69940433810345,129500,37.8125
1313,1999-10-04,57.92379310344828,57.92379310344828,57.447446120689655,57.63798491379311,20.597269447758624,159100,38.0
1314,1999-10-05,57.54271551724138,58.495409482758625,57.54271551724138,57.92379310344828,20.69940433810345,74100,38.25
1315,1999-10-06,58.304870689655175,58.4001400862069,57.73325431034483,58.304870689655175,20.83558774862069,255200,38.0
1316,1999-10-07,58.114331896551725,58.114331896551725,57.73325431034483,57.92379310344828,20.69940433810345,79300,38.0
1317,1999-10-08,57.82852370689656,58.209601293103454,57.82852370689656,57.92379310344828,20.69940433810345,89300,38.0
1318,1999-10-11,57.92379310344828,58.209601293103454,57.73325431034483,57.92379310344828,20.69940433810345,35600,38.25
1319,1999-10-12,57.92379310344828,58.304870689655175,57.92379310344828,58.304870689655175,20.83558774862069,29200,37.875
1320,1999-10-13,58.01906250000001,58.209601293103454,57.16163793103449,57.73325431034483,20.631316443620694,349300,38.0
1321,1999-10-14,57.73325431034483,58.114331896551725,57.54271551724138,57.92379310344828,20.69940433810345,24600,38.1875
1322,1999-10-15,57.73325431034483,58.209601293103454,57.73325431034483,58.209601293103454,20.801539228448277,97200,38.25
1323,1999-10-18,57.92379310344828,58.495409482758625,57.35217672413794,58.304870689655175,20.83558774862069,152000,38.5625
1324,1999-10-19,58.304870689655175,58.876487068965524,58.304870689655175,58.781217672413796,21.005801387586207,79800,38.3125
1325,1999-10-20,58.59067887931035,58.59067887931035,57.73325431034483,58.4001400862069,20.86963017155173,341100,38.0
1326,1999-10-21,58.209601293103454,58.209601293103454,57.92379310344828,57.92379310344828,20.69940433810345,36700,38.0
1327,1999-10-22,57.92379310344828,58.01906250000001,57.73325431034483,57.92379310344828,20.69940433810345,70400,37.875
1328,1999-10-25,57.92379310344828,57.92379310344828,57.73325431034483,57.73325431034483,20.631316443620694,91700,37.5
1329,1999-10-26,57.73325431034483,57.82852370689656,57.16163793103449,57.16163793103449,20.42704818724138,108100,36.6875
1330,1999-10-27,57.06636853448276,57.16163793103449,55.6373275862069,55.92313577586208,19.98446467862069,290300,36.5
1331,1999-10-28,55.82786637931035,56.3994827586207,55.6373275862069,55.6373275862069,19.882323691034482,257700,37.625
1332,1999-10-29,56.01840517241379,57.54271551724138,56.01840517241379,57.35217672413794,20.49513913034483,168800,38.125
1333,1999-11-01,57.50852495543672,58.270227272727276,57.50852495543672,58.07980169340463,20.75515875862745,78200,38.4375
1334,1999-11-02,57.984588903743315,59.31756795900178,57.984588903743315,58.55586564171123,20.925297158431373,150400,38.4375
1335,1999-11-03,58.84150401069519,58.84150401069519,58.46065285204991,58.55586564171123,20.925297158431373,79500,38.4375
1336,1999-11-04,57.889376114082,59.031929590017825,57.69895053475936,58.55586564171123,21.2711678998574,258700,38.625
1337,1999-11-05,58.65107843137255,59.031929590017825,58.270227272727276,58.84150401069519,21.374916325686275,58200,38.5
1338,1999-11-08,58.55586564171123,59.031929590017825,58.46065285204991,58.65107843137255,21.305747661657755,90700,38.875
1339,1999-11-09,58.9367168003565,59.4127807486631,58.270227272727276,59.22235516934046,21.513270411194295,76000,38.625
1340,1999-11-10,59.4127807486631,59.4127807486631,58.270227272727276,58.84150401069519,21.374916325686275,125100,38.75
1341,1999-11-11,58.9367168003565,59.50799353832442,58.9367168003565,59.031929590017825,21.44408346631016,104300,38.5
1342,1999-11-12,59.031929590017825,59.12714237967914,58.46065285204991,58.65107843137255,21.305747661657755,71600,37.8125
1343,1999-11-15,58.9367168003565,59.031929590017825,57.50852495543672,57.60373774509804,20.925288018003567,143500,37.875
1344,1999-11-16,57.79416332442067,57.79416332442067,57.50852495543672,57.69895053475936,20.95987387342246,132800,37.5
1345,1999-11-17,57.69895053475936,57.69895053475936,56.937248217468806,57.12767379679144,20.752340460053475,229300,37.0
1346,1999-11-18,56.84203542780748,56.84203542780748,56.36597147950089,56.36597147950089,20.475647523083776,153900,37.5
1347,1999-11-19,57.50852495543672,57.50852495543672,56.74682263814617,57.12767379679144,20.752340460053475,101800,36.875
1348,1999-11-22,56.84203542780748,57.032461007130124,55.985120320855614,56.17554590017826,20.406477335650624,276900,36.75
1349,1999-11-23,55.985120320855614,56.27075868983957,55.12820521390374,55.985120320855614,20.337299531194297,216700,36.875
1350,1999-11-24,55.985120320855614,56.74682263814617,55.79469474153298,56.17554590017826,20.406477335650624,188400,36.625
1351,1999-11-26,55.985120320855614,56.17554590017826,55.79469474153298,55.79469474153298,20.268129343761142,26100,36.5625
1352,1999-11-29,55.604269162210336,55.985120320855614,55.50905637254902,55.699481951871654,20.233545011746877,90700,37.1875
1353,1999-11-30,55.88990753119429,56.74682263814617,55.50905637254902,56.651609848484846,20.579414229768272,138800,37.5625
1354,1999-12-01,56.651609848484846,57.22288658645276,56.651609848484846,57.22288658645276,20.786938502709447,203500,37.3125
1355,1999-12-02,57.032461007130124,57.22288658645276,56.55639705882353,56.84203542780748,20.648584417201423,177200,37.4375
1356,1999-12-03,57.032461007130124,57.50852495543672,56.74682263814617,57.032461007130124,20.717756128039216,117500,37.375
1357,1999-12-06,57.032461007130124,57.032461007130124,56.937248217468806,56.937248217468806,20.683171796024954,206700,37.375
1358,1999-12-07,56.84203542780748,57.032461007130124,56.74682263814617,56.937248217468806,20.683171796024954,111500,37.0625
1359,1999-12-08,56.937248217468806,56.937248217468806,56.27075868983957,56.46118426916221,20.510236425311945,133300,36.8125
1360,1999-12-09,56.36597147950089,56.46118426916221,56.08033311051693,56.08033311051693,20.371886910017828,248800,36.75
1361,1999-12-10,56.36597147950089,56.36597147950089,55.79469474153298,55.985120320855614,20.337299531194297,176100,36.6875
1362,1999-12-13,56.08033311051693,56.17554590017826,55.79469474153298,55.88990753119429,20.30271519918004,119500,36.3125
1363,1999-12-14,55.79469474153298,55.985120320855614,55.318630793226376,55.318630793226376,20.09519244964349,192800,35.8125
1364,1999-12-15,55.223418003565065,55.318630793226376,54.271290106951874,54.55692847593583,19.81849037224599,74400,34.6875
1365,1999-12-16,54.17607731729055,54.36650289661319,52.652672682709444,52.843098262032086,19.19592974065954,412600,35.125
1366,1999-12-17,52.46224710338681,54.84256684491979,51.890970365418895,53.50958778966132,19.438026158377895,798700,35.8125
1367,1999-12-20,53.890438948306596,54.55692847593583,53.79522615864527,54.55692847593583,19.81849037224599,248400,35.75
1368,1999-12-21,54.46171568627451,54.65214126559715,53.31916221033868,54.46171568627451,19.78389689980392,165200,35.5625
1369,1999-12-22,54.46171568627451,54.84256684491979,54.17607731729055,54.17607731729055,19.68014847397504,81400,36.375
1370,1999-12-23,54.55692847593583,55.699481951871654,54.55692847593583,55.4138435828877,20.129778305062388,145000,36.8125
1371,1999-12-27,55.318630793226376,56.36597147950089,55.318630793226376,56.08033311051693,20.371886910017828,110300,38.75
1372,1999-12-28,56.17554590017826,59.4127807486631,56.17554590017826,59.031929590017825,21.44408346631016,301500,38.9375
1373,1999-12-29,59.031929590017825,59.79363190730838,59.031929590017825,59.31756795900178,21.547860836827095,124200,39.9375
1374,1999-12-30,59.31756795900178,61.12661096256684,59.31756795900178,60.84097259358288,22.10125737459893,159800,39.8125
1375,1999-12-31,60.84097259358288,61.22182375222816,60.55533422459893,60.65054701426025,22.0320749999287,82200,38.0
1376,2000-01-03,60.37596415876777,60.470894920023696,57.43311055983412,57.7179028436019,20.96675727618483,181500,37.5
1377,2000-01-04,57.7179028436019,57.7179028436019,56.67366446978673,56.9584567535545,20.69087025726896,250900,37.875
1378,2000-01-05,56.9584567535545,57.62297208234597,56.76859523104265,57.52804132109005,20.89778893896327,108100,38.625
1379,2000-01-06,57.43311055983412,58.857071978672984,57.43311055983412,58.667210456161136,21.311602000077016,71000,39.0625
1380,2000-01-07,58.667210456161136,59.80637959123223,58.667210456161136,59.3317257849526,21.55299193979858,108300,39.6875
1381,2000-01-10,59.23679502369668,60.37596415876777,59.04693350118483,60.28103339751185,21.897845777043838,244100,39.5
1382,2000-01-11,60.37596415876777,60.37596415876777,58.47734893364929,59.99624111374408,21.794395549549765,292800,39.5
1383,2000-01-12,60.186102636255924,60.186102636255924,59.80637959123223,59.99624111374408,21.794395549549765,55600,38.875
1384,2000-01-13,59.80637959123223,59.99624111374408,58.95200273992891,59.04693350118483,21.449546268981038,60300,37.5625
1385,2000-01-14,59.141864262440755,59.52158730746445,56.9584567535545,57.053387514810424,20.72536581757109,1043900,38.1875
1386,2000-01-18,57.053387514810424,58.00269512736966,56.76859523104265,58.00269512736966,21.070198390325825,95100,38.5
1387,2000-01-19,57.812833604857815,58.95200273992891,57.812833604857815,58.47734893364929,21.24263821953199,96900,37.875
1388,2000-01-20,58.19255664988151,58.382418172393365,57.43311055983412,57.52804132109005,20.89778893896327,65300,38.1875
1389,2000-01-21,57.52804132109005,58.00269512736966,56.9584567535545,58.00269512736966,21.070198390325825,151600,37.75
1390,2000-01-24,57.812833604857815,57.907764366113746,57.24324903732227,57.3381797985782,20.828813007280807,75900,37.25
1391,2000-01-25,57.43311055983412,57.7179028436019,56.48380294727488,56.578733708530805,20.55293813950237,298000,36.9375
1392,2000-01-26,56.578733708530805,56.578733708530805,55.62942609597157,56.10407990225118,20.38052109367891,182000,37.75
1393,2000-01-27,56.19901066350711,57.52804132109005,56.19901066350711,57.3381797985782,20.828813007280807,226500,37.75
1394,2000-01-28,57.43311055983412,57.907764366113746,56.76859523104265,57.3381797985782,20.828813007280807,268000,37.875
1395,2000-01-31,57.3381797985782,57.52804132109005,57.14831827606635,57.52804132109005,20.89778893896327,144800,37.9375
1396,2000-02-01,57.18924249116608,57.75547261484099,56.528640680212014,57.28361417844523,20.808990263886923,164800,37.875
1397,2000-02-02,56.24552561837456,57.56672924028268,56.24552561837456,57.18924249116608,21.165251688074203,142900,37.875
1398,2000-02-03,57.18924249116608,57.28361417844523,56.90612742932862,57.18924249116608,21.165251688074203,113900,36.6875
1399,2000-02-04,57.18924249116608,57.28361417844523,55.11306537102473,55.39618043286219,20.501636022915193,1786200,36.75
1400,2000-02-07,55.39618043286219,55.7736671819788,55.20743705830388,55.49055212014134,20.53657166657244,130000,37.125
1401,2000-02-08,55.49055212014134,56.05678224381626,55.30180874558304,56.05678224381626,20.74612211074205,163200,37.375
1402,2000-02-09,56.43426899293286,56.528640680212014,56.05678224381626,56.43426899293286,20.885831466537102,63900,37.1875
1403,2000-02-10,56.24552561837456,56.43426899293286,55.86803886925795,56.1511539310954,20.781053224558306,78000,36.75
1404,2000-02-11,55.86803886925795,55.86803886925795,54.82995030918728,55.49055212014134,20.53657166657244,181000,37.0
1405,2000-02-14,56.24552561837456,56.623012367491164,55.49055212014134,55.86803886925795,20.676273472632502,180800,37.25
1406,2000-02-15,55.679295494699645,56.24552561837456,55.11306537102473,56.24552561837456,20.81597678863957,217000,38.0
1407,2000-02-16,55.86803886925795,57.47235755300353,55.86803886925795,57.377985865724376,21.235092776448763,266300,38.0625
1408,2000-02-17,57.18924249116608,57.47235755300353,57.00049911660778,57.47235755300353,21.270026910159007,137200,37.5
1409,2000-02-18,57.377985865724376,57.47235755300353,56.43426899293286,56.623012367491164,20.95568161459364,93100,37.1875
1410,2000-02-22,56.528640680212014,56.90612742932862,56.05678224381626,56.1511539310954,20.781053224558306,64500,37.1875
1411,2000-02-23,56.33989730565371,56.623012367491164,55.9624105565371,56.1511539310954,20.781053224558306,53700,37.0
1412,2000-02-24,55.7736671819788,56.1511539310954,55.7736671819788,55.86803886925795,20.676273472632502,51600,37.1875
1413,2000-02-25,56.1511539310954,56.1511539310954,55.86803886925795,56.1511539310954,20.781053224558306,47900,36.625
1414,2000-02-28,55.9624105565371,56.05678224381626,54.92432199646643,55.30180874558304,20.46671849862191,148000,37.0
1415,2000-02-29,55.679295494699645,56.1511539310954,55.20743705830388,55.86803886925795,20.676273472632502,119500,36.875
1416,2000-03-01,55.22397415303739,55.50477402161216,55.03677424065421,55.22397415303739,20.437915848662385,113400,36.8125
1417,2000-03-02,55.41117406542057,55.598373977803746,55.1303741968458,55.1303741968458,20.403262898481312,62300,37.1875
1418,2000-03-03,55.22397415303739,56.25357367114486,55.22397415303739,55.691973933995335,20.611114705198602,244500,37.5625
1419,2000-03-06,55.785573890186924,56.25357367114486,55.598373977803746,56.25357367114486,20.818963516717286,78300,37.5
1420,2000-03-07,56.44077358352804,56.62797349591122,55.691973933995335,56.159973714953274,20.784315059334116,100200,37.4375
1421,2000-03-08,55.87917384637851,56.159973714953274,55.598373977803746,56.066373758761685,20.749678582745332,116600,37.0625
1422,2000-03-09,55.598373977803746,55.691973933995335,55.41117406542057,55.50477402161216,20.541835761623833,146100,37.125
1423,2000-03-10,55.50477402161216,55.598373977803746,54.568774459696265,55.598373977803746,20.57646924301402,89900,36.9375
1424,2000-03-13,55.9727738025701,55.9727738025701,55.03677424065421,55.31757410922898,20.472556818049064,36000,37.0
1425,2000-03-14,55.22397415303739,56.159973714953274,55.1303741968458,55.41117406542057,20.50719179703855,78000,39.125
1426,2000-03-15,55.41117406542057,58.59357257593459,55.22397415303739,58.59357257593459,21.684972775391362,341800,39.4375
1427,2000-03-16,58.59357257593459,59.43597218165888,58.59357257593459,59.061572356892526,21.85817312952687,234000,39.8125
1428,2000-03-17,59.43597218165888,59.81037200642524,59.061572356892526,59.62317209404206,22.066003969853977,66500,39.375
1429,2000-03-20,59.81037200642524,59.81037200642524,58.40637266355141,58.967972400700944,21.823538150537388,215100,39.25
1430,2000-03-21,58.967972400700944,58.967972400700944,58.21917275116823,58.780772488317766,21.754242733370326,126800,38.5
1431,2000-03-22,58.687172532126176,58.687172532126176,56.72157345210281,57.657573014018695,21.338560086325934,185800,38.1875
1432,2000-03-23,58.03197283878505,58.03197283878505,57.09597327686917,57.189573233060756,21.165362727389017,357400,38.0
1433,2000-03-24,57.470373101635516,57.470373101635516,56.72157345210281,56.90877336448599,21.061441316828272,124600,38.1875
1434,2000-03-27,57.283173189252345,57.470373101635516,56.90877336448599,57.189573233060756,21.165362727389017,129000,38.3125
1435,2000-03-28,57.376773145443934,57.470373101635516,57.189573233060756,57.376773145443934,21.234637178165887,116600,38.5
1436,2000-03-29,57.00237332067758,57.751172970210284,57.00237332067758,57.657573014018695,21.338560086325934,121900,38.0
1437,2000-03-30,57.56397305782711,58.59357257593459,56.90877336448599,56.90877336448599,21.061441316828272,374100,38.1875
1438,2000-03-31,56.72157345210281,57.189573233060756,56.53437353971963,57.189573233060756,21.165362727389017,112500,38.0
1439,2000-04-03,57.062642294220666,57.062642294220666,56.5013704028021,56.87555166374781,21.04914625476357,275400,37.9375
1440,2000-04-04,56.87555166374781,57.24973292469352,56.59491571803852,56.78200634851138,21.01453149467601,266700,38.3125
1441,2000-04-05,56.87555166374781,57.43682355516637,56.688461033274955,57.34327823992995,21.22224100935201,174000,38.6875
1442,2000-04-06,57.62391418563923,57.998095446584934,57.62391418563923,57.904550131348515,21.42996998145359,146200,39.25
1443,2000-04-07,58.5593673380035,58.746457968476356,58.18518607705779,58.746457968476356,21.74154323381786,110000,39.6875
1444,2000-04-10,58.372276707530645,59.5883658056042,58.372276707530645,59.401275175131346,21.98388846273205,87300,39.875
1445,2000-04-11,59.49482049036778,59.68191112084063,58.84000328371278,59.68191112084063,22.087755193870404,444600,40.0
1446,2000-04-12,59.5883658056042,59.86900175131348,59.30772985989492,59.86900175131348,22.156995191120842,321400,40.375
1447,2000-04-13,59.86900175131348,60.710909588441325,59.86900175131348,60.43027364273205,22.36471368614711,246700,39.9375
1448,2000-04-14,60.05609238178634,60.243183012259195,59.49482049036778,59.77545643607706,22.12238192775832,153200,39.8125
1449,2000-04-17,59.5883658056042,60.05609238178634,58.746457968476356,59.5883658056042,22.053122473082315,126600,40.0
1450,2000-04-18,59.5883658056042,59.86900175131348,59.401275175131346,59.86900175131348,22.156995191120842,45800,40.0
1451,2000-04-19,59.77545643607706,59.96254706654991,59.68191112084063,59.86900175131348,22.156995191120842,310600,40.125
1452,2000-04-20,59.77545643607706,60.05609238178634,59.5883658056042,60.05609238178634,22.226241175271454,36400,40.375
1453,2000-04-24,59.68191112084063,60.617364273204906,59.68191112084063,60.43027364273205,22.36471368614711,77300,40.125
1454,2000-04-25,60.52381895796847,60.617364273204906,59.5883658056042,60.05609238178634,22.226241175271454,201600,39.5
1455,2000-04-26,59.77545643607706,59.86900175131348,59.12063922942206,59.12063922942206,21.88003669884413,136500,39.625
1456,2000-04-27,59.30772985989492,59.5883658056042,59.027093914185635,59.30772985989492,21.949276696094568,188500,39.75
1457,2000-04-28,59.49482049036778,59.49482049036778,58.84000328371278,59.49482049036778,22.018509209719788,142300,40.625
1458,2000-05-01,59.892619897959186,60.73354591836735,59.892619897959186,60.73354591836735,22.476965838979595,125600,41.75
1459,2000-05-02,61.10729081632653,64.1906862244898,61.10729081632653,62.41539795918368,23.099390127183675,335900,40.8125
1460,2000-05-03,61.10729081632653,62.41539795918368,61.01385459183674,61.01385459183674,22.9657524064898,161300,40.75
1461,2000-05-04,60.82698214285715,61.10729081632653,60.17292857142858,60.92041836734694,22.930578526653065,87400,40.6875
1462,2000-05-05,60.73354591836735,61.294163265306125,60.73354591836735,60.82698214285715,22.895401656857143,72900,40.5
1463,2000-05-08,60.64010969387755,60.82698214285715,59.799183673469386,60.546673469387756,22.789905432000005,69900,40.625
1464,2000-05-09,60.26636479591837,61.10729081632653,60.17292857142858,60.73354591836735,22.860247211755105,102300,40.25
1465,2000-05-10,60.73354591836735,60.82698214285715,59.892619897959186,60.17292857142858,22.649221872489797,94100,40.4375
1466,2000-05-11,60.07949234693878,60.64010969387755,60.07949234693878,60.45323724489796,22.75473454212245,74100,40.5
1467,2000-05-12,60.35980102040817,60.546673469387756,60.17292857142858,60.546673469387756,22.789905432000005,55800,40.375
1468,2000-05-15,60.92041836734694,60.92041836734694,59.98605612244898,60.35980102040817,22.719563652244897,42500,40.5
1469,2000-05-16,59.98605612244898,60.92041836734694,59.892619897959186,60.546673469387756,22.789905432000005,88100,40.1875
1470,2000-05-17,60.546673469387756,60.73354591836735,60.07949234693878,60.07949234693878,22.61404948763265,67700,40.25
1471,2000-05-18,60.07949234693878,60.45323724489796,59.518875,60.17292857142858,22.649221872489797,105400,40.375
1472,2000-05-19,60.17292857142858,60.35980102040817,59.892619897959186,60.35980102040817,22.719563652244897,69800,40.5
1473,2000-05-22,60.73354591836735,60.92041836734694,60.26636479591837,60.546673469387756,22.789905432000005,128400,41.0
1474,2000-05-23,60.35980102040817,61.294163265306125,60.17292857142858,61.294163265306125,23.071260591183677,144600,40.6875
1475,2000-05-24,61.10729081632653,61.10729081632653,60.35980102040817,60.82698214285715,22.895401656857143,111000,41.0
1476,2000-05-25,61.66790816326531,61.66790816326531,60.26636479591837,61.294163265306125,23.071260591183677,263200,40.25
1477,2000-05-26,61.294163265306125,61.294163265306125,59.799183673469386,60.17292857142858,22.649221872489797,38300,40.0625
1478,2000-05-30,60.35980102040817,61.294163265306125,59.892619897959186,59.892619897959186,22.54371518277551,84200,40.0625
1479,2000-05-31,59.98605612244898,59.98605612244898,59.238566326530616,59.892619897959186,22.54371518277551,100800,40.625
1480,2000-06-01,59.57995540893272,60.41649144431555,59.57995540893272,60.41649144431555,22.740907174106727,118000,40.59375
1481,2000-06-02,60.788285237819025,60.97418213457077,60.37001722012761,60.37001722012761,22.723413532534803,56500,40.46875
1482,2000-06-05,60.04469765081207,60.60238834106729,59.858800754060326,60.18412032337587,22.653440453422274,97600,41.15625
1483,2000-06-06,60.97418213457077,61.345975928074246,60.695336789443154,61.20655325551044,23.038290157778423,109600,41.53125
1484,2000-06-07,61.253027479698375,61.90366661832947,61.06713058294663,61.76424394576566,23.248200472064966,47200,41.71875
1485,2000-06-08,61.90366661832947,62.27546041183295,60.695336789443154,62.04308929089327,23.35315934714617,69300,41.78125
1486,2000-06-09,62.27546041183295,62.46135730858469,62.08956351508121,62.13603773926914,23.388149604640372,81000,41.84375
1487,2000-06-12,62.46135730858469,62.46135730858469,61.99661506670534,62.22898618764501,23.42313688778422,94800,42.03125
1488,2000-06-13,62.55430575696056,62.83315110208817,62.182511963457074,62.50783153277262,23.52808237828886,120400,42.40625
1489,2000-06-14,63.11199644721578,63.57673868909512,62.46135730858469,63.06552222302784,23.738000128451276,260400,42.71875
1490,2000-06-15,62.92609955046404,64.13442937935035,62.92609955046404,63.5302644649072,23.912933569820183,233600,41.96875
1491,2000-06-16,63.57673868909512,63.57673868909512,62.08956351508121,62.414883084396756,23.493106992546405,73600,42.15625
1492,2000-06-19,62.46135730858469,62.83315110208817,62.08956351508121,62.69372842952436,23.598056944576566,66400,43.34375
1493,2000-06-20,62.92609955046404,64.50622317285382,62.83315110208817,64.4597489486659,24.26279004233179,137300,43.40625
1494,2000-06-21,64.69212006960558,64.78506851798143,63.85558403422274,64.55269739704175,24.29777881265081,69600,43.40625
1495,2000-06-22,64.69212006960558,65.15686231148491,64.41327472447796,64.55269739704175,24.29777881265081,230000,43.21875
1496,2000-06-23,64.3203262761021,64.41327472447796,63.94853248259861,64.27385205191415,24.19282886062065,52500,42.6875
1497,2000-06-26,64.41327472447796,64.41327472447796,62.92609955046404,63.48379024071926,23.895438441073086,129200,43.625
1498,2000-06-27,63.57673868909512,65.06391386310905,63.48379024071926,64.87801696635731,24.42023876517981,177400,44.0
1499,2000-06-28,64.87801696635731,65.5286561049884,64.69212006960558,65.43570765661254,24.630141643590488,252300,44.625
1500,2000-06-29,65.43570765661254,66.4581405887471,65.2498107598608,66.36519214037124,24.980008526328305,124200,43.5625
1501,2000-06-30,66.4581405887471,67.29467662412992,64.3203262761021,64.78506851798143,24.385255943561482,316200,44.0625
1502,2000-07-03,64.82056966145832,65.46970269097223,64.82056966145832,65.37696940104166,24.608021851024304,49400,44.25
1503,2000-07-05,66.39703559027778,66.39703559027778,65.65516927083334,65.65516927083334,24.712754086805553,304200,44.875
1504,2000-07-06,65.65516927083334,66.67523546006944,65.00603624131945,66.5825021701389,25.061802190104167,615800,45.625
1505,2000-07-07,66.76796875,67.88076822916666,66.76796875,67.69530164930556,25.480658430329857,506100,45.4375
1506,2000-07-10,67.32436848958332,68.25170138888888,66.95343532986111,67.41710177951389,25.375960320399304,204800,45.625
1507,2000-07-11,67.41710177951389,68.34443467881944,67.23163519965277,67.69530164930556,25.480658430329857,340100,45.4375
1508,2000-07-12,67.69530164930556,68.15896809895834,67.13890190972222,67.41710177951389,25.375960320399304,149800,45.5625
1509,2000-07-13,67.602568359375,68.06623480902778,67.32436848958332,67.602568359375,25.44576252239583,81700,45.5
1510,2000-07-14,67.50983506944445,67.602568359375,67.32436848958332,67.50983506944445,25.410862163263886,74700,45.5625
1511,2000-07-17,67.13890190972222,67.7880349392361,67.13890190972222,67.602568359375,25.44576252239583,48900,45.5625
1512,2000-07-18,67.69530164930556,67.69530164930556,67.50983506944445,67.602568359375,25.44576252239583,168300,45.5
1513,2000-07-19,67.602568359375,67.602568359375,67.41710177951389,67.50983506944445,25.410862163263886,59100,46.0
1514,2000-07-20,67.50983506944445,68.34443467881944,67.50983506944445,68.25170138888888,25.690090259774305,134900,46.1875
1515,2000-07-21,68.06623480902778,68.52990125868055,67.88076822916666,68.52990125868055,25.794806174496525,127900,46.5625
1516,2000-07-24,68.34443467881944,69.36450086805556,68.34443467881944,69.0863009982639,26.004230585277774,127800,46.84375
1517,2000-07-25,68.99356770833333,69.73543402777777,68.43716796875,69.50360080295138,26.161311876024303,335600,47.96875
1518,2000-07-26,69.54996744791667,73.25929904513889,69.54996744791667,71.17280002170139,26.78960291315972,1161800,48.625
1519,2000-07-27,70.84823350694444,72.42469943576388,70.84823350694444,72.14649956597222,27.156104163489584,446000,48.34375
1520,2000-07-28,72.14649956597222,72.14649956597222,71.5900998263889,71.72919976128472,26.999036226336802,169700,48.375
1521,2000-07-31,71.40463324652778,71.86829969618056,71.40463324652778,71.77556640625,27.0164834384375,90800,48.0625
1522,2000-08-01,71.77556640625,71.77556640625,71.12643337673612,71.31189995659722,26.84196383798611,202800,47.125
1523,2000-08-02,70.47730034722223,70.940966796875,69.73543402777777,69.92090060763888,26.70735219432291,159700,46.8125
1524,2000-08-03,70.1063671875,70.1063671875,69.17903428819444,69.45723415798611,26.530256834010416,104100,46.375
1525,2000-08-04,69.45723415798611,69.73543402777777,68.43716796875,68.80810112847222,26.282305821527775,173900,46.3125
1526,2000-08-07,68.43716796875,68.99356770833333,68.34443467881944,68.71536783854165,26.246886155972224,99400,46.3125
1527,2000-08-08,68.80810112847222,69.0863009982639,68.62263454861112,68.71536783854165,26.246886155972224,88200,46.0625
1528,2000-08-09,68.71536783854165,68.71536783854165,67.88076822916666,68.34443467881944,26.105201558819445,112900,46.15625
1529,2000-08-10,68.34443467881944,68.71536783854165,67.88076822916666,68.48353461371526,26.158335508350692,168400,46.21875
1530,2000-08-11,68.25170138888888,69.0863009982639,68.06623480902778,68.57626790364583,26.19376407630208,65100,46.59375
1531,2000-08-14,68.90083441840278,70.01363389756945,68.71536783854165,69.13266764322917,26.406274650972225,34100,46.5625
1532,2000-08-15,69.45723415798611,69.54996744791667,68.80810112847222,69.0863009982639,26.388563334461804,252400,46.8125
1533,2000-08-16,69.17903428819444,69.45723415798611,69.0863009982639,69.45723415798611,26.530256834010416,109000,46.625
1534,2000-08-17,69.0863009982639,69.271767578125,69.0863009982639,69.17903428819444,26.423987451215275,140000,46.375
1535,2000-08-18,68.99356770833333,69.17903428819444,68.71536783854165,68.80810112847222,26.282305821527775,81000,46.03125
1536,2000-08-21,68.90083441840278,69.0863009982639,68.15896809895834,68.29806803385416,26.087500628437496,63400,46.0
1537,2000-08-22,67.97350151909723,68.62263454861112,67.97350151909723,68.25170138888888,26.06977892579861,58600,45.75
1538,2000-08-23,67.97350151909723,68.34443467881944,67.88076822916666,67.88076822916666,25.928101747309025,136400,45.8125
1539,2000-08-24,68.06623480902778,68.34443467881944,67.97350151909723,67.97350151909723,25.96351844539931,221400,45.1875
1540,2000-08-25,67.97350151909723,67.97350151909723,66.86070203993056,67.04616861979167,25.60930991998264,2038700,45.125
1541,2000-08-28,67.32436848958332,67.50983506944445,66.76796875,66.95343532986111,25.573896189357644,55200,44.1875
1542,2000-08-29,66.76796875,66.95343532986111,65.2842361111111,65.56243598090278,25.04256708017361,102000,44.75
1543,2000-08-30,65.933369140625,66.76796875,65.84063585069444,66.39703559027778,25.36135742376736,75200,44.84375
1544,2000-08-31,66.76796875,66.81433539496528,66.5361355251736,66.5361355251736,25.414494340763888,191900,44.9375
1545,2000-09-01,66.4220207253886,66.4220207253886,65.77625107944732,66.32976791882558,25.3356819993437,146200,45.0
1546,2000-09-05,66.05300949913645,66.69877914507772,65.68399827288428,66.4220207253886,25.370918143316064,87300,44.9375
1547,2000-09-06,66.23751511226253,66.60652633851468,65.77625107944732,66.32976791882558,25.3356819993437,120900,45.3125
1548,2000-09-07,66.14526230569949,66.97553756476685,66.14526230569949,66.88328475820381,25.547092958998274,448100,46.25
1549,2000-09-08,66.51427353195164,68.82059369602764,66.51427353195164,68.26707685664941,26.075672019706396,117500,46.6875
1550,2000-09-11,68.17482405008637,68.91284650259068,67.89806563039724,68.91284650259068,26.322320599378237,134500,46.3125
1551,2000-09-12,68.91284650259068,68.91284650259068,68.08257124352332,68.35932966321245,26.110891927184806,33100,46.375
1552,2000-09-13,68.63608808290157,68.63608808290157,68.17482405008637,68.45158246977547,26.146128071157168,47100,46.0625
1553,2000-09-14,68.45158246977547,68.45158246977547,67.8058128238342,67.99031843696028,25.96994144711572,140900,45.3125
1554,2000-09-15,67.99031843696028,68.08257124352332,66.79103195164078,66.88328475820381,25.547092958998274,63500,43.78125
1555,2000-09-18,66.51427353195164,66.69877914507772,64.62309099740934,64.62309099740934,24.683782338911918,112200,45.0
1556,2000-09-19,64.94597582037999,67.06779037132988,64.94597582037999,66.4220207253886,25.370918143316064,80600,44.6875
1557,2000-09-20,66.4220207253886,67.34454879101901,65.96075669257341,65.96075669257341,25.194721186960283,99500,44.5625
1558,2000-09-21,66.69877914507772,66.97553756476685,65.68399827288428,65.77625107944732,25.124247422970637,52500,44.8125
1559,2000-09-22,65.77625107944732,66.4220207253886,65.68399827288428,66.14526230569949,25.265190522815203,72900,44.625
1560,2000-09-25,64.94597582037999,66.4220207253886,64.94597582037999,65.86850388601037,25.15948947112263,62400,44.75
1561,2000-09-26,65.59174546632126,66.23751511226253,65.59174546632126,66.05300949913645,25.229951426753022,29800,45.46875
1562,2000-09-27,66.32976791882558,67.25229598445597,65.68399827288428,67.1139167746114,25.635184794974098,63500,45.9375
1563,2000-09-28,66.79103195164078,67.89806563039724,66.4220207253886,67.8058128238342,25.899463254991364,77400,46.0625
1564,2000-09-29,67.62130721070812,68.26707685664941,67.62130721070812,67.99031843696028,25.96994144711572,60600,44.75
1565,2000-10-02,67.781,67.87309375000001,65.57075,65.939125,25.186451510499996,91600,44.875
1566,2000-10-03,66.3075,66.4916875,65.939125,66.1233125,25.256815556,61400,44.875
1567,2000-10-04,66.1233125,66.1233125,65.84703125,66.1233125,25.256815556,94300,44.9375
1568,2000-10-05,66.03121875000001,66.4916875,66.03121875000001,66.21540625,25.291999789,147300,44.8125
1569,2000-10-06,66.3075,66.3075,65.939125,66.03121875000001,25.221629849500005,29100,44.8125
1570,2000-10-09,66.1233125,66.21540625,65.939125,66.03121875000001,25.221629849500005,27500,44.8125
1571,2000-10-10,65.84703125,66.4916875,65.66284375,66.03121875000001,25.221629849500005,47300,44.3125
1572,2000-10-11,65.66284375,65.66284375,65.0181875,65.29446875000001,24.940222292999998,65100,43.3125
1573,2000-10-12,65.202375,65.202375,63.820968750000006,63.820968750000006,24.3773850775,79000,43.5625
1574,2000-10-13,64.465625,64.465625,63.820968750000006,64.18934375,24.518108748000003,154800,43.5625
1575,2000-10-16,64.55771875,64.55771875,64.18934375,64.18934375,24.518108748000003,79300,43.25
1576,2000-10-17,63.820968750000006,64.09725,63.26840625,63.728875,24.3422155795,343200,43.0625
1577,2000-10-18,63.084218750000005,63.45259375,62.80793750000001,63.45259375,24.236689403500005,155600,43.625
1578,2000-10-19,63.5446875,64.6498125,63.5446875,64.2814375,24.5532797195,70200,44.375
1579,2000-10-20,64.2814375,65.38656250000001,63.9130625,65.38656250000001,24.975409473,173500,44.4375
1580,2000-10-23,65.38656250000001,65.57075,64.834,65.47865625,25.010574550499996,112300,43.625
1581,2000-10-24,65.202375,65.84703125,64.00515625,64.2814375,24.5532797195,184300,43.4375
1582,2000-10-25,64.2814375,64.74190625,63.45259375,64.00515625,24.447737335,101100,44.3125
1583,2000-10-26,64.18934375,65.29446875000001,64.18934375,65.29446875000001,24.940222292999998,82900,44.4375
1584,2000-10-27,65.29446875000001,65.57075,64.834,65.47865625,25.010574550499996,127100,44.0
1585,2000-10-30,65.202375,65.38656250000001,64.37353125000001,64.834,24.7643409125,60500,45.6875
1586,2000-10-31,64.834,67.32053125,64.74190625,67.32053125,25.714113334,203800,44.0
1587,2000-11-01,65.80920986502011,65.80920986502011,64.336556217691,64.79676048248135,25.135225944847793,197900,44.0625
1588,2000-11-02,64.88880133543941,65.16492389431362,64.6126787765652,64.88880133543941,25.170917178644455,113300,44.0
1589,2000-11-03,64.88880133543941,64.88880133543941,64.6126787765652,64.79676048248135,25.135225944847793,50000,44.5625
1590,2000-11-06,64.79676048248135,65.71716901206203,64.6126787765652,65.62512815910397,25.456558970695006,69700,44.4375
1591,2000-11-07,65.53308730614589,65.53308730614589,64.79676048248135,65.44104645318782,25.38514410472143,30200,44.75
1592,2000-11-08,65.80920986502011,66.26941412981046,65.34900560022975,65.90125071797817,25.56366507046525,36800,44.5
1593,2000-11-09,65.71716901206203,65.80920986502011,65.07288304135554,65.53308730614589,25.42085006505457,28500,44.0625
1594,2000-11-10,65.53308730614589,65.53308730614589,64.79676048248135,64.88880133543941,25.170917178644455,50700,44.1875
1595,2000-11-13,65.07288304135554,65.34900560022975,64.6126787765652,65.07288304135554,25.242339407886277,50700,44.125
1596,2000-11-14,64.70471962952327,65.34900560022975,64.70471962952327,64.98084218839749,25.206640810821373,49400,44.25
1597,2000-11-15,65.07288304135554,66.17737327685238,64.79676048248135,65.16492389431362,25.27804242291212,218700,44.25
1598,2000-11-16,65.34900560022975,65.53308730614589,65.07288304135554,65.16492389431362,25.27804242291212,112300,44.0
1599,2000-11-17,64.98084218839749,65.0268626148765,64.6126787765652,64.79676048248135,25.135225944847793,162500,43.875
1600,2000-11-20,64.79676048248135,64.79676048248135,63.6922702469845,64.6126787765652,25.063821387449746,326100,43.8125
1601,2000-11-21,64.6126787765652,64.6126787765652,64.06043365881678,64.52063792360713,25.028109536502015,191500,44.0
1602,2000-11-22,64.336556217691,64.79676048248135,64.06043365881678,64.79676048248135,25.135225944847793,43400,43.8125
1603,2000-11-24,64.79676048248135,64.98084218839749,64.42859707064906,64.52063792360713,25.028109536502015,12200,44.0625
1604,2000-11-27,64.70471962952327,64.98084218839749,64.52063792360713,64.88880133543941,25.170917178644455,149600,43.9375
1605,2000-11-28,64.88880133543941,64.98084218839749,64.6126787765652,64.70471962952327,25.09952734778289,126800,44.6875
1606,2000-11-29,64.79676048248135,65.90125071797817,64.6126787765652,65.80920986502011,25.527963528093053,235000,46.0
1607,2000-11-30,65.80920986502011,69.21472142446869,65.80920986502011,67.74206777713958,26.277738624865027,496900,46.5
1608,2000-12-01,67.5968125,68.79403125,67.5968125,68.51774999999999,26.578624625,220100,47.0
1609,2000-12-04,68.7019375,69.62287500000001,68.60984375000001,69.25450000000001,26.8644114235,167100,48.3125
1610,2000-12-05,69.25450000000001,72.47778125,69.25450000000001,71.18846875,27.614620372500003,480700,48.125
1611,2000-12-06,71.00428125,71.00428125,70.359625,70.9121875,27.507460085000005,172300,48.0625
1612,2000-12-07,70.9121875,71.2805625,70.72800000000001,70.82009375,27.471733604,232200,48.1875
1613,2000-12-08,70.82009375,71.09637500000001,70.5438125,71.00428125,27.543174778000004,293600,48.3125
1614,2000-12-11,71.00428125,71.833125,71.00428125,71.18846875,27.614620372500003,189600,48.375
1615,2000-12-12,71.18846875,71.6489375,71.00428125,71.2805625,27.6503527475,214100,48.375
1616,2000-12-13,71.2805625,71.46475000000001,71.00428125,71.2805625,27.6503527475,168100,48.3125
1617,2000-12-14,71.2805625,71.46475000000001,70.72800000000001,71.18846875,27.614620372500003,95000,48.4375
1618,2000-12-15,71.55684375,71.55684375,71.00428125,71.37265624999999,27.686079228500002,258700,49.0625
1619,2000-12-18,71.37265624999999,72.569875,71.37265624999999,72.29359375,28.043308674500004,210600,49.125
1620,2000-12-19,72.2015,73.30662500000001,71.833125,72.3856875,28.079035155499998,208700,48.9375
1621,2000-12-20,72.2015,72.2015,71.74103125,72.10940625,27.971868974000003,361600,48.8125
1622,2000-12-21,71.74103125,72.569875,71.74103125,71.92521875000001,27.900416012,122800,47.4375
1623,2000-12-22,71.92521875000001,71.92521875000001,69.8070625,69.89915625,27.1144850025,155400,47.9375
1624,2000-12-26,69.99125000000001,70.72800000000001,69.89915625,70.63590625,27.400282115500005,52500,49.25
1625,2000-12-27,70.26753125,72.569875,70.26753125,72.569875,28.150474855999995,170900,49.875
1626,2000-12-28,71.833125,73.76709375000002,71.46475000000001,73.4908125,28.507733771999998,89100,49.9375
1627,2000-12-29,73.30662500000001,73.58290625000001,72.93825000000001,73.58290625000001,28.543446991500005,91200,49.5625
1628,2001-01-02,73.39519488863507,73.39519488863507,72.38852762707025,72.57155803826386,28.151135889474592,200100,49.8125
1629,2001-01-03,72.48004283266705,73.12064927184466,72.48004283266705,72.93761886065106,28.293132346721876,227400,49.75
1630,2001-01-04,72.93761886065106,73.12064927184466,72.48004283266705,72.84610365505425,28.25761858997716,214700,47.875
1631,2001-01-05,72.66307324386065,72.66307324386065,69.82610187035979,70.1006474871502,27.192639303649344,235900,47.625
1632,2001-01-08,70.192162692747,70.83276913192462,69.55155625356939,69.734586664763,27.050650167618507,91700,47.75
1633,2001-01-09,69.6430714591662,70.00913228155339,69.6430714591662,69.9176170759566,27.121654253215308,113300,47.375
1634,2001-01-10,69.9176170759566,69.9176170759566,68.91094981439178,69.36852584237579,26.908656638857803,129800,47.125
1635,2001-01-11,69.36852584237579,69.9176170759566,68.81943460879499,69.00246501998859,26.766652860394064,226300,47.125
1636,2001-01-12,69.00246501998859,69.36852584237579,68.81943460879499,69.00246501998859,26.766652860394064,217100,46.75
1637,2001-01-16,69.00246501998859,69.36852584237579,68.08731296402057,68.45337378640777,26.553650853306685,262700,46.375
1638,2001-01-17,68.45337378640777,68.45337378640777,66.98913049685893,67.90428255282696,26.34066641713878,433000,46.375
1639,2001-01-18,68.08731296402057,68.27034337521417,67.72125214163336,67.90428255282696,26.34066641713878,279800,46.5
1640,2001-01-19,67.81276734723016,68.27034337521417,67.62973693603656,68.08731296402057,26.411654396059394,276600,47.0
1641,2001-01-22,68.08731296402057,68.81943460879499,67.99579775842376,68.81943460879499,26.695645846310686,114600,47.625
1642,2001-01-23,69.55155625356939,69.734586664763,69.13973782838379,69.734586664763,27.050650167618507,294400,47.9375
1643,2001-01-24,69.9176170759566,70.64973872073102,69.9176170759566,70.192162692747,27.228150131907487,136800,48.0
1644,2001-01-25,70.192162692747,70.46670830953742,69.9176170759566,70.28367789834381,27.263644853489442,68500,47.3125
1645,2001-01-26,70.1006474871502,70.37519310394062,69.18549543118219,69.277010636779,26.873151667572817,414700,46.5
1646,2001-01-29,68.59979518687607,69.02442720508853,67.911605233518,68.08731296402057,26.411654396059394,264600,46.830002
1647,2001-01-30,68.08731296402057,68.67301320832668,67.72125214163336,68.57051617805827,26.59909510804112,324300,46.099998
1648,2001-01-31,68.23373436448887,68.24838119011423,67.22340942318675,67.50161271971446,26.62797584268418,229300,46.200001
1649,2001-02-01,67.59743820945391,67.59743820945391,66.94115820692832,67.37868063930034,26.57948302675768,156200,46.25
1650,2001-02-02,67.37868063930034,67.59743820945391,67.1161648464164,67.45159982935154,26.60825313940273,102600,46.049999
1651,2001-02-05,67.20367254139931,68.03496793389078,67.1599157770819,67.1599157770819,26.493179980887373,71700,45.060001
1652,2001-02-06,66.7953125347611,66.94115820692832,64.17017064846416,65.7160898543174,25.923624505580204,1660800,44.220001
1653,2001-02-07,65.04521551320818,65.77442199784983,64.44726765421503,64.49102296011947,25.440356033600683,535900,43.880001
1654,2001-02-08,64.38893551068259,64.60769308083617,63.878486596194534,63.99516255056314,25.24475514457338,476300,43.099998
1655,2001-02-09,64.02433226836177,64.09725145841297,61.967969981672354,62.857596059283274,24.79600293233789,901900,42.639998999999996
1656,2001-02-12,62.857596059283274,62.98885468493174,61.12208754266211,62.18672755182593,24.531368065409556,591300,42.650002
1657,2001-02-13,62.18672755182593,62.857596059283274,61.98255119453925,62.201316056757676,24.53710692044369,612500,42.93
1658,2001-02-14,62.27423524680887,62.6388384891297,62.201316056757676,62.60966877133106,24.6981944665529,199700,42.75
1659,2001-02-15,62.492992816962456,62.682589419795214,62.201316056757676,62.347154436860066,24.594635478430035,299500,43.549999
1660,2001-02-16,62.492992816962456,63.732648216092144,62.492992816962456,63.51388335387372,25.05490331947099,414400,43.599998
1661,2001-02-20,64.53477389078498,64.53477389078498,63.309706996587025,63.58680254392492,25.083666140051196,291900,43.200001
1662,2001-02-21,63.44096416382253,63.455545376689415,62.42007362691126,63.00344173145051,24.8535329487372,264200,42.23
1663,2001-02-22,63.58680254392492,63.58680254392492,61.413771594931745,61.58877969283276,24.295488726996588,356500,43.0
1664,2001-02-23,61.60336673935154,63.36804497377133,61.60336673935154,62.71175767918089,24.73847729117747,547200,43.240002000000004
1665,2001-02-26,62.72633889204778,63.061779708634816,62.201316056757676,63.061779708634816,24.876546705392492,478400,43.450001
1666,2001-02-27,63.0763609215017,63.36804497377133,62.84301484641638,63.36804497377133,24.997367469419792,267900,44.0
1667,2001-02-28,64.17017064846416,64.31600902856655,63.52847040039249,64.17017064846416,25.31379058088737,478800,44.599998
1668,2001-03-01,65.47959704880817,65.47959704880817,64.03904300353008,64.8975532759478,25.600739945942117,250700,45.290001000000004
1669,2001-03-02,65.91612624069808,66.78919189998867,65.7269615052327,65.90157812933599,25.996792561140754,405500,44.700001
1670,2001-03-05,65.84337258796822,65.85792069933031,64.88300516458571,65.04306785691828,25.65812626479569,338800,44.650002
1671,2001-03-06,65.47959704880817,65.47959704880817,64.62108677639047,64.97031420418843,25.629431650266742,278900,44.0
1672,2001-03-07,64.97031420418843,64.97031420418843,63.8789875867083,64.024494892168,25.256324540976166,422500,43.330002
1673,2001-03-08,64.3155167785982,64.3155167785982,62.56939273552782,63.04957935742339,24.87173958587401,1295200,43.060001
1674,2001-03-09,63.06412746878548,63.06412746878548,62.642146388257665,62.656700320028385,24.716753744965953,304700,43.07
1675,2001-03-12,62.656700320028385,62.802209080590245,62.56939273552782,62.671249886492625,24.722488302565267,129300,43.040001000000004
1676,2001-03-13,62.671249886492625,62.86041462195801,62.35112450182747,62.62759827689558,24.705268623643587,312600,42.869999
1677,2001-03-14,62.62759827689558,62.787660969228156,62.3220282791033,62.38022800006243,24.607701113836548,130900,42.75
1678,2001-03-15,62.27837084909763,62.42388543006812,61.914595309937575,62.20561719636777,24.538802026719637,326600,42.66
1679,2001-03-16,62.22016530772985,62.49663908279796,61.95825273994325,62.07465800227015,24.487160451180483,80100,41.0
1680,2001-03-19,62.07465800227015,62.20561719636777,57.11275964812713,59.65918842224745,23.53430281002838,2160400,41.299999
1681,2001-03-20,59.36816653581726,60.73596692836551,59.36816653581726,60.09571761413735,23.70650978496027,509700,41.25
1682,2001-03-21,60.75051503972759,60.75051503972759,59.65918842224745,60.0229639614075,23.677809350022706,243700,41.0
1683,2001-03-22,60.03751207276958,60.09571761413735,58.931637343927356,59.65918842224745,23.53430281002838,247200,41.5
1684,2001-03-23,59.644640310885364,60.67776138699773,59.644640310885364,60.38673950056754,23.821311524710556,537200,42.470001
1685,2001-03-26,60.38673950056754,62.20561719636777,60.38673950056754,61.79819004761068,24.37809326902951,275000,42.490002000000004
1686,2001-03-27,61.812739614074914,61.914595309937575,60.89602234518729,61.82729354584564,24.389571114841093,219500,42.650002
1687,2001-03-28,61.76908800447787,62.13286354363792,61.187044231617485,62.060109890908066,24.481404067048814,349300,42.810001
1688,2001-03-29,61.69633435174802,62.33657639046539,61.40531246531783,62.29292478086833,24.573257390686724,234700,44.450001
1689,2001-03-30,62.3220282791033,64.67929231775823,62.16196558677073,64.67929231775823,25.514632820720774,211100,43.950001
1690,2001-04-02,63.77114754098361,63.77114754098361,61.97395775704917,63.69868177721312,25.127803239344264,313400,43.43
1691,2001-04-03,63.69868177721312,63.69868177721312,62.75660510803279,62.94502131147541,24.830492004098357,334200,43.049999
1692,2001-04-04,62.974009646065575,63.336345711639346,62.32180327868852,62.39426904245902,24.613239647213113,332100,43.599998
1693,2001-04-05,62.32180327868852,63.69868177721312,62.32180327868852,63.19140693737705,24.927690827704918,253300,43.540001000000004
1694,2001-04-06,63.19140693737705,63.26387994786885,62.55369836065573,63.10445062967214,24.893393545081967,168800,43.32
1695,2001-04-09,62.611673580491804,62.90154388229508,62.568188904590166,62.78559344262295,24.76760205786885,145300,43.650002
1696,2001-04-10,62.75660510803279,63.49577358049181,62.539207816721316,63.26387994786885,24.956283491311478,255000,43.0
1697,2001-04-11,63.26387994786885,63.26387994786885,61.88700144934426,62.32180327868852,24.58464843295082,303800,43.299999
1698,2001-04-12,62.32180327868852,62.75660510803279,62.17687175114754,62.75660510803279,24.756168180983604,72000,43.25
1699,2001-04-16,62.539207816721316,63.48127723918033,62.17687175114754,62.6841393442623,24.727584213442622,109800,43.400002
1700,2001-04-17,62.6841393442623,62.9160344262295,62.46673480622951,62.90154388229508,24.81334481213115,395100,43.75
1701,2001-04-18,63.11894117360656,63.46678669524591,62.90154388229508,63.408811475409834,25.013454325081966,441700,43.73
1702,2001-04-19,63.69868177721312,63.69868177721312,63.23489161327869,63.37982459016393,25.002011752131146,192400,43.709998999999996
1703,2001-04-20,63.408811475409834,63.611718222786884,63.1624258495082,63.35083625557377,24.990573527213115,203700,43.75
1704,2001-04-23,63.408811475409834,63.408811475409834,63.19140693737705,63.408811475409834,25.013454325081966,79100,43.459998999999996
1705,2001-04-24,63.48127723918033,63.48127723918033,62.9160344262295,62.988500189999996,24.847650790819674,110900,43.75
1706,2001-04-25,63.19140693737705,63.408811475409834,62.90154388229508,63.408811475409834,25.013454325081966,203900,43.790001000000004
1707,2001-04-26,63.408811475409834,63.7421606557377,63.37982459016393,63.46678669524591,25.03632352819672,265400,44.630001
1708,2001-04-27,63.46678669524591,65.07556027573771,62.24933751491803,64.68423587557376,25.51658983770492,252300,44.580002
1709,2001-04-30,64.68423587557376,64.829168852459,64.42335390836065,64.61177011180328,25.487991376721315,178800,44.52
1710,2001-05-01,64.49402676639843,64.49402676639843,63.051207407929105,64.2343178390546,25.339102336781096,173800,43.669998
1711,2001-05-02,63.84475661226787,63.84475661226787,62.89249583567812,63.00791849871695,25.298551898711317,199800,43.759997999999996
1712,2001-05-03,63.00791849871695,63.31091489245358,62.40193725379854,63.13777224097918,25.350679519313452,247600,44.0
1713,2001-05-04,63.166630070967926,63.98903566247609,62.76264209341588,63.484051772650545,25.48971103551491,369700,43.73
1714,2001-05-07,63.84475661226787,63.84475661226787,62.77706740136185,63.09449054586382,25.333297874501973,108800,43.509997999999996
1715,2001-05-08,63.10892162508724,63.123346933033204,62.76264209341588,62.77706740136185,25.205846426471584,71800,44.110001000000004
1716,2001-05-09,62.79149848058526,63.91689613737198,62.77706740136185,63.64276334490153,25.55344469503658,168500,43.919998
1717,2001-05-10,63.64276334490153,63.64276334490153,62.93577897361284,63.368623338334274,25.44336912054024,108800,44.080002
1718,2001-05-11,63.41191224754643,63.71490287000562,63.41191224754643,63.59948020696681,25.536057278947666,85500,44.450001
1719,2001-05-14,63.84475661226787,64.19103614393924,63.74375925717502,64.1333219267811,25.7504155082161,117400,44.68
1720,2001-05-15,64.14774723472708,64.76815955886889,64.03232457168824,64.4651689364097,25.883644004957794,125800,44.889998999999996
1721,2001-05-16,64.4651689364097,64.92687113111987,64.1333219267811,64.76815955886889,26.00529964762521,68800,45.25
1722,2001-05-17,64.85473160601576,65.28757597073721,64.82587377602701,65.28757597073721,26.213856300253237,84200,45.549999
1723,2001-05-18,65.28757597073721,65.73485141468205,65.17214753642095,65.72042033545864,26.38765110607766,118900,45.560001
1724,2001-05-21,65.57614128525043,65.8358487697749,65.14329692052898,65.73485141468205,26.393435368885765,49200,45.849998
1725,2001-05-22,65.79255986056275,66.3696904895892,65.72042033545864,66.15326470018007,26.561437254985936,192900,46.18
1726,2001-05-23,66.08112517507598,66.62939797411367,66.00898564997188,66.62939797411367,26.752623805357345,172800,45.950001
1727,2001-05-24,66.26869313449636,66.44183001469331,66.0955562542994,66.2975509644851,26.619379437602703,336600,45.98
1728,2001-05-25,66.2975509644851,66.35526518164323,64.99901065622399,66.3408341024198,26.636742325762523,109000,45.700001
1729,2001-05-29,66.35526518164323,66.35526518164323,65.86470659976365,65.93684612486776,26.474543459122117,94600,45.279999
1730,2001-05-30,65.2154364456331,66.08112517507598,65.2154364456331,65.33085910867192,26.231235059426,74000,45.869999
1731,2001-05-31,65.35971549584131,66.3696904895892,65.34529018789534,66.18212253016884,26.573020208795725,90300,45.849998
1732,2001-06-01,66.1137955774045,66.1137955774045,65.24955867197191,66.04177043383147,26.51667078770225,102200,46.09
1733,2001-06-04,66.04177043383147,66.5603114247809,65.82571660892697,66.3874663483146,26.655479504224722,94500,46.049999
1734,2001-06-05,66.25783146067417,66.47389248751686,66.02736943820226,66.329849402309,26.632338236393256,103000,46.060001
1735,2001-06-06,66.329849402309,66.43067653714046,66.1137955774045,66.34425615948876,26.63813003509551,82400,46.299999
1736,2001-06-07,66.40186734394382,66.81958120006179,66.34425615948876,66.68994631242134,26.776932990067422,47700,46.209998999999996
1737,2001-06-08,66.68994631242134,66.90600733926405,66.24343046504495,66.5603114247809,26.724884582679774,57300,46.799999
1738,2001-06-11,66.57471818196069,67.6838181054944,66.57471818196069,67.41014013264606,27.066090808887644,71400,47.0
1739,2001-06-12,67.48215807428089,68.05831601123596,67.23729505617978,67.6982191011236,27.18175105564045,323800,47.25
1740,2001-06-13,67.48215807428089,68.05831601123596,67.48215807428089,68.05831601123596,27.326353011252806,86500,47.599998
1741,2001-06-14,67.98629806960113,69.13860674157303,67.48215807428089,68.56244880461799,27.528759163264045,105700,47.450001
1742,2001-06-15,68.49043086298316,68.49043086298316,67.6982191011236,68.34639497971348,27.44200749645506,183900,47.25
1743,2001-06-18,68.05831601123596,68.34639497971348,67.61179440230899,68.05831601123596,27.326353011252806,126000,47.07
1744,2001-06-19,67.77023704275844,68.05831601123596,67.48215807428089,67.79904623595506,27.22225187531461,124900,47.700001
1745,2001-06-20,68.13033395287079,68.70649188982584,67.6982191011236,68.70649188982584,27.586599369353934,290100,47.560001
1746,2001-06-21,68.70649188982584,69.00897185393258,68.38960516853932,68.50483762016293,27.50562941853371,52800,47.619999
1747,2001-06-22,69.13860674157303,69.13860674157303,68.59125799781461,68.59125799781461,27.54033123756741,102200,47.82
1748,2001-06-25,68.70649188982584,69.0665887999382,68.46162311017416,68.87933696629214,27.656004447808986,55600,48.25
1749,2001-06-26,68.99457085830338,69.7147646785281,68.64887494382022,69.4987036516854,27.904678731606744,190500,47.75
1750,2001-06-27,69.35466776841574,69.42668571005056,68.59125799781461,68.77850983146068,27.615522353174164,181100,48.02
1751,2001-06-28,68.92254571473033,69.57072159332023,68.92254571473033,69.16741449438203,27.77166037339888,211900,48.200001
1752,2001-06-29,69.16741449438203,69.7147646785281,68.86493453027528,69.42668571005056,27.87577879398877,236200,48.75
1753,2001-07-02,69.62225383881126,70.4166971830986,69.5644745915493,70.4166971830986,28.273255808315493,100800,48.900002
1754,2001-07-03,70.05558591549297,70.77780845070423,70.01225400782536,70.63336683255211,28.360266290467607,47300,48.599998
1755,2001-07-05,70.27225556494648,70.63336683255211,68.77003124726197,70.20002753364507,28.18626988172958,185900,48.650002
1756,2001-07-06,69.40558418935775,70.4166971830986,68.97225211267605,70.27225556494648,28.215281560969014,210500,48.07
1757,2001-07-09,70.48891799217465,70.48891799217465,68.32225038654084,69.43447453521128,27.878893415188735,96100,47.900002
1758,2001-07-10,69.43447453521128,69.66558574647887,68.97225211267605,69.18892176212958,27.780289816901412,131000,47.400002
1759,2001-07-11,69.20336332394366,69.23225222535211,67.88891830985915,68.46669922691831,27.490320357904224,268400,47.549999
1760,2001-07-12,68.46669922691831,68.87114095774648,68.22114067605634,68.6833616541465,27.577310617825354,126100,47.599998
1761,2001-07-13,68.9000313036,68.9000313036,68.51002969014084,68.75558246322254,27.606304963723943,342200,47.709998999999996
1762,2001-07-16,68.9000313036,69.07336326760564,68.75558246322254,68.91447286541408,27.670101769149298,195200,48.099998
1763,2001-07-17,68.97225211267605,69.5500330297352,68.72669933959438,69.47780499843381,27.89629175606197,93100,48.099998
1764,2001-07-18,69.47780499843381,69.73780655555493,69.33336338028168,69.47780499843381,27.89629175606197,178000,48.34
1765,2001-07-19,69.59336349295775,70.05558591549297,69.47780499843381,69.82447470422535,28.035479927492958,178100,48.450001
1766,2001-07-20,69.82447470422535,70.05558591549297,69.76669545696339,69.9833651064169,28.099289732923943,145600,48.439999
1767,2001-07-23,70.12780672456903,70.12780672456903,69.69447464788733,69.96891776682253,28.093490285966197,143600,48.27
1768,2001-07-24,69.9833651064169,70.0266970140845,69.7089162097014,69.72336354929578,27.99487657656338,83200,47.950001
1769,2001-07-25,69.91114429734084,69.91114429734084,68.9000313036,69.26114257120562,27.809295718360563,204500,48.369999
1770,2001-07-26,69.26114257120562,69.9833651064169,69.11669373082817,69.86780661189296,28.052866712805635,386900,46.450001
1771,2001-07-27,68.97225211267605,68.97225211267605,66.4589148012507,67.09447496557183,26.9393541191324,690300,46.18
1772,2001-07-30,67.16669577464789,67.3978069859155,66.58891485758873,66.70447335211269,26.78276760682817,290000,46.220001
1773,2001-07-31,66.58891485758873,66.93558456338029,66.37225243036056,66.76225259937466,26.80595528354366,194700,45.52
1774,2001-08-01,65.67891879655775,65.95336191549295,65.67891879655775,65.75113960563381,26.853151081774648,134500,45.5
1775,2001-08-02,66.08336197183098,66.08336197183098,65.49113949295776,65.72225070422535,26.841354298884504,327800,45.549999
1776,2001-08-03,66.08336197183098,66.08336197183098,65.72225070422535,65.7944715133014,26.870852756112672,362400,45.59
1777,2001-08-06,65.7944715133014,66.08336197183098,65.6500298951493,65.8522507605634,26.894452099673238,156300,45.650002
1778,2001-08-07,65.99669382316057,66.15558278090704,65.6500298951493,65.93892035367888,26.92984100389859,293600,46.48
1779,2001-08-08,66.44447323943662,67.16669577464789,66.15558278090704,67.13780687323944,27.419473216090147,187100,46.48
1780,2001-08-09,67.1233638669803,67.25336392331832,66.66114288889014,67.13780687323944,27.419473216090147,103100,47.0
1781,2001-08-10,67.3111373928,68.22114067605634,66.95002612519436,67.88891830985915,27.726227126805636,347300,46.830002
1782,2001-08-13,68.17780876838873,68.25002957746479,66.95002612519436,67.64336553677747,27.62594652779155,349400,46.98
1783,2001-08-14,67.81669750078309,67.88891830985915,67.38336542410141,67.8600294084507,27.71442167724507,254200,47.0
1784,2001-08-15,68.03335992801128,68.03335992801128,67.45558623317747,67.88891830985915,27.726227126805636,226900,47.299999
1785,2001-08-16,67.88891830985915,68.45225044287886,67.77335981533521,68.32225038654084,27.903206314614085,244800,47.68
1786,2001-08-17,68.32225038654084,68.87114095774648,68.19225033020281,68.87114095774648,28.1273726339831,136900,47.950001
1787,2001-08-20,68.87114095774648,69.26114257120562,68.45225044287886,69.26114257120562,28.2866559252338,78300,48.889998999999996
1788,2001-08-21,69.29003147261409,70.70558764162818,69.18892176212958,70.61891804851268,28.841181276659157,269900,48.799999
1789,2001-08-22,70.34447637402253,70.73447654303664,70.04114435367889,70.48891799217465,28.788093586985916,101700,49.200001
1790,2001-08-23,70.70558764162818,71.0666989092338,69.99780666823098,71.0666989092338,29.024062467025356,131400,48.599998
1791,2001-08-24,70.77780845070423,70.77780845070423,69.81003314241127,70.20002753364507,28.670105535853523,130400,48.880001
1792,2001-08-27,70.20002753364507,70.61891804851268,69.83891626603945,70.60447648669859,28.83527927410141,147400,48.639998999999996
1793,2001-08-28,70.24336521909296,70.89336694522817,70.05558591549297,70.25780678090705,28.693701990523945,64800,48.48
1794,2001-08-29,69.5500330297352,70.0266970140845,69.5500330297352,70.0266970140845,28.599319060732395,98800,48.330002
1795,2001-08-30,69.66558574647887,70.4166971830986,69.39114262754367,69.81003314241127,28.51083235571831,80600,48.0
1796,2001-08-31,69.82447470422535,70.21447631768451,69.31892181846762,69.33336338028168,28.31615149357183,72500,47.84
1797,2001-09-04,69.02227706113293,69.02227706113293,68.66278603477285,68.79220280426247,28.095142569102634,116000,47.75
1798,2001-09-05,68.79220280426247,68.8784835265171,68.60526603259113,68.66278603477285,28.04229163637128,135800,47.34
1799,2001-09-06,68.80657956938867,68.8209635243354,68.04446146943353,68.07322075154234,27.80150454691531,90200,47.060001
1800,2001-09-07,68.07322075154234,68.07322075154234,67.2823419315143,67.67059223998318,27.637057533853053,106300,47.150002
1801,2001-09-10,68.51899250015703,68.57650675048234,67.72810649030846,67.8000104474369,27.68992572215367,112800,45.700001
1802,2001-09-17,67.2967186966405,67.2967186966405,65.71496105658441,65.71496105658441,26.838374882624787,63200,46.599998
1803,2001-09-18,65.85875459120022,67.8000104474369,65.85875459120022,67.00912443758833,27.36692015904094,168700,46.299999
1804,2001-09-19,67.22482192933259,67.42613546613012,66.1319720851262,66.57773664392036,27.190743672770612,307100,45.740002000000004
1805,2001-09-20,66.7215373683567,67.03788515766125,65.57116033214805,65.77248105876612,26.861864026287154,382800,44.349998
1806,2001-09-21,64.78028151212001,65.28357326291643,62.551438586651706,63.77370520034773,26.045562000874927,235100,43.630001
1807,2001-09-24,63.98940269209198,64.34889371845205,62.407645052035896,62.73837535832305,25.622720027885585,209500,44.400002
1808,2001-09-25,62.73837535832305,64.10444269645541,62.5658153517779,63.84560915747617,26.074915162159282,202200,44.5
1809,2001-09-26,63.917505924784074,64.57896797532248,63.62991166573191,63.98940269209198,26.13365599586652,224300,44.700001
1810,2001-09-27,64.20510018383624,64.34889371845205,63.84560915747617,64.27699695114414,26.251094524357825,303900,45.259997999999996
1811,2001-09-28,64.34889371845205,65.13977253848009,64.34889371845205,65.08225253629837,26.579969856948956,251800,45.099998
1812,2001-10-01,65.0711501813281,65.43185502094542,64.78259208091166,65.0711501813281,26.575449916595385,594200,44.360001000000004
1813,2001-10-02,65.28757597073721,65.35971549584131,63.3541980303883,64.00346818451887,26.13939383598199,261100,42.799999
1814,2001-10-03,63.84475661226787,63.85918192021384,61.276539597011826,61.75266709966799,25.220143323494657,484700,43.150002
1815,2001-10-04,62.04123241418121,63.49847708059651,61.896953363973,62.25765820359033,25.426388579510412,660700,43.049999
1816,2001-10-05,62.2720835115363,62.32979772869443,61.824806624772094,62.113371939285315,25.367475379465393,267800,42.900002
1817,2001-10-08,62.113371939285315,62.1999439864322,61.31982273494654,61.896953363973,25.27907383737198,293600,43.200001
1818,2001-10-09,62.113371939285315,62.34422303664041,62.04123241418121,62.32979772869443,25.45585095081036,218800,42.900002
1819,2001-10-10,62.04123241418121,62.32979772869443,61.52181600231289,61.896953363973,25.27907383737198,586900,43.080002
1820,2001-10-11,61.896953363973,62.54621630400676,61.68052757456388,62.156660848497474,25.385148473787286,284700,43.200001
1821,2001-10-12,61.46410178515476,62.47407677890265,61.31982273494654,62.32979772869443,25.45585095081036,118600,43.650002
1822,2001-10-15,62.25765820359033,63.051207407929105,62.113371939285315,62.97906788282499,25.72102239224536,188400,43.0
1823,2001-10-16,62.83478161851998,62.8492126977434,61.83923914681487,62.04123241418121,25.3380043512493,162100,42.91
1824,2001-10-17,62.05565772212718,62.25765820359033,61.896953363973,61.91137867191896,25.284970640090037,216100,42.759997999999996
1825,2001-10-18,61.91137867191896,62.04123241418121,61.56509914024761,61.694952882509845,25.196586411828928,153600,42.650002
1826,2001-10-19,61.824806624772094,61.824806624772094,61.33424804289252,61.536248524355656,25.131756209594826,246900,41.84
1827,2001-10-22,61.46410178515476,61.478534307197535,59.58843806196399,60.367561958356795,24.65447300863253,371200,42.150002
1828,2001-10-23,60.237708216094546,60.84368946101295,59.87700337647722,60.814838845120995,24.837136825053463,340300,41.75
1829,2001-10-24,60.670552580815986,60.814838845120995,60.093429165886334,60.237708216094546,24.601436411834555,315500,41.799999
1830,2001-10-25,60.237708216094546,60.52627353060777,60.050140256674176,60.30984774119865,24.6308987831345,371600,41.880001
1831,2001-10-26,60.237708216094546,60.52627353060777,59.90585976364661,60.42527617551492,24.67803424875633,154700,41.93
1832,2001-10-29,60.30984774119865,60.540698838553745,59.87700337647722,60.49741570061903,24.707508162611145,173100,41.48
1833,2001-10-30,60.52627353060777,60.52627353060777,59.58843806196399,59.84814698930782,24.4423381639955,238200,41.970001
1834,2001-10-31,58.722749332521104,60.59841305571188,58.722749332521104,60.555129917777165,25.20503844763084,333800,42.400002
1835,2001-11-01,60.29621948359076,61.27899725354003,60.281764000062,61.27899725354003,25.506333590614435,386800,42.029999
1836,2001-11-02,61.27899725354003,61.27899725354003,60.700890642615555,60.74424697638669,25.283746315146562,114100,41.849998
1837,2001-11-05,60.700890642615555,61.13446698766065,60.382932151133026,60.48409885694476,25.175474714611045,79200,42.0
1838,2001-11-06,60.49855578573282,61.27899725354003,60.267314297570465,60.700890642615555,25.265703698032695,189400,42.799999
1839,2001-11-07,61.06220546786922,62.72425655455468,60.91768242828636,61.85709663816798,25.74693891378805,277900,43.439999
1840,2001-11-08,61.87155212169673,62.79651807434611,61.84264693567644,62.78206259081736,26.131950210541152,144600,43.150002
1841,2001-11-09,62.78206259081736,62.78206259081736,60.180595848990976,62.36294172930101,25.957500186612176,250500,43.68
1842,2001-11-12,62.435203249092446,63.23009441939121,62.01607660653889,63.12892626832018,26.27633016945321,138300,44.0
1843,2001-11-13,62.941041113928975,63.80820103031567,62.79651807434611,63.59140924464487,26.468830036792557,178800,44.43
1844,2001-11-14,64.16951585556934,64.31403889515221,63.51914772485344,64.21287074408117,26.727514108562573,267000,44.990002000000004
1845,2001-11-15,64.21287074408117,65.02221884316799,63.95272406989853,65.02221884316799,27.064369365405867,154600,44.639998999999996
1846,2001-11-16,64.66090401791432,64.96440702586808,64.18396555806088,64.51637375203494,26.85382977147125,105900,44.540001000000004
1847,2001-11-19,64.81987675998873,64.89214550607666,64.02498558968996,64.37185071245209,26.793675188844418,259600,44.48
1848,2001-11-20,64.67535372040585,64.7476152401973,63.95272406989853,64.2851337091319,26.75758561883878,154100,44.5
1849,2001-11-21,64.2851337091319,64.31403889515221,63.866007066578355,64.31403889515221,26.769621738297637,102400,44.75
1850,2001-11-23,64.31403889515221,64.96440702586808,64.24177737536077,64.67535372040585,26.920011085383315,80800,44.849998
1851,2001-11-26,64.67535372040585,65.00776335963923,64.67535372040585,64.81987675998873,26.980154105935735,201200,44.52
1852,2001-11-27,65.18119158524239,65.18119158524239,64.32848859764374,64.3429440811725,26.78165352197858,76400,44.299999
1853,2001-11-28,64.53083068082299,64.73316553770576,63.793744101527615,64.02498558968996,26.649298120450954,78000,44.490002000000004
1854,2001-11-29,63.96717377239007,64.31403889515221,63.96717377239007,64.29958919266066,26.763592116493804,145400,44.5
1855,2001-11-30,64.29958919266066,64.31403889515221,63.73593228422774,64.31403889515221,26.769621738297637,151300,44.150002
1856,2001-12-03,64.49627224894738,64.56882003395586,64.03195713859084,64.06097828397284,26.664284783803062,129400,45.240002000000004
1857,2001-12-04,64.06097828397284,65.6425516286248,63.915875459032264,65.6425516286248,27.322592198251275,135300,45.299999
1858,2001-12-05,65.29431239388795,66.3535312393888,64.85901842891342,65.72960635886248,27.358817482767407,435100,45.799999
1859,2001-12-06,65.72960635886248,66.51313955857385,65.58451078884552,66.45509871879457,27.660784814787778,128200,45.73
1860,2001-12-07,66.38255093378608,66.58568734358235,66.09235253882854,66.3535312393888,27.618514727928694,142100,45.700001
1861,2001-12-10,67.32569390366724,67.32569390366724,65.94725696881154,66.3100031487776,27.60039773271647,144400,45.279999
1862,2001-12-11,65.72960635886248,66.09235253882854,65.482941858455,65.70058666446519,27.346742387928696,290900,44.98
1863,2001-12-12,65.94725696881154,65.94725696881154,64.51077919417658,65.26529269949066,27.165555023989814,173500,44.919998
1864,2001-12-13,65.07666178393889,65.29431239388795,64.9460731591511,65.17823071432937,27.12931668061121,123700,45.0
1865,2001-12-14,65.26529269949066,65.42490101867573,64.98960705370119,65.29431239388795,27.17763156981324,203200,45.27
1866,2001-12-17,65.29431239388795,65.84568803842106,64.98960705370119,65.68607826825128,27.34071209543294,214400,45.5
1867,2001-12-18,65.80215414387098,66.01980475382005,65.58451078884552,66.01980475382005,27.479606156757217,162100,45.07
1868,2001-12-19,66.01980475382005,66.1068652879966,65.14921682387097,65.39588132427843,27.21991761750425,120000,44.959998999999996
1869,2001-12-20,65.58451078884552,65.58451078884552,65.23627155410865,65.23627155410865,27.153479929151107,71800,45.419998
1870,2001-12-21,65.25078430327676,66.3100031487776,64.56882003395586,65.90372307426146,27.431304326417656,214700,45.459998999999996
1871,2001-12-24,65.87470918380306,66.2229411636163,65.58451078884552,65.96176391404076,27.4554487121562,29800,45.490002000000004
1872,2001-12-26,65.87470918380306,66.2374553637691,65.80215414387098,66.00529780859084,27.473575864261463,104500,45.610001000000004
1873,2001-12-27,65.94725696881154,66.38255093378608,65.94725696881154,66.17941452398983,27.54603804117148,173000,45.77
1874,2001-12-28,66.3100031487776,66.60020154373515,65.86019498365025,66.41157062818337,27.642669270560276,162700,45.73
1875,2001-12-31,66.70176902314094,66.81784489876061,66.3535312393888,66.3535312393888,27.618514727928694,111200,45.360001000000004
1876,2002-01-02,66.16023464928854,66.16023464928854,65.29160580023715,65.66801409592887,27.333185396086957,139600,45.98
1877,2002-01-03,65.79830777181819,66.65245520264823,65.79830777181819,66.56559130434782,27.70677934837945,369300,45.98
1878,2002-01-04,66.66692938233201,66.66692938233201,65.87069169960475,66.56559130434782,27.70677934837945,87200,46.060001
1879,2002-01-07,66.20366442687748,66.86960843371541,66.01545955517787,66.68140935284586,27.75499090387352,148200,46.099998
1880,2002-01-08,66.71036495075099,66.88408840422926,66.63797523213438,66.73931331011859,27.779089443083006,167500,45.950001
1881,2002-01-09,66.76826890802371,66.89856258391305,66.5221615267589,66.5221615267589,27.688706167826087,99500,45.459998999999996
1882,2002-01-10,66.44977759897233,66.58007127486168,65.65353267770752,65.81278195150198,27.393437534940716,198400,45.02
1883,2002-01-11,65.81278195150198,65.81278195150198,64.92967892276681,65.17579209486166,27.128301486166013,163900,45.25
1884,2002-01-14,65.17579209486166,65.5087648221344,64.85729499498024,65.5087648221344,27.266899212332017,270500,44.939999
1885,2002-01-15,65.14683794466403,65.17579209486166,64.87177496549407,65.05997404636364,27.08009282608696,113900,44.810001
1886,2002-01-16,65.07445401687748,65.34951554833991,64.68357154150198,64.87177496549407,27.0017602681423,214900,44.439999
1887,2002-01-17,64.87177496549407,64.87177496549407,64.2782163341502,64.33612029142293,26.778811863913045,471500,43.880001
1888,2002-01-18,64.30716469351779,64.50984808802373,62.251422924901185,63.52540698130435,26.441355586482217,983200,43.959998999999996
1889,2002-01-22,63.62674650699605,64.04658313256918,63.30824940711462,63.64122068667984,26.489564246561265,220500,43.799999
1890,2002-01-23,63.554362579209496,63.62674650699605,63.33720355731226,63.40958748509882,26.393148374110677,111900,43.779999
1891,2002-01-24,63.33720355731226,63.39511330541503,62.70021370067194,63.38063333490119,26.381099104505928,167500,43.599998
1892,2002-01-25,63.2648196295257,63.2648196295257,62.873937154150205,63.12004453541502,26.27263830557313,187300,43.639998999999996
1893,2002-01-28,62.975276679841905,63.33720355731226,62.975276679841905,63.177954283517785,26.296735397075103,111300,43.849998
1894,2002-01-29,63.192435701739136,63.554362579209496,63.192435701739136,63.48197141288538,26.423276615098814,288200,44.080002
1895,2002-01-30,63.554362579209496,64.2782163341502,63.2648196295257,63.81494993098814,26.561874341264826,404900,43.599998
1896,2002-01-31,62.70021370067194,63.25033965901186,62.70021370067194,63.12004453541502,26.770638107312255,127000,43.73
1897,2002-02-01,62.98690393700787,63.15994343988189,62.90038202255906,63.05900433070865,26.744745556417325,93700,43.75
1898,2002-02-04,63.15994343988189,63.347405905511806,62.87154042307086,63.08784448818897,26.756982435236218,136000,43.490002000000004
1899,2002-02-05,63.08784448818897,63.2320423915748,62.65524356799212,62.712925324960636,26.597977994999997,238600,43.349998
1900,2002-02-06,62.87154042307086,62.87154042307086,62.28031863673228,62.51103845456692,26.51235445145669,421500,43.130001
1901,2002-02-07,62.51103845456692,62.51103845456692,62.19380104830709,62.19380104830709,26.377805022755908,96400,43.0
1902,2002-02-08,62.4100993453937,62.48220406511811,61.83329907980315,62.00633858267717,26.298301360629917,292600,43.09
1903,2002-02-11,62.00633858267717,62.13611929133858,61.90539803149606,62.13611929133858,26.353337033149604,391900,43.009997999999996
1904,2002-02-12,62.3524233564567,62.58314461629921,61.94865682570866,62.02075577740157,26.304409705984252,1048900,43.5
1905,2002-02-13,62.29474159948819,62.813864434133855,62.222642647795276,62.72734251968504,26.604089224370078,132300,43.66
1906,2002-02-14,62.72734251968504,63.030162731220464,62.49662125984253,62.958063779527556,26.701943878700785,171100,43.860001000000004
1907,2002-02-15,62.98690393700787,63.27530695381889,62.92922218003936,63.24646679633859,26.82425642858268,160200,43.91
1908,2002-02-19,63.24646679633859,63.376247504999995,63.2320423915748,63.31856574803149,26.854841415590553,112800,44.349998
1909,2002-02-20,63.44834645669292,63.95304632858267,63.15994343988189,63.95304632858267,27.123922968897634,292800,43.950001
1910,2002-02-21,64.16935039370078,64.21260918791337,63.376247504999995,63.376247504999995,26.879306521181103,120800,44.540001000000004
1911,2002-02-22,63.520445408385825,64.22703215066929,63.390664699724404,64.22703215066929,27.240127173425197,105200,44.5
1912,2002-02-25,64.1837675884252,64.78941377952756,64.06840984251969,64.16935039370078,27.215673603897642,134200,44.849998
1913,2002-02-26,64.31354829708661,64.80383241625985,64.29913110236221,64.67405026559055,27.429719484685037,181400,45.189999
1914,2002-02-27,64.67405026559055,65.23643910448818,64.67405026559055,65.16433438476378,27.637661346141734,399400,45.18
1915,2002-02-28,64.80383241625985,65.39505420259843,64.80383241625985,65.14991574803149,27.631553000787402,815500,45.52
1916,2002-03-01,64.95761433786912,65.34478036912752,64.78554261744966,65.27308322147651,27.683784385755033,637200,46.349998
1917,2002-03-04,65.2444043624161,66.4632530045973,65.08666920364094,66.4632530045973,28.188560984077178,185500,47.369999
1918,2002-03-05,66.44891644295302,67.92587625062082,66.2194855704698,67.92587625062082,28.808899044983217,470600,46.810001
1919,2002-03-06,67.82550024390939,67.82550024390939,66.24816586347315,67.12287106481543,28.468324688154365,486400,47.049999
1920,2002-03-07,67.39531879194631,67.66776651907718,67.32362307823826,67.46701450565436,28.614295778942953,177400,46.950001
1921,2002-03-08,67.46701450565436,67.72512567114093,67.18022448110737,67.32362307823826,28.553472220704695,194300,46.549999
1922,2002-03-11,67.39531879194631,67.39531879194631,66.53495588802014,66.7500430291443,28.310188025352346,286700,46.82
1923,2002-03-12,66.7500430291443,67.13720906040268,66.50627559501677,67.13720906040268,28.474393134731546,229500,47.02
1924,2002-03-13,67.18022448110737,67.51003709607383,66.96513733998322,67.42399765100672,28.596050288808726,292200,47.5
1925,2002-03-14,67.39531879194631,68.11229026845636,67.38098223030201,68.11229026845636,28.887955187869125,434300,47.400002
1926,2002-03-15,68.11229026845636,68.68587031755034,67.75380453020135,67.96889884104027,28.827144535117444,357900,48.080002
1927,2002-03-18,68.25568169587248,69.01567576280202,68.05493111639261,68.94398004909395,29.240693682768452,311400,48.240002000000004
1928,2002-03-19,68.97265317238254,69.28812348993289,68.80058288590604,69.17341092157719,29.338001051560404,112200,48.23
1929,2002-03-20,68.82926174496644,69.23076433786912,68.82926174496644,69.15906862416108,29.331929737097315,543700,48.400002
1930,2002-03-21,69.18774748322147,69.54623322147651,69.01567576280202,69.4028417940604,29.43529981669463,139900,48.02
1931,2002-03-22,69.4028417940604,69.4028417940604,68.85794060402684,68.85794060402684,29.20419553278523,1370800,48.029999
1932,2002-03-25,68.61416743412752,68.9009574586745,68.51379286135905,68.87227859961408,29.210285488506706,265900,48.099998
1933,2002-03-26,68.82926174496644,69.04435605580538,68.77190259290268,68.97265317238254,29.2528463492953,298100,48.200001
1934,2002-03-27,69.03001232444629,69.11605176951342,68.97265317238254,69.11605176951342,29.313687114848992,159000,48.369999
1935,2002-03-28,69.33113891063758,69.76132753231543,69.14473062857384,69.35981920364094,29.417070099932882,279200,48.040001000000004
1936,2002-04-01,68.87424050951613,68.87424050951613,68.48922921919355,68.5034917485484,29.05387314290322,265000,48.0
1937,2002-04-02,68.23255359967742,68.61756631596774,68.21829677419355,68.44645161290323,29.029677322258063,153200,47.860001000000004
1938,2002-04-03,68.44645161290323,68.44645161290323,68.23255359967742,68.246817555,28.94501761741935,79000,48.32
1939,2002-04-04,68.26107438048386,69.0168415616129,68.08995967741934,68.90276129032257,29.22322677580645,195000,49.049999
1940,2002-04-05,68.87424050951613,70.15761432919355,68.87424050951613,69.94371631596773,29.664699258870964,306000,49.540001000000004
1941,2002-04-08,70.01501327709677,70.65670018693548,70.0007564516129,70.64244336145161,29.961059560645158,314700,50.5
1942,2002-04-09,70.64244336145161,72.01137096774194,70.49984373532257,72.01137096774194,30.541639474838707,161300,51.25
1943,2002-04-10,71.79747295451612,73.38029857403225,71.61210142596774,73.08084677419355,30.995234109677416,422300,50.860001000000004
1944,2002-04-11,73.08084677419355,73.09510359967742,71.58358207112904,72.52472078080646,30.759374767258063,181000,51.400002
1945,2002-04-12,72.52472078080646,73.29474478741936,72.52472078080646,73.29474478741936,31.085948473548388,170700,50.75
1946,2002-04-15,72.93825285193547,72.99528728370967,72.01137096774194,72.3678629032258,30.69284481629032,145800,49.75
1947,2002-04-16,71.65487903225805,71.86877704548387,70.44280930354839,70.94189516129033,30.088059099677423,424200,49.099998
1948,2002-04-17,70.94189516129033,70.94189516129033,69.58722438048387,70.01501327709677,29.694955442419353,133300,48.98
1949,2002-04-18,69.51592741935484,71.66913585774192,69.51592741935484,69.8439,29.62238224016129,216500,48.900002
1950,2002-04-19,70.37150521258063,70.48558548387096,69.23073244499999,69.72982543258065,29.57399202483871,123400,48.599998
1951,2002-04-22,69.8724193548387,69.98649962612903,68.83146290322581,69.30202940612902,29.392563297096775,156600,47.599998
1952,2002-04-23,69.23073244499999,69.23073244499999,67.63364999999999,67.87606166419356,28.787773302580643,410300,47.82
1953,2002-04-24,68.08995967741934,68.5034917485484,67.73346774193548,68.18977741935484,28.92081324096774,560100,48.099998
1954,2002-04-25,68.16125663854838,68.88850303887097,68.10421650290321,68.58904553516128,29.09014976225806,264500,48.279999
1955,2002-04-26,68.73164658725806,68.91702381967741,68.73164658725806,68.8457211546774,29.199032381129033,178700,48.279999
1956,2002-04-29,68.48922921919355,69.03109838709676,68.48922921919355,68.8457211546774,29.199032381129033,238700,49.099998
1957,2002-04-30,68.94553747064516,70.01501327709677,68.81720037387096,70.01501327709677,29.694955442419353,162400,49.490002000000004
1958,2002-05-01,70.22891129032259,70.65670018693548,69.37333349709677,70.57114640032258,29.93081193290322,158800,49.610001000000004
1959,2002-05-02,69.15943548387096,71.15579317451612,69.08813852274194,70.74226110338711,30.508896403548388,477300,49.43
1960,2002-05-03,70.75651792887096,70.94189516129033,69.8724193548387,70.48558548387096,30.39819424983871,203400,48.59
1961,2002-05-06,70.84207741935484,70.94189516129033,69.25925322580645,69.28777258064517,29.88163315741935,1858200,48.220001
1962,2002-05-07,69.15943548387096,69.75833908354839,68.56053188419355,68.76016594209678,29.654072947258065,214100,48.049999
1963,2002-05-08,69.11665787758065,69.21647561951613,68.16125663854838,68.51774857403227,29.549529548225806,303000,47.369999
1964,2002-05-09,68.30385769064516,68.30385769064516,67.51956972870967,67.54809050951613,29.131351674193546,165200,46.740002000000004
1965,2002-05-10,67.54809050951613,67.54809050951613,66.56417419354838,66.64973511000001,28.743919090645164,207500,47.040001000000004
1966,2002-05-13,66.87788994870968,67.54809050951613,66.80658585774192,67.0775240066129,28.928405093225805,125700,47.360001000000004
1967,2002-05-14,67.43401594209678,67.64790825145161,66.83510663854838,67.53383368403226,29.125202901290322,264100,47.73
1968,2002-05-15,67.66217078080645,68.07570285193549,67.40549516129032,68.06144032258065,29.35273744403225,139300,47.700001
1969,2002-05-16,67.91884497435484,68.28959373532257,67.49105607774193,68.01866271629032,29.334296829193548,217600,47.869999
1970,2002-05-17,68.01866271629032,68.30385769064516,67.3484564516129,68.26107438048386,29.43883024645161,262800,47.41
1971,2002-05-20,68.08995967741934,68.14699981306451,67.40549516129032,67.60513064516128,29.15595246967742,116000,46.900002
1972,2002-05-21,67.51956972870967,67.57660986435482,66.66399193548388,66.87788994870968,28.842303734999998,144500,47.18
1973,2002-05-22,66.9491869098387,67.37697580645161,66.86362599338709,67.27715806451613,29.01450787741935,110500,48.080002
1974,2002-05-23,67.37697580645161,68.56053188419355,67.27715806451613,68.56053188419355,29.56798014483871,214200,48.099998
1975,2002-05-24,68.66034962612903,69.0168415616129,68.01866271629032,68.58904553516128,29.58026913483871,113400,48.200001
1976,2002-05-28,68.80294354838709,68.95980142596775,68.47497096774194,68.73164658725806,29.641779679354837,175900,48.759997999999996
1977,2002-05-29,69.0168415616129,69.58722438048387,68.76016594209678,69.53018424483871,29.986163722741935,250600,48.279999
1978,2002-05-30,69.4446304582258,69.8439,68.73164658725806,68.8457211546774,29.690975566451613,516700,46.580002
1979,2002-05-31,66.23620303887097,66.42158027129032,65.8369277932258,66.42158027129032,28.64551876064516,2010300,46.599998
1980,2002-06-03,66.35615395435798,66.48442113828794,66.12812736396887,66.41315668272374,28.6418935733463,378700,46.68
1981,2002-06-04,66.47016511178987,66.62693579766537,66.19938469365759,66.52717354085603,28.691059263852136,499300,46.669998
1982,2002-06-05,66.52717354085603,66.58418196992218,66.41315668272374,66.51291893953307,28.684913908832684,329400,46.650002
1983,2002-06-06,66.48442113828794,66.58418196992218,65.99986018003891,66.48442113828794,28.67262177361868,285500,46.599998
1984,2002-06-07,66.2706420233463,66.48442113828794,66.14237626459143,66.41315668272374,28.6418935733463,352200,46.849998
1985,2002-06-10,66.41315668272374,66.78370648354087,66.34189935303502,66.7694504570428,28.79554597610895,174900,46.93
1986,2002-06-11,66.84071491260701,66.9262211429183,66.45591621116732,66.88346731517511,28.844723068015565,302600,47.189999
1987,2002-06-12,66.98322957198444,67.31101984435797,66.86921271385214,67.25401141529183,29.004520825797666,298000,47.43
1988,2002-06-13,67.25401141529183,67.59605486381324,67.12574423136186,67.59605486381324,29.152032149066148,288500,47.299999
1989,2002-06-14,67.33952334630351,67.69581712062258,66.45591621116732,67.41078067599221,29.072136833112843,572500,47.599998
1990,2002-06-17,67.62455979093384,67.83833177999999,67.1114953307393,67.83833177999999,29.256524562023348,275100,47.169998
1991,2002-06-18,68.19462555431907,68.19462555431907,66.997478472607,67.2255064881712,28.99222869058366,295200,47.75
1992,2002-06-19,67.33952334630351,68.1376228259533,67.26826601661479,68.05211089494163,29.34872341459144,344700,48.0
1993,2002-06-20,68.05211089494163,68.55091932863813,67.86683670712063,68.4084046692607,29.502370116653694,211400,48.669998
1994,2002-06-21,68.62218378420233,69.3632691340856,68.62218378420233,69.3632691340856,29.91418586241245,196800,48.41
1995,2002-06-24,69.19224954758754,69.3632691340856,68.59367885708171,68.99272645914397,29.754379553579767,157200,48.549999
1996,2002-06-25,69.13524111852139,69.44878249027236,68.62218378420233,69.19224954758754,29.840418799377435,306200,48.279999
1997,2002-06-26,68.97847755852139,69.12099221789883,68.42265356988327,68.80745227132296,29.674471411050583,347100,48.509997999999996
1998,2002-06-27,68.97847755852139,69.26350687727627,68.76469844357976,69.13524111852139,29.815837379299612,275700,49.200001
1999,2002-06-28,69.12099221789883,70.18987354085603,69.04973488821012,70.11861621116732,30.239939559571983,478000,48.900002
2000,2002-07-01,69.89838638102165,70.38240923715159,68.98728863748472,69.61367358566353,30.02216962121044,398200,48.639998999999996
2001,2002-07-02,69.18659015670184,69.82720818218213,68.04771762138257,69.24353527823988,29.86254789431427,237900,47.830002
2002,2002-07-03,69.04423375902276,69.05846683632427,67.26474319822321,68.09042966561911,29.365242920638536,312000,48.080002
2003,2002-07-05,68.14736909278734,68.83069204454192,67.87688795113826,68.44632777777902,29.518727540488623,85200,47.400002
2004,2002-07-08,68.40361573354248,68.81645896724044,67.26474319822321,67.47828491270407,29.10124481900056,211800,46.900002
2005,2002-07-09,67.83418302486398,67.84841610216547,66.62412517274294,66.76648868838424,28.794259919783453,253800,46.049999
2006,2002-07-10,66.9088450860633,67.05120148374237,64.91581281078291,65.5564308362632,28.27241078870072,331900,45.509997999999996
2007,2002-07-11,64.91581281078291,66.01198041982788,63.49222036214326,64.78768949040533,27.940871766929487,500600,45.0
2008,2002-07-12,64.80192826207663,66.12587066290395,64.06166018878402,64.06166018878402,27.627761149405888,179400,45.099998
2009,2002-07-15,63.37833581343699,64.30366805786787,63.06514405114381,64.20401658646308,27.68915357375347,394800,45.240002000000004
2010,2002-07-16,63.7057620766241,65.62760903510272,63.7057620766241,64.40332522364243,27.775108662209885,292300,44.990002000000004
2011,2002-07-17,65.05817632642422,65.38560116601889,63.64881695508606,64.04742711148252,27.6216268895447,147700,43.75
2012,2002-07-18,63.84811847430317,63.94776994570795,62.28216962798446,62.28216962798446,26.860323814230984,428500,43.0
2013,2002-07-19,61.57037340366463,61.57037340366463,60.5311509161577,61.214475291504726,26.399869954680735,459000,41.799999
2014,2002-07-22,61.57037340366463,61.57037340366463,58.666243384847306,59.5061629295447,25.66312954347585,461600,41.110001000000004
2015,2002-07-23,59.86206104170461,60.43150086834537,58.338818545252636,58.52388698716825,25.23950117338701,336400,40.900002
2016,2002-07-24,58.22493399654637,59.74817649299835,57.02911491609662,58.22493399654637,25.11056782890616,670400,42.439999
2017,2002-07-25,58.58083210870628,61.07211889382565,57.72667236874514,60.41726209667407,26.056055295224876,379200,43.200001
2018,2002-07-26,60.773160208833986,63.1505624452471,60.773160208833986,61.4991952048251,26.52264768541366,410300,44.490002000000004
2019,2002-07-29,62.922787653464745,63.83388539700167,62.638067740144365,63.3356308871627,27.314639143142703,683100,44.75
2020,2002-07-30,63.3356308871627,64.10436653865075,62.90854888179345,63.7057620766241,27.474270835186008,821800,44.959998999999996
2021,2002-07-31,63.7057620766241,64.06166018878402,62.837369259361466,64.00471506724597,27.603198485297057,387400,43.970001
2022,2002-08-01,63.79219249369674,63.79219249369674,62.38751846369121,62.38751846369121,26.90575678402878,316200,43.48
2023,2002-08-02,62.74223484443277,62.74223484443277,61.507817582855566,61.69227293857222,26.60592070285003,233500,42.099998
2024,2002-08-05,61.86253396359713,61.86253396359713,59.521410107299396,59.734235679147766,25.761477211394578,398800,40.779999
2025,2002-08-06,58.31537015618152,58.882919203099064,57.251221013956844,57.86133460769785,24.953763891732155,1303900,41.0
2026,2002-08-07,57.86133460769785,58.30118433868291,57.180279156674054,58.17348644161594,25.08837592049253,807400,41.450001
2027,2002-08-08,58.17348644161594,59.23763558384063,57.88971191815717,58.811977345816274,25.36373657140011,458300,41.5
2028,2002-08-09,58.811977345816274,59.23763558384063,58.471446782573324,58.882919203099064,25.394337244133926,314700,42.349998
2029,2002-08-12,58.59914467964029,60.08895205988932,58.24442829889873,60.08895205988932,25.91445219775319,403900,42.200001
2030,2002-08-13,60.01801020260653,60.869333772982856,59.592351964582186,59.87612648804096,25.82267146253459,677700,41.049999
2031,2002-08-14,58.72684257670725,58.93967524288324,57.605937394698394,58.24442829889873,25.616737320531268,402000,41.240002000000004
2032,2002-08-15,58.45726096507472,58.92548374992252,58.10254458433315,58.51401700485889,25.735301980226897,369300,41.59
2033,2002-08-16,58.5282028223575,59.124123504272276,58.2160509884394,59.01061710016603,25.95371788223575,387700,41.299999
2034,2002-08-19,59.024802917664644,59.024802917664644,58.329563068007765,58.59914467964029,25.772760030033204,355800,41.400002
2035,2002-08-20,58.59914467964029,58.882919203099064,58.59914467964029,58.741035488533484,25.835161735733262,395300,41.650002
2036,2002-08-21,58.953861060381854,59.16669372655784,58.59914467964029,59.09575186927505,25.99117451317654,147700,42.049999
2037,2002-08-22,59.09575186927505,59.819370448256784,58.69846526624793,59.663293821864976,26.240777079380187,256400,42.400002
2038,2002-08-23,59.734235679147766,60.27340741560598,59.45046825001661,60.159901011499734,26.45919723798561,100200,43.009997999999996
2039,2002-08-26,60.51461739224129,61.02540330504704,59.904503798500286,61.02540330504704,26.839847642755956,263500,43.0
2040,2002-08-27,61.02540330504704,61.15310120211401,60.755821693414504,61.01121748754843,26.83361882311013,199100,43.509997999999996
2041,2002-08-28,61.01121748754843,62.20306452684008,60.64231528930826,61.734836066530164,27.151870359911456,229700,43.150002
2042,2002-08-29,61.3801196857886,61.93348291520753,61.08215934483122,61.22405015372441,26.92722563825678,178500,43.650002
2043,2002-08-30,61.22405015372441,61.93348291520753,61.22405015372441,61.93348291520753,27.23924551768124,226200,43.0
2044,2002-09-03,61.64668110497239,61.68917510282321,60.79676998465194,60.91009392265194,26.789143211801104,516100,43.200001
2045,2002-09-04,61.05174247083978,61.306716373541434,60.91009392265194,61.193398101596685,26.913735517176793,258300,43.0
2046,2002-09-05,61.618350828729284,61.618350828729284,60.79676998465194,60.91009392265194,26.789143211801104,271500,43.130001
2047,2002-09-06,61.05174247083978,61.150898437690614,60.83926964855801,61.09424213474586,26.870133805524862,419100,43.07
2048,2002-09-09,61.09424213474586,61.12257382750277,60.79676998465194,61.00924988950277,26.832749172994475,202800,42.810001
2049,2002-09-10,61.080074163596684,61.108404439839774,60.38598522866851,60.640957714856356,26.670763736005526,206300,42.93
2050,2002-09-11,60.76844537446409,61.00924988950277,60.626789743707185,60.81093795580111,26.745527335011047,104000,42.220001
2051,2002-09-12,60.83926964855801,60.83926964855801,59.42275583640332,59.805214565685084,26.30320531551381,578300,41.790001000000004
2052,2002-09-13,59.805214565685084,59.805214565685084,58.85614747851382,59.19611362645857,26.035311390331493,411400,41.220001
2053,2002-09-16,59.21027593155249,59.2952695933094,58.00624202424862,58.388700753530394,25.68020554276243,320700,40.849998
2054,2002-09-17,58.50201902547514,58.64367465623205,57.69460756906077,57.86458639349171,25.44968350148619,179500,40.880001
2055,2002-09-18,58.00624202424862,58.02040432934254,57.439633666359114,57.90708605739779,25.46837156820995,119400,40.700001
2056,2002-09-19,57.86458639349171,58.062903993248625,57.652113571209945,57.652113571209945,25.35624175135359,297900,40.790001000000004
2057,2002-09-20,57.86458639349171,57.92124836249171,57.58128929711603,57.77959981430387,25.41230453501105,148600,40.799999
2058,2002-09-23,57.92124836249171,57.9354177501547,57.538789633209944,57.79376211939779,25.418542861839782,151800,40.0
2059,2002-09-24,57.652113571209945,57.666275876303864,56.40558,56.66055248618785,24.920133977950275,1116700,39.549999
2060,2002-09-25,56.8022010343757,56.8022010343757,55.66899140116575,56.023119854204424,24.639774731220996,297900,39.669998
2061,2002-09-26,56.235599759055255,56.348918031,55.810647031922656,56.19310009514917,24.714555328392265,364100,39.0
2062,2002-09-27,56.334754309392274,56.334754309392274,55.031558769182325,55.24403867403315,24.297134205198894,403800,38.849998
2063,2002-09-30,55.24403867403315,55.31486294812707,54.69159970380664,55.031558769182325,24.203679706441992,430400,38.650002
2064,2002-10-01,54.94049717166023,54.94049717166023,54.20513448857143,54.6576688515058,24.039234866293434,261600,38.639998999999996
2065,2002-10-02,54.7283759315444,54.78494414108109,54.233412229575286,54.64352291015444,24.033004033783783,284100,38.5
2066,2002-10-03,54.44554054054054,54.7283759315444,54.02129098945946,54.44554054054054,23.94593500818533,343300,37.900002
2067,2002-10-04,54.304126380463316,54.44554054054054,53.45562020745173,53.597041438378376,23.572746889111972,270800,36.939999
2068,2002-10-07,53.738455598455594,53.738455598455594,52.055594850463315,52.239434107065634,22.975653252277993,244100,36.400002
2069,2002-10-08,51.33436538119691,51.914175033706556,50.584856756756764,51.47578661212355,22.639789318957526,420800,35.0
2070,2002-10-09,51.33436538119691,51.34850990837838,49.49594594594594,49.49594594594594,21.769034011158304,531600,35.91
2071,2002-10-10,48.93027516393822,51.065675931544405,47.94036190169884,50.78284054054053,22.335024395559845,513600,37.0
2072,2002-10-11,51.051529990193046,52.889956496293436,51.051529990193046,52.32428571428571,23.012976023861,318300,36.52
2073,2002-10-14,52.46569987436293,52.46569987436293,51.33436538119691,51.64548416988417,22.714437690463324,275400,36.939999
2074,2002-10-15,52.32428571428571,52.875810554942085,51.80104427131274,52.239434107065634,22.975653252277993,408700,36.450001
2075,2002-10-16,52.182871554208496,52.31014684378379,51.12224414108108,51.546493692162166,22.670896813899613,285400,36.459998999999996
2076,2002-10-17,51.617200772200775,51.90003616320463,51.192951221119685,51.56063256266408,22.67711491888031,324700,36.490002000000004
2077,2002-10-18,51.603061901698844,51.617200772200775,50.85354762057915,51.603061901698844,22.69577206216216,252300,36.299999
2078,2002-10-21,51.603061901698844,51.68790785223938,50.980822910154444,51.33436538119691,22.57758564243243,239100,35.700001
2079,2002-10-22,51.40507246123552,51.40507246123552,50.245454570386094,50.485866279034745,22.204411665057915,339700,35.299999
2080,2002-10-23,50.62728043911196,50.62728043911196,49.51008481644787,49.920195497027024,21.95562807069498,282200,35.220001
2081,2002-10-24,49.97676370656371,50.68384864864865,49.62322123552124,49.80706473463321,21.905860604131274,753900,35.389998999999996
2082,2002-10-25,49.82120501930501,50.06161672795366,49.49594594594594,50.04747078660231,22.011598086370654,728600,35.52
2083,2002-10-28,50.401013257644784,50.52828996138996,50.06161672795366,50.23131428571429,22.092454663667954,382800,34.919998
2084,2002-10-29,50.2737379680695,50.316167307104244,49.312102446833975,49.382809526872585,21.719269372934363,279200,34.639998999999996
2085,2002-10-30,49.48180707544402,49.849488416988414,48.802999874362925,48.9868433734749,21.545118594208496,388900,35.139998999999996
2086,2002-10-31,49.071696394864865,49.76463680976834,49.071696394864865,49.69392831555984,21.856115764285715,448700,35.490002000000004
2087,2002-11-01,49.708074256911196,50.188892017528964,49.49594594594594,50.188892017528964,22.073801762895755,476700,36.59
2088,2002-11-04,50.2737379680695,51.90003616320463,50.2737379680695,51.74447606177606,22.757967253667953,516100,37.110001000000004
2089,2002-11-05,51.74447606177606,52.635404502972975,51.50406435312741,52.47984581571429,23.081399219536674,540400,37.139998999999996
2090,2002-11-06,51.617200772200775,52.522268083899604,51.12224414108108,52.522268083899604,23.62201373953668,569100,37.32
2091,2002-11-07,52.67782818532819,53.00308725868725,52.60712110528957,52.77682007722007,23.736485134980693,566800,36.610001000000004
2092,2002-11-08,52.875810554942085,52.875810554942085,51.37679472023166,51.772760873629345,23.284922306756755,287600,36.130001
2093,2002-11-11,51.70205237942085,51.70205237942085,50.641424966293435,51.0939593292278,22.97962989799228,259000,37.0
2094,2002-11-12,51.44750180027027,52.66368931482626,51.2636583011583,52.32428571428571,23.53297336111969,447400,36.669998
2095,2002-11-13,52.06973513513514,52.69196705583011,51.65962445455598,51.857606824169885,23.323092166100388,243100,37.5
2096,2002-11-14,51.98488211374517,53.031370656370655,51.82932908316602,53.031370656370655,23.85099188467181,287900,37.779999
2097,2002-11-15,52.889956496293436,53.738455598455594,52.889956496293436,53.427336809768335,24.029062742316604,275200,37.5
2098,2002-11-18,53.45562020745173,53.45562020745173,52.83338828675676,53.031370656370655,23.85099188467181,381900,37.5
2099,2002-11-19,53.031370656370655,53.031370656370655,52.66368931482626,53.031370656370655,23.85099188467181,114300,37.599998
2100,2002-11-20,53.031370656370655,53.24349896733591,52.35256911196912,53.17278481644787,23.914588518532817,218300,37.93
2101,2002-11-21,53.24349896733591,53.7101722007722,53.04550952687258,53.6394637065637,24.124478198571428,322100,37.700001
2102,2002-11-22,53.6394637065637,53.667748518416985,52.83338828675676,53.31420604737452,23.978189394903477,703500,37.32
2103,2002-11-25,53.31420604737452,53.38491312741313,52.59297657810811,52.77682007722007,23.736485134980693,536200,37.099998
2104,2002-11-26,52.67782818532819,52.7485352653668,52.32428571428571,52.46569987436293,23.596567166640924,501700,37.099998
2105,2002-11-27,52.46569987436293,52.84752715725868,51.857606824169885,52.46569987436293,23.596567166640924,361400,37.369999
2106,2002-11-29,52.67782818532819,52.960663576332045,52.36670939664092,52.84752715725868,23.768296886525093,140600,37.25
2107,2002-12-02,52.79430762852405,53.191149328971804,52.59588748694859,52.79430762852405,23.74436386940298,590400,37.290001000000004
2108,2002-12-03,52.79430762852405,53.13446170689885,52.43998341625207,52.85100091978441,23.769861039718077,930000,37.110001000000004
2109,2002-12-04,52.581710266567164,52.86517105368159,52.43998341625207,52.59588748694859,23.655128025190713,475300,37.299999
2110,2002-12-05,52.66675091210613,52.9927277700995,52.5250226444942,52.86517105368159,23.776237458242125,197600,37.27
2111,2002-12-06,52.65258077820896,52.978557636202325,52.43998341625207,52.8226535655058,23.757118123747926,216100,37.5
2112,2002-12-09,52.61005762084577,53.29035869111111,52.61005762084577,53.14863184079602,23.90373039630182,521400,37.25
2113,2002-12-10,53.14863184079602,53.14863184079602,52.312426699834155,52.79430762852405,23.74436386940298,225200,37.299999
2114,2002-12-11,52.65258077820896,52.86517105368159,52.43998341625207,52.86517105368159,23.776237458242125,313100,37.150002
2115,2002-12-12,52.79430762852405,52.978557636202325,52.43998341625207,52.65258077820896,23.68061243983416,172300,36.849998
2116,2002-12-13,52.66675091210613,52.93603447883913,52.12817669215588,52.227386054295195,23.489390748955223,541200,37.290001000000004
2117,2002-12-16,52.29825656593699,52.85100091978441,51.97227262145937,52.85100091978441,23.769861039718077,420900,36.849998
2118,2002-12-17,52.79430762852405,52.80847776242122,52.04314171580432,52.227386054295195,23.489390748955223,235300,36.900002
2119,2002-12-18,51.943932353665005,52.43998341625207,51.7455051256053,52.29825656593699,23.52127284157546,371100,36.360001000000004
2120,2002-12-19,52.43998341625207,52.43998341625207,51.53291485013268,51.53291485013268,23.177048286650084,459700,36.41
2121,2002-12-20,51.589608141393036,51.75968092868989,51.30614735427861,51.60377827529021,23.208917623598676,522200,36.75
2122,2002-12-23,51.958102487562186,52.227386054295195,51.447874204593695,52.0856592039801,23.425657744245438,600900,36.59
2123,2002-12-24,52.0856592039801,52.0856592039801,51.7455051256053,51.858891708126045,23.32366339379768,211600,36.610001000000004
2124,2002-12-26,51.731334991708124,52.5250226444942,51.660471566550584,51.88723906240465,23.336409144361525,342700,36.549999
2125,2002-12-27,51.87306184202322,52.14235249524047,51.377010779436155,51.80219841686567,23.298152050514098,344100,37.189999
2126,2002-12-30,51.731334991708124,52.70926840028192,51.702989054726366,52.70926840028192,23.706128035008287,338700,37.48
2127,2002-12-31,52.7234442033665,53.644682903383085,52.70926840028192,53.120285903814256,23.89097897655058,709000,37.580002
2128,2003-01-02,53.027513113802975,53.09806453708861,52.56186158503028,53.027513113802975,23.849258215129336,240600,38.450001
2129,2003-01-03,53.027513113802975,54.48090009019814,53.027513113802975,54.255131020302706,24.401377886615304,406500,39.009997999999996
2130,2003-01-06,54.466785290159606,55.2993101464557,54.38212612211889,55.04531853176665,24.756758157424326,857700,38.509997999999996
2131,2003-01-07,55.03121078701157,55.03121078701157,54.170464796978536,54.33979018834342,24.439449607083105,473900,38.290001000000004
2132,2003-01-08,54.26923876505779,54.523228968690155,53.84592317006054,54.02936195040728,24.29983542531646,765300,38.450001
2133,2003-01-09,54.057583084144206,54.325682443588335,53.62015410016511,54.255131020302706,24.401377886615304,347700,38.43
2134,2003-01-10,54.255131020302706,54.325682443588335,53.98702601663181,54.226908475509084,24.388682609603748,335500,38.240002000000004
2135,2003-01-13,54.36801273313704,54.523228968690155,53.90236684859109,53.95881052712164,24.268103582542654,377400,38.439999
2136,2003-01-14,54.09991337369291,54.2974613098514,53.76125694673638,54.241017631320865,24.395036597864618,243100,38.16
2137,2003-01-15,54.59378180303248,54.59378180303248,53.704818912432586,53.84592317006054,24.217336585063293,350900,37.619999
2138,2003-01-16,54.19868734177215,54.19868734177215,52.77352291017061,53.08395114810678,23.874640302812335,264500,37.189999
2139,2003-01-17,53.09806453708861,53.09806453708861,52.18087627958173,52.4771967727628,23.601753228029718,287900,37.099998
2140,2003-01-21,52.46308761695102,52.56186158503028,51.89866353115575,52.35020025988994,23.54462095383599,343000,36.799999
2141,2003-01-22,51.64467191646671,51.92688466489268,51.4330176466098,51.92688466489268,23.354249651986795,543600,36.599998
2142,2003-01-23,51.94099805387452,52.293762225586136,51.489461325140354,51.64467191646671,23.227316636664835,494300,36.25
2143,2003-01-24,51.65878671650524,51.68700785024216,51.15080489818383,51.15080489818383,23.005196559361586,256600,36.060001
2144,2003-01-27,51.122583764446894,51.19313518773252,50.57227165657679,50.882705538739685,22.884609065960376,249200,36.09
2145,2003-01-28,50.967366117837095,51.00970205161256,50.62871533510732,50.9250358282884,22.903654098062745,253100,36.25
2146,2003-01-29,50.79804072647221,51.71523039503578,50.79804072647221,51.15080489818383,23.005196559361586,306800,35.900002
2147,2003-01-30,51.20724857671437,51.56001274842598,50.656937879900944,50.656937879900944,22.78307930417171,166500,36.349998
2148,2003-01-31,50.72748930318657,51.29190774475509,50.656937879900944,51.29190774475509,23.068664478079256,359300,36.470001
2149,2003-02-03,51.10976788640088,51.58585887493174,50.997743676799566,51.06776125826872,22.967851720355,189000,36.700001
2150,2003-02-04,51.06776125826872,51.3898228093337,50.80170761120153,51.3898228093337,23.112701003347897,271100,36.98
2151,2003-02-05,51.41782816160023,51.94992565386128,51.31981082893501,51.78189634079738,23.28902410148553,248500,36.799999
2152,2003-02-06,51.80990169306391,51.80990169306391,51.487840141998916,51.52984677013107,23.175680839792463,233700,35.75
2153,2003-02-07,50.969743925603495,50.969743925603495,50.05956717640634,50.05956717640634,23.02752272442928,283700,35.75
2154,2003-02-10,50.05956717640634,50.18559126160569,49.37343324534134,50.05956717640634,23.02752272442928,355900,35.25
2155,2003-02-11,50.19959113720372,50.19959113720372,49.27541591267613,49.359433369743314,22.70545977309667,219200,35.169998
2156,2003-02-12,49.429445350142004,49.555469435341344,49.135390551611145,49.247409160142006,22.6539327254615,365900,35.150002
2157,2003-02-13,49.079378446810495,49.219409408945936,48.5052687253468,49.219409408945936,22.6410502634189,383000,34.849998
2158,2003-02-14,49.079378446810495,49.33142801747679,48.79932352387766,48.79932352387766,22.44780773170945,228100,35.220001
2159,2003-02-18,48.93935448601311,49.429445350142004,48.72931154347898,49.31742674161115,22.68613608003277,290500,36.150002
2160,2003-02-19,49.66749364494266,50.759700983069365,49.219409408945936,50.619677022271986,23.285174765816496,352000,35.959998999999996
2161,2003-02-20,50.47964606013654,50.661682250136536,49.8495242338722,50.35362197493719,23.16277737373567,206900,36.369999
2162,2003-02-21,50.409634079737856,50.969743925603495,49.97554971933916,50.927731696400876,23.42688464882032,195600,36.099998
2163,2003-02-24,50.82971296346805,50.88572506826871,50.26961011894047,50.54965804053523,23.252972811512837,182400,36.5
2164,2003-02-25,50.619677022271986,51.10976788640088,50.26961011894047,51.10976788640088,23.510617851561992,162600,36.400002
2165,2003-02-26,50.969743925603495,51.06776125826872,50.50765281267067,50.969743925603495,23.4462167434899,176700,36.849998
2166,2003-02-27,51.0257504293337,51.795901817465875,50.91373182080285,51.59985875052977,23.73607073918078,317200,36.77
2167,2003-02-28,51.66987773226652,52.3139994341289,51.403822684931725,51.487840141998916,23.684539490742768,197700,36.59
2168,2003-03-03,51.31955577421825,51.77888738539088,50.77671400651466,50.92982361563519,23.427841350879483,346000,36.009997999999996
2169,2003-03-04,50.92982361563519,50.92982361563519,50.12251562009772,50.12251562009772,23.056486521107495,383900,36.0
2170,2003-03-05,50.108599348534206,50.247787118469056,49.99724412172639,50.108599348534206,23.05007401229642,373700,35.950001
2171,2003-03-06,50.12251562009772,50.303464731872964,49.885894462540726,50.03900546356678,23.018061576840392,196300,35.880001
2172,2003-03-07,50.03900546356678,50.1921150726873,49.691029079201954,49.94157207594463,22.973246394250822,132100,35.25
2173,2003-03-10,49.802378738387624,49.885894462540726,48.855881581009776,49.06467019543974,22.569867993778505,261300,35.150002
2174,2003-03-11,49.203857965374596,49.537918078175906,48.75844958529316,48.925482425504896,22.505843122866455,215100,36.040001000000004
2175,2003-03-12,50.31738796296417,50.72103639311075,49.83021684913681,50.16427696193812,23.07568507418567,3340700,36.5
2176,2003-03-13,50.59576350283388,50.95766311828991,50.275626621123784,50.804552117263846,23.370217853534207,11583600,36.0
2177,2003-03-14,50.790635845700336,50.804552117263846,49.96941157859935,50.108599348534206,23.05007401229642,3531500,35.990002000000004
2178,2003-03-17,50.12251562009772,50.456575732899026,49.78846107491857,50.094683076970696,23.043674030635177,1541300,35.900002
2179,2003-03-18,49.760622964169386,50.303464731872964,49.635351465798045,49.96941157859935,22.986054709006517,828000,36.099998
2180,2003-03-19,50.094683076970696,50.34522050609121,49.899810734104236,50.247787118469056,23.11411141035831,1004100,36.5
2181,2003-03-20,50.247787118469056,50.92982361563519,49.537918078175906,50.804552117263846,23.370217853534207,597100,37.860001000000004
2182,2003-03-21,51.29171627156352,52.697545040114015,50.9437398871987,52.697545040114015,24.241002309201956,749100,36.049999
2183,2003-03-24,52.057269884788276,52.057269884788276,48.78628769604235,50.17819323350163,23.08208923156352,590100,36.720001
2184,2003-03-25,50.17819323350163,51.11077272741043,50.17819323350163,51.11077272741043,23.511084261547236,496500,36.889998999999996
2185,2003-03-26,51.31955577421825,51.347393884967424,50.55400912052118,51.347393884967424,23.619918747426716,324200,36.869999
2186,2003-03-27,51.29171627156352,51.61186011280131,50.651441116237784,51.31955577421825,23.607128527443,329400,36.91
2187,2003-03-28,51.2221223865961,51.43091100102606,50.804552117263846,51.37523338762215,23.632739589332253,380400,36.48
2188,2003-03-31,50.665364347328996,51.27780000000001,50.20603273615636,50.77671400651466,23.357402579250817,513200,37.400002
2189,2003-04-01,50.88721828073993,52.254252903215445,50.8314194973395,52.170561005321,23.998582323231773,444700,37.709998999999996
2190,2003-04-02,52.7285307051741,53.5794422742111,52.37979702726333,52.60298658112622,24.19750140804679,375700,37.310001
2191,2003-04-03,52.7145841479271,52.84012827197497,51.91947136229054,52.04501548633841,23.940830631235038,317800,36.669998
2192,2003-04-04,52.04501548633841,52.212406256800875,51.12435997158868,51.1522530860827,23.5301604571926,456600,37.060001
2193,2003-04-07,51.16620522306855,51.98921670293798,50.747726204510336,51.696281808427635,23.78041174446137,711500,36.970001
2194,2003-04-08,51.97526456595211,51.98921670293798,51.05460765626768,51.570737684379765,23.722662842334064,232800,36.880001
2195,2003-04-09,51.59863777354734,51.863672578890096,51.068561188188255,51.44519356033188,23.664913940206745,407200,36.970001
2196,2003-04-10,51.45914011757888,51.61258433079434,50.63612863770946,51.570737684379765,23.722662842334064,470100,36.650002
2197,2003-04-11,51.682329671441785,52.60298658112622,50.9151169749728,51.12435997158868,23.517334032519038,289500,36.98
2198,2003-04-14,51.33359599353101,51.61258433079434,51.05460765626768,51.584685636561474,23.72907954200762,314000,37.259997999999996
2199,2003-04-15,51.5428389901469,51.97526456595211,51.249904095636566,51.97526456595211,23.908745737932534,523200,36.830002
2200,2003-04-16,51.821827327410226,51.89157266805768,51.18015317525027,51.375448219684436,23.632831836773672,493500,37.18
2201,2003-04-17,51.473093649499454,51.863672578890096,51.12435997158868,51.863672578890096,23.857409350674644,378100,37.619999
2202,2003-04-21,51.96131800870511,52.47744245707835,51.96131800870511,52.47744245707835,24.13974692618063,400400,38.310001
2203,2003-04-22,52.51929468323177,53.62128892062568,52.184507562568,53.4399501979815,24.58251036313384,742800,38.66
2204,2003-04-23,53.49574340164309,54.03977351892275,53.00751904243744,53.92817595212186,24.807093456773668,456900,38.369999
2205,2003-04-24,53.92817595212186,53.92817595212186,53.230708596300325,53.52364349081066,24.621002191566916,418200,38.07
2206,2003-04-25,53.425998060995646,53.900275862954295,52.74248284215995,53.10516447225245,24.428508176033734,403000,37.849998
2207,2003-04-28,53.216762039053314,53.3423061631012,52.589040023879214,52.798276045821545,24.287335203476605,375600,38.200001
2208,2003-04-29,52.86802836114254,54.193210757464634,52.686684058759525,53.28650737970076,24.5119266667247,369100,37.759997999999996
2209,2003-04-30,53.216762039053314,53.73288509249184,52.67273192177366,52.67273192177366,24.22957793174102,481100,38.240002000000004
2210,2003-05-01,52.88459475325341,53.5832023826812,52.45146221465396,53.429514293068124,24.57770662760763,528000,38.77
2211,2003-05-02,53.429514293068124,54.351676363912816,53.429514293068124,54.170035585831066,24.9183518993624,408600,39.209998999999996
2212,2003-05-05,54.072231914926434,54.81275460490463,53.974426846806544,54.78480890251226,25.20114826775477,339000,39.43
2213,2003-05-06,54.78480890251226,55.623140852256135,54.74289384196185,55.09219765667575,25.342539465874662,451100,36.59
2214,2003-05-07,52.39557220708447,53.44348365122616,50.64905313351499,51.12410632152589,23.517211862844686,2369200,36.389998999999996
2215,2003-05-08,50.99835694822888,51.13807567968393,50.55124806539509,50.84466187253951,23.388669456245236,1446100,36.650002
2216,2003-05-09,50.928497582501365,51.59915950953679,50.928497582501365,51.20794203148774,23.555781990065395,660000,36.200001
2217,2003-05-12,51.20794203148774,51.20794203148774,50.09016423554224,50.579193767787466,23.266551445405995,1880300,35.110001000000004
2218,2003-05-13,49.46142295791826,49.684976002119896,48.76281532849047,49.05622913563489,23.08898913866485,789300,35.18
2219,2003-05-14,49.2518378746594,49.419502308506814,48.66501026037057,49.15403280653951,23.13503017587466,423200,35.049999
2220,2003-05-15,49.321697240386925,49.39155660611444,48.6370645579782,48.972393425673026,23.04954295747684,451400,35.349998
2221,2003-05-16,48.76281532849047,49.39155660611444,48.41351151377657,49.39155660611444,23.246825560381474,548900,34.799999
2222,2003-05-19,49.321697240386925,49.321697240386925,48.539260887073574,48.62308961095913,22.885129843536788,278400,35.189999
2223,2003-05-20,48.66501026037057,49.279782179836516,48.6510353133515,49.16800356191281,23.141612456959127,494700,35.349998
2224,2003-05-21,49.05622913563489,49.40553295034878,48.734869626098096,49.39155660611444,23.246825560381474,289900,35.84
2225,2003-05-22,49.46142295791826,50.118109937934605,49.3496429427793,50.076194877384204,23.569058329455046,392000,35.700001
2226,2003-05-23,49.978389809264314,50.118109937934605,49.671001055100824,49.880586138359675,23.476983241111714,223800,35.650002
2227,2003-05-27,49.740860420828334,50.229889953073574,49.40553295034878,49.81072677263216,23.44411095771662,583600,35.099998
2228,2003-05-28,49.95044550408719,50.076194877384204,48.930478365122624,49.04225279140055,23.082412446441417,433800,34.139998999999996
2229,2003-05-29,48.972393425673026,49.279782179836516,47.04423497123706,47.700927540114435,22.451108676032696,818900,35.23
2230,2003-05-30,48.050231354828334,49.23786851650137,47.71490388434877,49.223893569482286,23.16791084256131,1355300,35.110001000000004
2231,2003-06-02,49.10051725639631,49.40757274239522,48.86324647371802,49.00282006744149,23.063851425939035,662600,35.43
2232,2003-06-03,49.128432533418625,49.44944077299946,48.73763400774089,49.44944077299946,23.27406528344584,408900,36.310001
2233,2003-06-04,49.49131019929777,50.83117510735983,49.22612972237344,50.67765294713664,23.85213803895482,611500,36.16
2234,2003-06-05,50.328729430533485,50.76139179973327,49.812319834572676,50.46829744148068,23.75360901633642,438700,36.41
2235,2003-06-06,50.66369321508438,51.59881103096898,50.635779333756126,50.81722095808383,23.917831962966797,454300,35.610001000000004
2236,2003-06-09,50.87305011643441,50.92887927478499,49.54713935764835,49.700667100647806,23.39230429767012,481000,36.080002
2237,2003-06-10,49.714621249923795,50.3566447075558,49.714621249923795,50.3566447075558,23.701042990713116,217400,36.720001
2238,2003-06-11,50.593909907457814,51.31967082199239,50.03562948950463,51.249887514365824,24.121476288503,278000,35.900002
2239,2003-06-12,51.012616731687544,51.09636116706044,49.91001702352749,50.10541977560153,23.58281235065324,448500,35.200001
2240,2003-06-13,50.20311696455635,50.24498639085466,49.05864922579206,49.128432533418625,23.122981400756668,508100,35.919998
2241,2003-06-16,49.337782456298314,50.13332807415352,49.337782456298314,50.13332807415352,23.595944436124118,596600,35.75
2242,2003-06-17,50.119373924877515,50.23103224157867,49.49131019929777,49.8960628742515,23.484270766788246,269900,35.0
2243,2003-06-18,49.54713935764835,49.54713935764835,48.80742289814373,48.84929232444203,22.99159215703865,535400,34.75
2244,2003-06-19,49.05864922579206,49.19821584104518,48.44453964948829,48.500368807838875,22.827363627632014,414200,34.709998999999996
2245,2003-06-20,48.639935423092005,48.84929232444203,48.43058550021231,48.44453964948829,22.801096665302126,445900,34.23
2246,2003-06-23,48.44453964948829,48.44453964948829,47.55129684267828,47.7746078933043,22.485774483347853,330000,34.259997999999996
2247,2003-06-24,47.80252177463256,48.01187867598259,47.31403164277627,47.81647592390854,22.50548447495373,390900,34.310001
2248,2003-06-25,47.844391200930865,48.360802192585744,47.732738467005994,47.88626481431138,22.538341904665216,293000,34.619999
2249,2003-06-26,47.80252177463256,48.34684106483941,47.66295515937943,48.318927183511164,22.741972273260757,323600,34.389998999999996
2250,2003-06-27,48.33288691556343,48.57015211546544,47.94208838988569,47.99791754823625,22.59087862071312,217400,34.599998
2251,2003-06-30,48.165399440511706,48.38871049113773,47.66295515937943,48.29101190648884,22.72884018778988,592800,34.73
2252,2003-07-01,48.168785718384996,48.433683375628064,47.55535098634584,48.41973882544861,22.789425556557912,530800,35.450001
2253,2003-07-02,48.35003001631322,49.423547071174546,48.19667063621534,49.423547071174546,23.261879798825447,414400,35.299999
2254,2003-07-03,49.353839656215335,49.423547071174546,48.81010536825448,49.21441785541598,23.163441201092986,143800,35.290001000000004
2255,2003-07-07,49.53507837743882,50.009098279559545,49.20047888194128,49.20047888194128,23.156892755562808,356600,35.360001000000004
2256,2003-07-08,49.21441785541598,49.38171760316476,48.87981835991843,49.29807121473083,23.20281831319739,403900,34.98
2257,2003-07-09,49.423547071174546,49.52113800978793,48.308207519184336,48.76828287112561,22.95347826797716,383300,34.389998999999996
2258,2003-07-10,48.68462951181077,48.68462951181077,47.62505840130505,47.94571752915171,22.56630996533442,433800,34.75
2259,2003-07-11,48.02937088846656,48.46156132257748,47.95966347350735,48.44762234910277,22.802537783556282,548600,35.889998999999996
2260,2003-07-14,48.796166394779775,50.19034257748776,48.65675156486134,50.0369818032137,23.550605321207176,1306600,36.27
2261,2003-07-15,50.17640360401306,50.88743066884176,49.89756697329527,50.56677014681893,23.799945366427405,555300,36.310001
2262,2003-07-16,50.67830145308319,50.81772325388255,50.12063516252855,50.62253858830342,23.826197703947802,361000,36.279999
2263,2003-07-17,50.62253858830342,50.74801583892333,50.3855258488907,50.580710514469814,23.806518907128876,736300,36.560001
2264,2003-07-18,50.72013092109299,51.30568212947797,50.524947649690056,50.97108263398042,23.990242050309952,431000,36.43
2265,2003-07-21,51.16626729955954,51.417219012446985,50.60859403812398,50.7898383360522,23.904937986394778,251500,36.82
2266,2003-07-22,50.831662227357256,51.58451876019576,50.81772325388255,51.333567047308314,24.16084738978793,347100,36.689999
2267,2003-07-23,51.333567047308314,51.3753895444372,50.67830145308319,51.1523227493801,24.075551690929853,242700,37.43
2268,2003-07-24,51.30568212947797,52.29554582502447,51.18020627303425,52.1840145187602,24.561125131076672,626400,37.75
2269,2003-07-25,52.56044348226754,52.83928011298532,52.25372332789559,52.630150897226756,24.771107582659052,583100,37.639998999999996
2270,2003-07-28,52.699858312185974,52.92292650141925,52.36525881668842,52.47679012295269,24.69892689915171,567200,38.41
2271,2003-07-29,52.56044348226754,53.745490449216966,52.22583841006524,53.55030717781402,25.2041916837031,753100,39.16
2272,2003-07-30,53.53636820433932,54.65170775632953,53.50848328650897,54.59593931484502,25.696337270375206,860800,39.41
2273,2003-07-31,54.79112258624796,55.153611182104406,54.51228595553018,54.94448336052202,25.860380222561172,1034700,39.599998
2274,2003-08-01,54.72224871494041,55.319471195980505,54.50002639641388,55.00002105754063,25.886520940644637,543000,39.779999
2275,2003-08-04,54.86113488624053,55.34724343023836,54.00002479083966,55.250022554772485,26.004184880525465,684500,39.549999
2276,2003-08-05,55.06947108763814,55.34724343023836,54.611134777898165,54.93057797189058,25.853833426478875,631600,39.27
2277,2003-08-06,54.65279868484291,54.72224871494041,54.06946787648971,54.54169030335862,25.67080973605092,794400,38.860001000000004
2278,2003-08-07,53.819467768147355,54.09724705519502,53.23613695979415,53.972247001023845,25.402784619897076,1649300,38.650002
2279,2003-08-08,53.986133118152765,54.06946787648971,53.59724544962081,53.68058159684724,25.26550261595883,620900,38.650002
2280,2003-08-11,53.68058159684724,54.12502484501084,53.61113156674973,53.68058159684724,25.26550261595883,766200,37.619999
2281,2003-08-12,52.63891447875407,52.65280059588299,51.736133531961,52.25002125466415,25.125246999620806,1084900,37.110001000000004
2282,2003-08-13,52.25002125466415,52.291692106056345,51.52779733056338,51.54169039213977,24.784639907567716,767300,37.389998999999996
2283,2003-08-14,51.666690446310945,52.083355904658724,51.500025096305535,51.93057667178223,24.971660821950163,522000,36.599998
2284,2003-08-15,51.944469733358616,51.944469733358616,50.83335258516794,50.83335258516794,24.4440217043987,290000,36.990002000000004
2285,2003-08-18,50.83335258516794,51.652798773624056,50.83335258516794,51.375025042134354,24.704494039501625,383000,37.299999
2286,2003-08-19,51.597247360660894,51.86113358613219,51.25002498796317,51.80557661761105,24.911535795893826,540800,37.509997999999996
2287,2003-08-20,51.944469733358616,52.277799044479956,51.597247360660894,52.09724202178764,25.05179280112134,266400,37.759997999999996
2288,2003-08-21,52.22224207595884,52.722243681533044,51.944469733358616,52.44446439448537,25.2187539845883,513400,37.549999
2289,2003-08-22,52.569464448656554,52.569464448656554,52.11113369447455,52.15279899030878,25.078510868255695,476100,37.59
2290,2003-08-25,52.013912819008674,52.263912927351036,51.48613342361864,52.208355958829905,25.10522754650054,535800,37.98
2291,2003-08-26,52.013912819008674,52.86113540839112,51.52779733056338,52.75002286023835,25.36568738159805,289600,38.450001
2292,2003-08-27,52.291692106056345,53.45835927832071,52.25002125466415,53.40280230979957,25.679591684301194,288000,38.380001
2293,2003-08-28,53.33335922414952,53.444467605633804,52.777800650054175,53.30558004544421,25.632834719593717,354300,38.549999
2294,2003-08-29,53.26390919405201,53.7361330098104,52.98613685145179,53.54168848109968,25.74636949101842,250000,38.799999
2295,2003-09-02,53.57588853341793,53.755860598153355,53.22979107121491,53.71432474951944,25.829394811976247,316200,38.900002
2296,2003-09-03,53.852767887570195,53.92198599562096,53.67279443844493,53.852767887570195,25.895960429076677,317400,38.560001
2297,2003-09-04,53.755860598153355,53.977362973963295,53.354386157608005,53.382073954584236,25.669627917084238,320200,38.25
2298,2003-09-05,53.16057296316415,53.32669697624191,52.70372154427646,52.95291171706264,25.46325692232182,284600,38.380001
2299,2003-09-08,52.95291171706264,53.20210188984882,52.606814254859614,53.13288378179806,25.54979097860151,684600,38.349998
2300,2003-09-09,53.20210188984882,53.42360426565875,52.71756821154428,53.09134793316416,25.529818386252703,322800,38.0
2301,2003-09-10,53.03597649238122,53.14672491150648,52.38531187904969,52.606814254859614,25.296824190307774,372700,38.43
2302,2003-09-11,52.63450205183587,53.25747886819115,52.63450205183587,53.20210188984882,25.583074479346656,262100,38.860001000000004
2303,2003-09-12,53.24363220092333,53.852767887570195,52.606814254859614,53.79739090922787,25.869330305944924,228600,38.52
2304,2003-09-15,53.58972966312635,53.769701727861786,53.119037114530244,53.32669697624191,25.642990872003242,203800,38.560001
2305,2003-09-16,53.22979107121491,53.658947771177104,53.00828869540498,53.382073954584236,25.669627917084238,250700,38.200001
2306,2003-09-17,53.22979107121491,53.22979107121491,52.67603236291038,52.88369360901188,25.42996926840713,180800,38.75
2307,2003-09-18,53.09134793316416,53.700483619811024,52.78678631959504,53.64510664146869,25.79610577367171,336300,39.0
2308,2003-09-19,53.64510664146869,54.18501729811555,53.49282237370951,53.99120410367171,25.962530199346656,621700,38.889998999999996
2309,2003-09-22,54.00504523338013,54.00504523338013,53.53435268478402,53.83891983591253,25.889300129514037,213400,39.200001
2310,2003-09-23,53.658947771177104,54.33730156587473,53.64510664146869,54.26808345782398,26.09566143354752,292700,38.970001
2311,2003-09-24,54.26808345782398,54.5726450713931,53.72817141678726,53.9496737925972,25.942561760167386,235400,38.580002
2312,2003-09-25,53.852767887570195,54.06042221172246,53.32669697624191,53.40976313595033,25.682936056700864,234500,38.650002
2313,2003-09-26,53.36822728731642,53.61741884449244,53.14672491150648,53.506670425367176,25.729530465842338,173000,38.93
2314,2003-09-29,53.451293447024845,53.894296814254865,53.17441409287257,53.894296814254865,25.915930252645794,151600,39.360001000000004
2315,2003-09-30,53.71432474951944,54.66955789836934,53.34053949034017,54.489585833633924,26.202183310464363,504400,39.459998999999996
2316,2003-10-01,54.32675165615676,54.77023394594595,53.98028003453514,54.687079370870265,26.297151732713516,377100,39.82
2317,2003-10-02,54.88110209309189,55.39388425075136,54.742516216216224,55.18599989189189,26.537075015367567,314600,40.630001
2318,2003-10-03,55.5047523978973,56.41943747897838,55.5047523978973,56.30856933183244,27.076868100648646,378000,41.240002000000004
2319,2003-10-06,56.30856933183244,57.153961474475686,56.30856933183244,57.153961474475686,27.483397113162162,318800,41.299999
2320,2003-10-07,56.95993182282162,57.29254735135136,56.364000633632436,57.23711050600541,27.52337578063784,346000,41.349998
2321,2003-10-08,57.16781756756757,57.33412256005946,56.84906367567568,57.30640344444325,27.556695263545947,195900,41.799999
2322,2003-10-09,57.583582127627025,58.06864655555676,57.54200691891892,57.93005374924865,27.856591398016217,275300,41.740002000000004
2323,2003-10-10,57.93005374924865,57.99934668768649,57.569726034535144,57.84690471771893,27.816601643448653,220500,41.950001
2324,2003-10-13,57.86076081081081,58.20723243243244,57.805323965464865,58.1379394939946,27.956555390286486,247200,41.98
2325,2003-10-14,58.06864655555676,58.234950162162164,57.99934668768649,58.179514702702704,27.97654403108108,238800,41.68
2326,2003-10-15,58.179514702702704,58.27652537087027,57.736031027027025,57.76374875675676,27.776613274767566,288200,41.900002
2327,2003-10-16,57.791467872372976,58.12407785735676,57.68059418168109,58.06864655555676,27.923233135605404,188000,41.52
2328,2003-10-17,58.193376339340546,58.20723243243244,57.44499625075136,57.54200691891892,27.66999009792973,390600,41.75
2329,2003-10-20,57.819185602102706,58.15179558708648,57.652875066064865,57.86076081081081,27.82326359978919,546200,41.599998
2330,2003-10-21,57.86076081081081,58.05478353303243,57.583582127627025,57.652875066064865,27.72329960751892,175300,41.09
2331,2003-10-22,57.652875066064865,57.90233601951891,56.918358000000005,56.946075729729735,27.383423419686487,421800,40.75
2332,2003-10-23,56.98765093843784,56.98765093843784,56.18383954804866,56.474874324324325,27.156840680351355,443800,40.650002
2333,2003-10-24,56.474874324324325,56.66889704654594,55.71263814264324,56.33628844744865,27.09020448630811,354000,41.0
2334,2003-10-27,56.35014454054054,57.83304308108108,56.33628844744865,56.82134594594595,27.32344502432432,684800,40.900002
2335,2003-10-28,56.89063888438378,57.098524629129734,55.310729675675674,56.68276006907028,27.256806058508108,368300,40.959998999999996
2336,2003-10-29,56.710472255254054,57.30640344444325,56.62732322372433,56.7659091006,27.296797198962164,281100,40.950001
2337,2003-10-30,56.7659091006,57.16781756756757,56.69661616216216,56.75205300750811,27.29013247084865,342000,40.900002
2338,2003-10-31,56.95993182282162,57.361840289789185,56.39171974924865,56.68276006907028,27.256806058508108,265400,41.279999
2339,2003-11-03,56.66961064287805,57.531193023186994,56.48896131586992,57.36443178108943,27.58459095762602,342000,37.099998
2340,2003-11-04,57.25326317826016,57.25326317826016,51.22221569858538,51.555725676,24.791390527024394,4717400,36.23
2341,2003-11-05,50.90259797500813,51.13883438271545,50.207776836796754,50.34673967479675,24.21003368068293,1676400,36.540001000000004
2342,2003-11-06,50.06880982986992,51.083247302016254,49.59633145588618,50.77753017013009,24.41718348590244,827800,36.25
2343,2003-11-07,51.055460015056916,51.44455707317074,50.305051796146344,50.374532520325204,24.223397870455287,862200,34.549999
2344,2003-11-10,49.67971138211382,49.69360502559349,47.05328886931708,48.01213926076423,23.08739032304065,3589200,34.98
2345,2003-11-11,48.19279414634146,49.33230081300813,47.92876489310569,48.60968682926829,23.374750280455284,796600,34.5
2346,2003-11-12,48.70696039897561,49.10995804878049,47.81759073170732,47.94265853658536,23.053993050211382,1187600,35.099998
2347,2003-11-13,47.94265853658536,48.88761528455285,47.74811000752846,48.77644112315448,23.45492013302439,543200,35.200001
2348,2003-11-14,48.63747967479675,49.31840716952846,48.63747967479675,48.91540951972358,23.52175358866667,613100,35.099998
2349,2003-11-17,48.98489024390244,48.98489024390244,48.56799895061789,48.77644112315448,23.45492013302439,924800,34.360001000000004
2350,2003-11-18,48.35954982986992,48.498518226439025,47.7342094158374,47.74811000752846,23.359750481723577,690100,34.25
2351,2003-11-19,48.01213926076423,48.01213926076423,47.53966088678049,47.59524796747968,23.284968272260166,418500,33.93
2352,2003-11-20,47.47018016260162,47.49797300813008,46.85873895061789,47.15056243902439,23.0674183842439,431200,33.009997999999996
2353,2003-11-21,47.24783739837399,47.414593081902446,45.87208876543089,45.87208876543089,22.441952902406502,818900,33.580002
2354,2003-11-24,45.885987967479686,46.91432047274796,45.85819512195122,46.66419042156098,22.829464378682925,1077500,34.110001000000004
2355,2003-11-25,46.87263398373983,47.49797300813008,46.733671145739834,47.40069943842277,23.189790283105694,421200,34.310001
2356,2003-11-26,47.45628651912195,47.8731778124065,47.15056243902439,47.67862789370732,23.325759831642277,569500,34.049999
2357,2003-11-28,47.52576724330082,47.92876489310569,47.28952527702439,47.31731812255285,23.148988996227644,236800,34.18
2358,2003-12-01,47.57734159733586,47.855573048171465,47.45213807047749,47.54951720021704,23.26259827084102,732100,34.060001
2359,2003-12-02,47.57734159733586,47.64689772110689,47.18781534032556,47.38258055555616,23.180918272219206,449300,34.080002
2360,2003-12-03,47.66080644179055,47.78600996864894,47.326933152468804,47.41040495267499,23.19453067788931,344500,34.18
2361,2003-12-04,47.57734159733586,47.64689772110689,47.313018867183935,47.54951720021704,23.26259827084102,450400,34.009997999999996
2362,2003-12-05,47.563427312051004,48.0781557047694,47.29911014650027,47.313018867183935,23.146890735919694,285900,34.0
2363,2003-12-08,47.229554022729246,47.57734159733586,47.11825921655453,47.29911014650027,23.14008940211069,218600,34.049999
2364,2003-12-09,47.591250318019526,47.591250318019526,46.867852162837764,47.3686662702713,23.174109982658706,221700,34.049999
2365,2003-12-10,47.24346274341291,47.45213807047749,47.03479298094954,47.3686662702713,23.174109982658706,220000,34.43
2366,2003-12-11,47.35475754958763,48.27291674654911,47.35475754958763,47.89730477482366,23.43274290809007,327400,34.790001000000004
2367,2003-12-12,47.82774865105263,48.467676397178515,47.82774865105263,48.39812027340749,23.677748125198047,505200,34.5
2368,2003-12-15,48.62070432115572,48.676351724243084,47.855573048171465,47.99468529571351,23.480375894308196,249500,34.810001
2369,2003-12-16,48.13379754325556,48.425943279376014,47.744278241996746,48.425943279376014,23.691373051220832,247700,34.59
2370,2003-12-17,48.27291674654911,48.27291674654911,48.036418413515996,48.1198888225719,23.541632415398805,319600,34.639998999999996
2371,2003-12-18,48.34247287032013,48.34247287032013,48.1198888225719,48.18944494634291,23.575668298600107,458000,34.75
2372,2003-12-19,48.17553622565925,48.57896563875204,47.92512917194249,48.34247287032013,23.65052887845903,677400,34.849998
2373,2003-12-22,48.41202899409115,48.73199356272924,48.06424141948454,48.48158511786218,23.718583951058058,268300,34.75
2374,2003-12-23,48.34247287032013,48.75981656869777,48.217269343461744,48.34247287032013,23.65052887845903,197300,34.68
2375,2003-12-24,48.34247287032013,48.39812027340749,48.14771321969072,48.24509234943027,23.602884763038524,127100,34.540001000000004
2376,2003-12-26,48.24509234943027,48.676351724243084,47.98077657502985,48.05033269880087,23.507613226001084,134800,34.650002
2377,2003-12-29,48.3146498643516,48.467676397178515,47.98077657502985,48.20336062277808,23.58246406780792,488900,34.700001
2378,2003-12-30,48.20336062277808,48.662437438958214,48.09206581660336,48.27291674654911,23.616506906760716,370500,34.5
2379,2003-12-31,48.48158511786218,48.69026044492674,47.8416573717363,47.99468529571351,23.480375894308196,542100,34.459998999999996
2380,2004-01-02,48.03832913816955,48.05217026787797,47.49841709713283,47.70607280567495,23.339202805577756,339700,34.57
2381,2004-01-05,47.89988600011879,48.28751931095573,47.636854697624194,47.85835707343413,23.41368713261339,502100,34.950001
2382,2004-01-06,48.31520849232182,48.42595691144709,47.636854697624194,48.38442660037258,23.67104658989741,667500,34.029999
2383,2004-01-07,48.31520849232182,48.31520849232182,47.00003675156048,47.11078517068575,23.047954869184668,868300,34.630001
2384,2004-01-08,47.27691610571274,47.941421848752704,47.15231963492981,47.941421848752704,23.454334202964368,562000,34.299999
2385,2004-01-09,47.89988600011879,47.89988600011879,47.30459836512959,47.48457042986501,23.230820308704107,371200,34.220001
2386,2004-01-12,47.443040118790506,47.55378853791577,47.12463183795357,47.37382201073975,23.17664498075054,415900,34.290001000000004
2387,2004-01-13,47.37382201073975,47.678385008698704,47.05541372990282,47.4707293001566,23.22404233600432,412000,34.450001
2388,2004-01-14,47.30459836512959,47.733761987041035,47.193849946004335,47.692231675966525,23.332413757759177,328400,34.25
2389,2004-01-15,47.62301356791578,47.62301356791578,47.08309598931965,47.41535232181426,23.196958133002166,438100,33.950001
2390,2004-01-16,47.41535232181426,47.66454249460043,47.00003675156048,47.00003675156048,22.99377123489201,392200,33.759997999999996
2391,2004-01-20,46.584721181306705,46.986190084292666,46.529344202964374,46.73699852711663,22.865093582834778,482000,33.599998
2392,2004-01-21,46.87544166516739,46.90312946214363,46.446278043255944,46.5154961513067,22.756713854740827,358800,33.5
2393,2004-01-22,46.72315739740821,46.861593613509726,45.96174436495141,46.37705993520519,22.68899504089633,767100,33.57
2394,2004-01-23,46.66778041906588,46.861593613509726,46.23862371910368,46.47396722462204,22.736400702489203,537900,33.619999
2395,2004-01-26,46.584721181306705,46.861593613509726,46.210934537737586,46.54318533267279,22.770269800140387,583800,33.849998
2396,2004-01-27,46.79237550545897,47.069254859611235,46.5154961513067,46.861593613509726,22.92604411470843,797100,34.549999
2397,2004-01-28,47.48457042986501,48.439803578714915,47.443040118790506,47.83066789206804,23.400140877942764,884000,34.419998
2398,2004-01-29,48.03832913816955,48.05217026787797,47.11078517068575,47.65069582733262,23.312088145998924,312400,35.18
2399,2004-01-30,47.692231675966525,48.81358330033478,47.62301356791578,48.702834881209505,23.826829210804544,845200,35.849998
2400,2004-02-02,48.78551165413534,49.377603632593996,48.482580201992484,49.363829952857145,24.150203846729326,641700,35.700001
2401,2004-02-03,49.363829952857145,49.570375939849626,49.06090400853384,49.1572908506391,24.04916565101504,620800,34.950001
2402,2004-02-04,49.12975037593986,49.14351854785715,48.06949511278195,48.12457468522557,23.543919594248123,456500,34.889998999999996
2403,2004-02-05,47.78033596342106,48.04195463808271,47.56002318146618,48.04195463808271,23.503516983947367,556100,35.450001
2404,2004-02-06,47.94556917293234,48.8818984962406,47.84918233082707,48.81305212883459,23.8807502987594,402300,35.150002
2405,2004-02-09,49.01959123105264,49.01959123105264,48.303580197518805,48.399967039624066,23.678658760827073,358400,35.07
2406,2004-02-10,48.64781891932331,48.84059122657896,48.12457468522557,48.289807894736846,23.62475786176692,686300,34.75
2407,2004-02-11,48.46881340703008,48.46881340703008,47.84918233082707,47.84918233082707,23.40919695112782,701600,34.439999
2408,2004-02-12,47.84918233082707,48.193421052631585,47.381017669172934,47.42232493883459,23.20036934988722,661200,32.900002
2409,2004-02-13,44.75103383458647,45.43951127819549,43.56685125462406,45.30181854338347,22.162943998759395,2707000,32.869999
2410,2004-02-17,44.95757982157895,45.42574448323309,44.48941378296993,45.26050576590226,22.1427344318797,1139900,32.049999
2411,2004-02-18,44.33794874537594,44.572028322293235,43.75962769274437,44.13140275838346,21.991784375413538,790100,32.040001000000004
2412,2004-02-19,44.13140275838346,44.475641480187974,43.883553632593994,44.117635963421066,21.98492163225564,504100,32.16
2413,2004-02-20,44.13140275838346,44.35171554033834,43.856013157894736,44.28286917293234,22.067259403646617,594200,31.809998999999998
2414,2004-02-23,44.33794874537594,44.39302831781956,43.677007645601506,43.80093358545113,21.827111586541356,476900,31.450001
2415,2004-02-24,43.80093358545113,43.80093358545113,42.90591428571429,43.305232579962414,21.58008312586466,941400,31.959999
2416,2004-02-25,43.305232579962414,44.21402280552633,43.305232579962414,44.00747681853384,21.930038964360907,986100,32.110001000000004
2417,2004-02-26,44.00747681853384,44.26910237796993,43.8147045112782,44.21402280552633,22.03296221131579,355400,32.400002
2418,2004-02-27,44.200249125789476,44.61334109977444,44.13140275838346,44.61334109977444,22.23194596206767,378500,32.990002000000004
2419,2004-03-01,44.35502063618997,45.271675613660626,44.30029923366595,45.134864582593394,22.491837212289223,541400,33.549999
2420,2004-03-02,45.14854322305229,45.92838169690502,45.14854322305229,45.90101757529882,22.87363244771078,583100,33.509997999999996
2421,2004-03-03,45.7368424226254,46.270416115261476,45.69580102869797,45.84629070022412,22.846355886915692,642900,33.869999
2422,2004-03-04,45.832612059765204,46.33882163079509,45.76420654423159,46.33882163079509,23.09179568111526,553600,33.650002
2423,2004-03-05,46.33882163079509,46.33882163079509,45.87365482183031,46.03783544705443,22.9417958028762,1230700,33.299999
2424,2004-03-08,45.96942309083244,45.96942309083244,45.17590597652081,45.55898315694237,22.703184383804697,865500,33.0
2425,2004-03-09,45.54530451648346,45.55898315694237,44.98436807037887,45.14854322305229,22.498650537902883,318500,32.400002
2426,2004-03-10,45.08013770751867,45.14854322305229,44.245572358591254,44.32766335527214,22.0895855823746,401400,31.959999
2427,2004-03-11,44.12243996798292,44.12243996798292,43.643591782283885,43.72567867455176,21.789611820512274,476300,32.299999
2428,2004-03-12,43.72567867455176,44.19084548351654,43.71200003409285,44.19084548351654,22.021408545832443,332100,31.9
2429,2004-03-15,44.19084548351654,44.39606887080576,43.53414076840982,43.643591782283885,21.74869082270011,337400,32.150002
2430,2004-03-16,43.848811065160085,44.149802721451444,43.50677664680362,43.98562893691569,21.919141622881536,341600,31.790001
2431,2004-03-17,43.98562893691569,44.095077214514404,43.30155736392743,43.49309800634472,21.673703196819638,881600,31.4
2432,2004-03-18,43.49309800634472,43.5751848986126,42.809029169631806,42.95952294557097,21.407807008127005,629200,31.219998999999998
2433,2004-03-19,42.82270781009072,43.01424982064568,42.61748852721451,42.71325679621665,21.285080954407682,901000,31.35
2434,2004-03-22,42.27545410885805,43.06897395944504,41.83765005336179,42.89111606189968,21.37371712171825,1219000,31.43
2435,2004-03-23,42.95952294557097,43.096336712913555,42.59012440560833,43.000567075773745,21.428263402620065,368300,31.120001000000002
2436,2004-03-24,43.027931197379935,43.17842360518143,42.41226787620064,42.576445765149415,21.216910758553894,407900,31.27
2437,2004-03-25,42.562764388415154,42.97320432230523,42.49435476846851,42.781665048025616,21.31918041778015,740100,30.85
2438,2004-03-26,43.027931197379935,43.24683322512807,42.20704722518677,42.20704722518677,21.03283467528282,802600,31.139999
2439,2004-03-29,42.28913548559231,43.096336712913555,42.26177136398612,42.60380578234258,21.23054288233191,556300,30.73
2440,2004-03-30,42.41226787620064,42.41226787620064,41.29039498399146,42.042870704375666,20.951025514962645,1286700,31.09
2441,2004-03-31,42.2207299700587,42.562764388415154,41.9334196905016,42.53540026680897,21.196450259647815,701500,30.780001000000002
2442,2004-04-01,41.949604468085106,42.7542295212766,41.881414540484045,41.9768812573883,20.918136173728723,711900,30.92
2443,2004-04-02,41.9768812573883,42.522388404255324,41.79958962765957,42.16780787234043,21.01328240438298,655100,30.200001
2444,2004-04-05,42.276909574468085,42.345096774526596,41.06315450206915,41.18589391696277,20.523965361654255,748600,29.32
2445,2004-04-06,41.07679221483511,41.144979414893626,39.27661140218618,39.985773829787234,19.92591619881383,1435000,29.620001000000002
2446,2004-04-07,41.54047172133511,41.5677485106383,39.95849704048404,40.39490657653724,20.129794549579792,1076300,28.99
2447,2004-04-08,40.49037056589894,40.49037056589894,39.52209159574468,39.53572930851064,19.701646739920218,509000,28.299999
2448,2004-04-12,39.549367021276595,39.57664244680851,36.930926170212764,38.5947257638883,19.23271944154787,895400,28.5
2449,2004-04-13,38.649277978723404,39.89030984042554,37.84465292553192,38.86748138297873,19.368649252228725,1061600,28.700001
2450,2004-04-14,38.52653856382979,39.78120813829788,38.39016143617021,39.14023700206915,19.504559970111707,1684300,28.91
2451,2004-04-15,39.14023700206915,39.617554221335105,39.044770285164894,39.42662760638298,19.64727727043617,879200,29.0
2452,2004-04-16,39.67210643617021,39.876672127659575,39.03113529994149,39.549367021276595,19.708445139734042,645100,28.67
2453,2004-04-19,39.549367021276595,39.549367021276595,38.77201739361703,39.0993225,19.48417840838298,760500,28.6
2454,2004-04-20,39.33116361702128,39.63119193410106,38.92203359781384,39.003858510638295,19.43660597494149,696700,28.639999
2455,2004-04-21,39.003858510638295,39.112960212765955,38.308335159574476,39.05840799793085,19.463783208941493,509800,28.700001
2456,2004-04-22,38.77201739361703,39.57664244680851,38.73110425531915,39.14023700206915,19.504559970111707,603000,28.469998999999998
2457,2004-04-23,38.935668583037234,39.03113529994149,38.52653856382979,38.82656688090957,19.348254052787233,333600,28.190001000000002
2458,2004-04-26,38.70382746601596,39.290249114952125,38.37652235963298,38.44471365100532,19.15796704656383,533200,28.41
2459,2004-04-27,38.71746517878192,39.112960212765955,38.33561194887766,38.74474196808511,19.307473200303193,313500,28.559998999999998
2460,2004-04-28,38.75837968085107,39.07204707446809,38.45835136377128,38.94930629580319,19.409419194542554,443500,28.16
2461,2004-04-29,39.14023700206915,39.194786489361704,38.1446812426117,38.40379914893617,19.137577302207447,1068600,28.17
2462,2004-04-30,38.5947257638883,38.935668583037234,38.10377083185639,38.41743686170213,19.14438115710638,946800,29.120001000000002
2463,2004-05-03,38.302428609201485,39.576917855044954,37.90923418091486,39.482009182384985,19.67487832935484,744000,29.92
2464,2004-05-04,40.132810153358015,41.08189552411952,39.97010957165521,40.56667837123216,20.215394066858806,1175500,29.809998999999998
2465,2004-05-05,40.81072924378636,41.25815584346907,40.1870423247541,40.417534815499735,20.141077864489688,854900,29.459999
2466,2004-05-06,40.065016888477,40.44465293495505,39.22439857218403,39.94299145219989,19.904592568984665,1049200,29.0
2467,2004-05-07,39.95654983400846,40.227718826017984,38.844763881544154,39.319307244844,19.59380056197779,683100,28.200001
2468,2004-05-10,38.93967119836594,39.115931517715495,37.28554997355897,38.23463805599683,19.053275333606557,764700,28.23
2469,2004-05-11,35.861921239497626,39.1972818085669,35.861921239497626,38.275311845584355,19.07355053776309,776300,28.5
2470,2004-05-12,38.207519936541516,38.77697197250133,37.65162628239027,38.64138815441565,19.25598127667372,469000,28.32
2471,2004-05-13,38.64138815441565,39.06169663464304,38.31598699101005,38.39733728186145,19.134355812659972,552100,27.879998999999998
2472,2004-05-14,37.89567851078265,38.41089566367002,37.58383301750926,37.800767126446324,19.244801035034374,386500,28.5
2473,2004-05-17,37.800767126446324,38.64138815441565,37.43469352929138,38.64138815441565,19.672779491850875,537300,28.82
2474,2004-05-18,38.695623037488105,39.26507236177155,38.54647948175569,39.0752563722898,19.893663157408778,525500,28.1
2475,2004-05-19,38.96678931782126,39.45489106292967,37.800767126446324,38.09905288207298,19.39666575799577,715500,28.43
2476,2004-05-20,37.96346906398731,39.02102420089371,37.96346906398731,38.54647948175569,19.624450639894235,765000,28.389999
2477,2004-05-21,38.64138815441565,39.10237313590693,38.39733728186145,38.492244598683236,19.59684035117927,987500,28.299999
2478,2004-05-24,38.53292109994712,39.10237313590693,38.24819372612904,38.37021916240614,19.534714489894238,359600,28.6
2479,2004-05-25,38.53292109994712,39.03458258270228,38.53292109994712,38.77697197250133,19.74180521363829,516000,28.75
2480,2004-05-26,38.77697197250133,39.26507236177155,38.39733728186145,38.980347699629824,19.845339728804866,545800,28.68
2481,2004-05-27,39.319307244844,39.53624135378107,38.65494653622422,38.88543902696986,19.797020367715497,769300,28.879998999999998
2482,2004-05-28,38.844763881544154,39.319307244844,38.844763881544154,39.15660530730302,19.935073167128504,453000,28.66
2483,2004-06-01,39.07330516605167,39.18142915129151,38.19479778597786,38.735417712177124,19.72065257490775,453600,29.01
2484,2004-06-02,38.694869866162364,39.208460147601485,38.573233085867166,39.208460147601485,19.96147307258303,463000,28.690001000000002
2485,2004-06-03,38.99221217712177,39.24900799361624,38.667841572952035,38.775965558191885,19.741283982841328,499300,28.629998999999998
2486,2004-06-04,39.0327573200369,39.18142915129151,38.532685239852405,38.694869866162364,19.700002245276753,329600,28.77
2487,2004-06-07,38.92463333479705,39.10033616236163,38.627293726937275,38.88408819188192,19.796327200627307,178300,28.85
2488,2004-06-08,38.92463333479705,39.08682066420665,38.60026137907749,38.99221217712177,19.851382582361623,247500,28.950001
2489,2004-06-09,38.99221217712177,39.330099630996315,38.96518118081181,39.1273685102214,19.920192686568267,403600,29.540001
2490,2004-06-10,39.1273685102214,39.96532804428045,38.97869667896679,39.92478290136532,20.326163110848707,1122200,29.219998999999998
2491,2004-06-14,39.58689544749078,39.627440590405904,39.18142915129151,39.492284257306274,20.105968614907752,417900,29.73
2492,2004-06-15,39.87071955719558,40.249154857084875,39.77611107011071,40.181576014760154,20.45690393070111,565900,29.950001
2493,2004-06-16,40.181576014760154,40.47891832571956,39.87071955719558,40.47891832571956,20.60827886158672,263300,29.75
2494,2004-06-17,40.34376199261993,40.4383704797048,39.93829569642067,40.208607011070114,20.47066000472325,447100,30.24
2495,2004-06-18,40.0734520295203,40.87086642066421,40.005874538745395,40.87086642066421,20.807829785645755,478000,30.299999
2496,2004-06-21,40.87086642066421,41.100629889298894,40.57352546125462,40.95195805804428,20.849116929409597,444900,30.450001
2497,2004-06-22,40.992505904059044,41.43851734317344,40.884381918819194,41.15469323346864,20.95231721867159,543900,31.059998999999998
2498,2004-06-23,41.26281721870849,41.99265276752768,40.93844526298893,41.97913591782287,21.372058584022145,402900,30.77
2499,2004-06-24,42.04671611169742,42.330540221402224,41.53312583025831,41.587187822878235,21.172513066162367,919300,31.18
2500,2004-06-25,41.708828657822885,42.181868390147606,41.69531180811809,42.14132324723248,21.454636926199264,653600,31.41
2501,2004-06-28,42.19538388830259,42.54678819188192,41.81695264306274,42.452179704797054,21.612884487896682,459400,31.07
2502,2004-06-29,42.573819188191884,42.573819188191884,41.89804428044281,41.99265276752768,21.378936621033212,1235000,31.129998999999998
2503,2004-06-30,41.99265276752768,42.357571217712184,41.4790651891882,42.07374440490775,21.420212952398522,894100,31.59
2504,2004-07-01,41.95087175290391,42.871381362196416,41.761355068637805,42.76308611404435,21.771171761895456,1174100,32.009997999999996
2505,2004-07-02,42.77662302006336,43.62944809926082,42.77662302006336,43.33163345946146,22.060630069609292,573200,31.85
2506,2004-07-06,43.453465613632524,43.48054077936114,42.53295871172123,43.11504567053855,21.950363847940864,396100,32.799999
2507,2004-07-07,43.14212083626716,44.42812555438226,43.11504567053855,44.401050388653644,22.605080368621966,890800,32.75
2508,2004-07-08,44.441665167782475,44.45519936642028,43.91372177196938,44.33336721224921,22.570626235422388,838500,32.970001
2509,2004-07-09,44.26568403584478,44.64471605068637,44.049093539540664,44.63118049835798,22.722240936525868,1147200,33.080002
2510,2004-07-12,44.26568403584478,44.901914557666316,43.99494456177402,44.780087818257655,22.79805031761352,736600,33.040001000000004
2511,2004-07-13,44.780087818257655,44.79362201689546,44.26568403584478,44.725938840491025,22.770487823268216,457000,33.130001
2512,2004-07-14,44.712399227090806,44.91545417106652,44.401050388653644,44.84777099466209,22.832508511884896,416900,33.139998999999996
2513,2004-07-15,44.94252933679514,45.321561351636745,44.75301265252904,44.86130519329989,22.839405565501586,871100,33.009997999999996
2514,2004-07-16,45.19972784377508,45.253876821541716,44.60410668631996,44.685324061362195,22.749808845633584,540500,33.25
2515,2004-07-19,44.739473039128825,45.06436149096622,44.61764088495776,45.010212513199576,22.915217653970434,302900,33.130001
2516,2004-07-20,45.253876821541716,45.267412373870116,44.725938840491025,44.84777099466209,22.832508511884896,761900,33.130001
2517,2004-07-21,45.18619364513728,45.48400151648363,44.725938840491025,44.84777099466209,22.832508511884896,696800,32.709998999999996
2518,2004-07-22,44.94252933679514,44.983138701161565,44.049093539540664,44.27921823448258,22.543055618933472,572600,32.529999
2519,2004-07-23,44.02201837381204,44.401050388653644,43.57529912149419,44.03555392614044,22.41899529003168,548900,32.119999
2520,2004-07-26,43.859578208965154,44.02201837381204,43.412857602956706,43.48054077936114,22.13643538962513,524700,31.5
2521,2004-07-27,43.29102544878564,43.65652191129884,42.56003387744985,42.64125395987328,21.709149719588176,877400,31.65
2522,2004-07-28,42.5058848996832,43.2098040126716,41.88318857649948,42.8443075501584,21.812529717164733,1028000,31.700001
2523,2004-07-29,43.11504567053855,43.453465613632524,42.8578444561774,42.91199343394403,21.84698520405491,416600,31.969998999999998
2524,2004-07-30,42.92552763258183,43.31809926082366,42.80369818579198,43.27748718907603,22.033056745739177,562400,32.150002
2525,2004-08-02,43.2952401055409,43.66054369393141,42.80816730137731,43.49818924948813,22.14542195862269,603200,32.75
2526,2004-08-03,43.48465542802638,44.58056889915039,43.2952401055409,44.30997229551451,22.55871561471768,859500,32.580002
2527,2004-08-04,43.701131628554094,44.48586056141953,43.2952401055409,44.07996903840634,22.44161822594723,339200,31.950001
2528,2004-08-05,43.94466870712401,43.95820117560951,43.038173264437994,43.22759264585225,22.007664622464382,514000,32.049999
2529,2004-08-06,42.95699604221636,43.904080772501324,42.848757941952506,43.36288756522955,22.07653652566227,644100,32.07
2530,2004-08-09,43.49818924948813,43.71466409703958,43.17347224274407,43.38994844327177,22.09032470665963,342300,32.150002
2531,2004-08-10,43.59289623424275,43.782312909704494,43.335828040163584,43.49818924948813,22.14542195862269,288800,32.360001000000004
2532,2004-08-11,43.59289623424275,43.822899491350924,43.49818924948813,43.782312909704494,22.290078120696574,560500,32.169998
2533,2004-08-12,43.95820117560951,43.99878775725594,43.2952401055409,43.52524336264908,22.159200668786283,225100,32.23
2534,2004-08-13,43.49818924948813,43.60642464379947,43.2952401055409,43.60642464379947,22.20053138737203,226800,32.599998
2535,2004-08-16,43.633484168865444,44.3640926986227,43.619957112284965,44.10702315156728,22.4553888182533,384700,32.98
2536,2004-08-17,44.161143554675455,44.769984221635895,44.161143554675455,44.621156833773085,22.71714101612137,446200,33.040001000000004
2537,2004-08-18,43.836433312812666,44.70233676194724,43.75525203166227,44.70233676194724,23.180182256073877,326900,32.720001
2538,2004-08-19,44.621156833773085,44.63468930225858,44.09349609498681,44.26938436089183,22.95566802362533,497500,33.09
2539,2004-08-20,44.44526721489182,44.78351127821636,44.43174015831136,44.769984221635895,23.21525275353562,305500,33.119999
2540,2004-08-23,44.64821635883906,44.83763168132454,44.49938761799999,44.81057215625858,23.23630506403694,415900,33.48
2541,2004-08-24,44.89175208443272,45.29764496042216,44.824104624744066,45.29764496042216,23.488873259097627,319800,33.799999
2542,2004-08-25,45.29764496042216,45.85236387129815,45.257057025799476,45.73059600850132,23.713386138569923,520700,34.049999
2543,2004-08-26,45.66294854881267,46.06884007182586,45.459999404865435,46.06884007182586,23.888776509213724,381600,34.25
2544,2004-08-27,46.041780546759895,46.447677481678106,46.041780546759895,46.33943667546174,24.02909367644327,324900,34.91
2545,2004-08-30,46.380024610084426,47.23240100263852,46.380024610084426,47.23240100263852,24.492137622348288,698300,35.5
2546,2004-08-31,47.23240100263852,48.22007231456992,47.21887394605805,48.03065699208444,24.906063118353565,1109800,35.830002
2547,2004-09-01,48.02399541864139,48.60454976303318,47.79447663390206,48.375030978293836,25.084635316524484,1852700,36.080002
2548,2004-09-02,48.375030978293836,48.753065015213274,47.79447663390206,48.71256257387046,25.259660300221164,1290300,36.419998
2549,2004-09-03,48.45603451085307,49.54963958077409,48.42903198320695,49.17160014334913,25.49769298192733,885700,36.82
2550,2004-09-07,49.17160014334913,49.88717117635071,48.9825837999526,49.71165339652449,25.777738896398105,891300,36.57
2551,2004-09-08,49.54963958077409,49.71165339652449,49.090596610789895,49.37412180094787,25.602708512195893,847000,35.5
2552,2004-09-09,49.144603016208535,49.15810157977882,47.91598800830964,47.92948657187994,24.853601689984202,1116500,35.150002
2553,2004-09-10,47.79447663390206,47.807975197472345,47.119413442748815,47.456945038325436,24.60857940399684,874800,34.549999
2554,2004-09-13,46.10681865601896,46.700871563981046,45.63427037183254,46.6468651585624,24.188503781658767,1000800,34.369999
2555,2004-09-14,46.6468651585624,46.673869036334914,45.98530593148499,46.403842409747234,24.062491085892574,816800,34.700001
2556,2004-09-15,46.403842409747234,46.98439675413902,46.32283752706161,46.849386816161136,24.293524712432855,439800,35.240002000000004
2557,2004-09-16,46.849386816161136,47.578456412733026,46.6468651585624,47.578456412733026,24.67157630099526,366500,34.950001
2558,2004-09-17,47.68646382306477,47.71346635071091,47.02490459598736,47.18691841173776,24.468534844739334,461300,34.799999
2559,2004-09-20,47.02490459598736,47.443439724123216,46.86288537973144,46.98439675413902,24.363538216240126,419700,35.119999
2560,2004-09-21,46.87638934380727,47.6999677871406,46.87638934380727,47.41643719647709,24.587567387109004,402500,34.700001
2561,2004-09-22,47.2544233807267,47.605453539873615,46.83588285208531,46.849386816161136,24.293524712432855,491500,34.470001
2562,2004-09-23,47.119413442748815,47.240924817156404,46.538857748230654,46.538857748230654,24.132501889447077,422900,34.450001
2563,2004-09-24,46.55235766192733,46.87638934380727,46.37683853197472,46.511855220584515,24.118498378609797,371300,34.73
2564,2004-09-27,46.37683853197472,46.94389431279621,46.37683853197472,46.889889257503945,24.31452187793049,315500,34.580002
2565,2004-09-28,46.71437012755134,46.71437012755134,46.282331035339645,46.68737300041074,24.20950769778831,440400,34.59
2566,2004-09-29,46.56586162600316,47.02490459598736,46.56586162600316,46.700871563981046,24.216514853712482,368800,34.779999
2567,2004-09-30,46.916891785150085,47.13291200631911,46.673869036334914,46.95739422649289,24.349529304897313,541300,35.459998999999996
2568,2004-10-01,46.71141521011524,47.98731781037192,46.46966415517024,47.6246918994814,24.69555367563646,345600,35.599998
2569,2004-10-04,47.611264046039814,48.14848159885804,47.611264046039814,47.81271811012048,24.79306476498166,393400,35.720001
2570,2004-10-05,47.67841540073337,49.008041502242015,47.409803266689366,47.97388861387638,24.876633611220537,552100,35.880001
2571,2004-10-06,48.10819266631744,48.41709373290204,48.0947634698219,48.188777246668415,24.988066797862754,230700,35.150002
2572,2004-10-07,48.13505374541646,48.215639668821375,47.208349202608694,47.208349202608694,24.479671182917755,247700,35.32
2573,2004-10-08,47.342651911995816,47.8933040335254,47.342651911995816,47.436665688842325,24.59805198766894,221600,34.799999
2574,2004-10-11,47.26206733164484,47.53067812263489,46.697986013619705,46.73827628921425,24.23591360536407,254800,35.139998999999996
2575,2004-10-12,46.46966415517024,47.208349202608694,46.46966415517024,47.194914633897326,24.4726967037297,586900,35.470001
2576,2004-10-13,47.27550055730225,47.75899998108434,47.27550055730225,47.63812512513882,24.70252143955474,513600,35.450001
2577,2004-10-14,47.54411269134626,47.67841540073337,47.396375413247775,47.611264046039814,24.68859397004191,533100,35.59
2578,2004-10-15,47.87987618008382,48.04103996856993,47.73213890198534,47.799290256678894,24.786094314955474,551600,36.009997999999996
2579,2004-10-18,47.947027534777376,48.484245087595596,47.67841540073337,48.36337023165007,25.07859534969618,379400,36.110001000000004
2580,2004-10-19,48.175344021011,48.92745557883709,48.175344021011,48.49767965630698,25.14824209863803,669100,35.779999
2581,2004-10-20,48.51110750974856,48.51110750974856,47.45009891449973,48.05446916506547,24.918417362812992,474800,36.189999
2582,2004-10-21,47.785862403237296,48.88716664629649,47.70527647983238,48.60512128659507,25.203958691959137,909500,35.889998999999996
2583,2004-10-22,48.60512128659507,48.645415591351494,48.13505374541646,48.20220510011,24.995021131241483,529100,35.43
2584,2004-10-25,48.014178889470934,48.14848159885804,47.57096839822944,47.584401623886855,24.67467187274489,351700,36.049999
2585,2004-10-26,47.66498754729178,48.484245087595596,47.651554321634364,48.41709373290204,25.10645431788371,817200,36.25
2586,2004-10-27,48.215639668821375,48.7528572216396,48.188777246668415,48.685705866946044,25.2457424435516,381500,36.52
2587,2004-10-28,48.685705866946044,49.04833043478261,48.55140315755894,49.04833043478261,25.433779398622317,343900,36.689999
2588,2004-10-29,49.07519285693557,49.45124662126768,48.914022353179675,49.2766482640702,25.55216154642745,288600,37.450001
2589,2004-11-01,49.465623755089005,50.27103825334555,49.398507558172774,50.27103825334555,26.067805238230367,287400,37.040001000000004
2590,2004-11-02,50.5395097527644,50.5395097527644,49.666979057591625,49.72067443135603,25.782422803617802,453400,37.299999
2591,2004-11-03,49.465623755089005,50.33815445026178,49.291122180047125,50.06968295084293,25.96340256354974,302400,38.240002000000004
2592,2004-11-04,50.405270647178014,51.39861291303142,50.405270647178014,51.33149671611519,26.617704606848168,560000,37.060001
2593,2004-11-05,51.344917539267016,51.39861291303142,49.74752144706283,49.74752144706283,25.79634029656021,1293800,37.169998
2594,2004-11-08,49.80121145142409,50.06968295084293,49.54616748691099,49.89517600639791,25.872903958303667,1062000,37.049999
2595,2004-11-09,50.0025667539267,50.05626212769111,49.519319128853404,49.73409525450786,25.789376180685863,646900,37.189999
2596,2004-11-10,49.814638986329854,50.17707369837173,49.72067443135603,49.9220243644555,25.88682279359686,326200,37.369999
2597,2004-11-11,50.27103825334555,50.32473362710996,49.96229757271728,50.163647505816755,26.012115131198954,501500,38.220001
2598,2004-11-12,50.405270647178014,51.519424483712044,50.32473362710996,51.3046483580576,26.603773690397908,748300,38.150002
2599,2004-11-15,50.87509744909948,51.39861291303142,50.794553717277495,51.21068514543456,26.55505843804712,643400,38.060001
2600,2004-11-16,51.29122216550261,51.77446979057592,51.022750666083766,51.08987223240314,26.492404215141363,579900,36.450001
2601,2004-11-17,50.190494521523554,50.52608221785864,48.754180523560215,48.92868746800524,25.778116542298427,680900,36.830002
2602,2004-11-18,49.0629198618377,49.76094361256545,48.56625141361257,49.43878210878535,26.046868593031416,620500,36.279999
2603,2004-11-19,49.38508673502095,49.70724823880104,48.63336895287958,48.7004851497958,25.65788486715707,292900,36.82
2604,2004-11-22,48.79444836241885,49.69382607329844,48.64679514543457,49.42535591623037,26.03978635028796,588700,37.0
2605,2004-11-23,49.43878210878535,49.666979057591625,48.95553448371205,49.666979057591625,26.16708147526178,444200,37.040001000000004
2606,2004-11-24,49.85490682518848,49.989145930774875,49.5730145026178,49.72067443135603,26.195378229816754,536900,36.900002
2607,2004-11-26,49.666979057591625,49.666979057591625,49.41193375072775,49.53274666375916,26.096354354732984,113400,36.360001000000004
2608,2004-11-29,49.519319128853404,49.666979057591625,48.63336895287958,48.807875897324614,25.714475691565447,494000,36.369999
2609,2004-11-30,48.807875897324614,48.86157127108901,48.15012132780628,48.82129672047644,25.721543168450264,756500,37.18
2610,2004-12-01,49.418541881240145,50.33469940299002,49.17602995270625,50.09218612716763,26.391099248733575,589800,36.93
2611,2004-12-02,50.09218612716763,50.09218612716763,49.51285207566999,49.75536400420389,26.21365596520231,558900,37.310001
2612,2004-12-03,49.526322266011555,50.267334978397265,49.526322266011555,50.267334978397265,26.483379079406202,741100,37.549999
2613,2004-12-06,50.267334978397265,50.72541441291645,50.09218612716763,50.59068152186547,26.653743709201258,376800,36.970001
2614,2004-12-07,50.779301910725174,50.779301910725174,49.809256891166584,49.809256891166584,26.242048722879666,622100,36.900002
2615,2004-12-08,49.78231112132948,50.44247978776143,49.51285207566999,49.71494804402522,26.192347250415132,409200,36.959998999999996
2616,2004-12-09,49.768835541833944,50.13260343463478,49.02782687131371,49.795781311671035,26.234945817950607,1116500,37.299999
2617,2004-12-10,49.86314438897529,50.42900825013137,49.71494804402522,50.25385939890173,26.476292341939043,599600,37.400002
2618,2004-12-13,50.25385939890173,50.48290113709407,50.02482304986337,50.38859228995271,26.547274236132424,507100,36.889998999999996
2619,2004-12-14,50.05177016698896,50.52331844456122,49.6745253474041,49.70147111724119,26.18525781837099,1046500,37.299999
2620,2004-12-15,49.98440035324225,50.509848254219655,49.86314438897529,50.25385939890173,26.476292341939043,1511000,36.919998
2621,2004-12-16,50.267334978397265,50.45595536725696,49.74188842470835,49.74188842470835,26.20654767111929,620600,37.400002
2622,2004-12-17,49.17602995270625,50.41553267063584,49.162559762364694,50.38859228995271,26.547274236132424,681500,37.5
2623,2004-12-20,50.38859228995271,50.83319479768786,50.18649632159748,50.52331844456122,26.61825343574882,539500,38.0
2624,2004-12-21,50.52331844456122,51.196962690488704,50.52331844456122,51.196962690488704,26.973165601292692,496300,38.25
2625,2004-12-22,51.196962690488704,51.53378481345244,51.0352894187546,51.53378481345244,27.150614273977933,401900,38.07
2626,2004-12-23,51.77629674198634,51.830189628949036,51.143069803526004,51.29127288491855,27.022846864429848,413200,38.25
2627,2004-12-27,51.183492500147146,51.61462347025223,50.981396531791916,51.53378481345244,27.150614273977933,344200,38.5
2628,2004-12-28,51.628095007882294,51.87060693641618,51.33168884509721,51.87060693641618,27.328076419548083,406900,38.799999
2629,2004-12-29,51.66851096806095,52.274792136684184,51.47989192648975,52.274792136684184,27.541008629243297,434700,38.830002
2630,2004-12-30,52.274792136684184,52.67897733695218,51.99186290068314,52.31521483330531,27.562306565722544,366500,38.540001000000004
2631,2004-12-31,52.34215521398844,52.88107330530741,51.92449982337887,51.92449982337887,27.356462440782977,361300,38.389998999999996
2632,2005-01-03,51.8962500640902,52.58192997582067,51.29124731399057,51.6139142821762,27.19283648738857,504100,37.849998
2633,2005-01-04,51.45258012585214,51.829028283224964,50.672790527587836,50.8879031841741,26.81032480411117,505400,36.25
2634,2005-01-05,50.955131687351866,51.06268599895123,48.31998114111694,48.73676586261144,25.677003411898273,944700,35.950001
2635,2005-01-06,49.099770739381235,49.341775335023605,48.23931607964867,48.3334284551075,25.464508423812273,1437600,35.959998999999996
2636,2005-01-07,48.46787201683797,48.938437927519665,48.07797654547457,48.34687039124804,25.471582985521767,745800,35.639998999999996
2637,2005-01-10,48.3334284551075,48.40065023597274,47.661197201830106,47.916642389150496,25.244916018154175,747400,35.18
2638,2005-01-11,47.72841898269534,48.024202078599906,47.1906312911484,47.2981909805978,24.91908687415312,915800,35.150002
2639,2005-01-12,47.20407994960148,47.593975420964874,45.94028116005244,47.25785979432617,24.897851088862094,762300,35.450001
2640,2005-01-13,46.98896594855271,48.709876612480336,46.98896594855271,47.661197201830106,25.110336665710545,597000,35.849998
2641,2005-01-14,47.93009104760357,48.3603177052386,47.80908807755113,48.1989781710645,25.39366466095438,296000,36.599998
2642,2005-01-18,48.3334284551075,49.2073250509806,47.80908807755113,49.2073250509806,25.92491826471946,418400,36.669998
2643,2005-01-19,49.27455355415837,49.86611436811747,48.709876612480336,49.30143742643944,25.974499353036183,542500,36.130001
2644,2005-01-20,49.2073250509806,49.2073250509806,48.40065023597274,48.57543170628737,25.592005147771374,394800,36.490002000000004
2645,2005-01-21,48.6964333318773,49.05943955310961,48.225868765658106,49.05943955310961,25.847005318002097,497100,36.25
2646,2005-01-24,49.005659708384904,49.55688933607237,48.64265348715259,48.73676586261144,25.677003411898273,440500,35.279999
2647,2005-01-25,48.91154733292606,49.08632342539067,47.40574529219717,47.43263588679077,24.989923914698483,582300,35.700001
2648,2005-01-26,47.661197201830106,48.11831445405874,47.20407994960148,47.9973128284688,25.28742120029891,586400,35.549999
2649,2005-01-27,47.76875151342947,48.26620667424227,47.338523511331935,47.79564076356058,25.181176395180913,636900,35.869999
2650,2005-01-28,48.03764535920294,48.3872082998322,47.62085929324594,48.225868765658106,25.40784336254851,1033900,35.900002
2651,2005-01-31,48.40065023597274,48.80398764347667,48.01075476460934,48.26620667424227,25.4290912480021,851800,36.169998
2652,2005-02-01,48.18990194791971,48.457253649635035,48.002758029197075,48.35031083014598,25.473395419817518,414200,36.16
2653,2005-02-02,48.59092615861314,49.0855283440511,48.123065693430654,48.33694598540146,25.466354747956203,1642900,36.02
2654,2005-02-03,48.52408990412409,48.644397568357654,47.962656811204376,48.14980072992701,25.36775727010949,562800,36.0
2655,2005-02-04,48.25673820240876,48.737970196094885,48.08296447543796,48.123065693430654,25.35367325288321,871200,36.169998
2656,2005-02-07,48.123065693430654,48.831542823832116,47.85571399171533,48.35031083014598,25.473395419817518,628800,36.099998
2657,2005-02-08,48.18990194791971,48.92511411481752,48.18990194791971,48.25673820240876,25.42410536978102,570800,36.490002000000004
2658,2005-02-09,48.25673820240876,49.13899440678831,48.25673820240876,48.778076761094894,25.6987691039781,544400,36.939999
2659,2005-02-10,49.12562956204379,49.593490027226274,49.12562956204379,49.37961107200729,26.015690236861317,593200,36.939999
2660,2005-02-11,49.37961107200729,49.794005474452554,49.04542311580292,49.37961107200729,26.015690236861317,674200,37.400002
2661,2005-02-14,49.58012518248176,50.128193430656935,49.58012518248176,49.99452092167883,26.339657388613137,1075100,38.049999
2662,2005-02-15,50.26186593963504,50.98371326178832,50.00788576642335,50.86340559755474,26.797421367262775,1250500,37.790001000000004
2663,2005-02-16,50.074722020912404,50.72973308857664,49.83410669244525,50.51585279660584,27.040714209635034,768000,38.07
2664,2005-02-17,50.93024185204379,51.5317815099635,50.823304379562046,50.89014197080292,27.241065236386863,982000,38.169998
2665,2005-02-18,50.89014197080292,51.93280572065693,49.794005474452554,51.023814479781024,27.312624235072988,1021500,37.099998
2666,2005-02-22,51.03718467153285,51.03718467153285,49.593490027226274,49.593490027226274,26.54697957613138,559200,37.299999
2667,2005-02-23,49.8608417289416,50.529217641350364,49.82074051094891,49.8608417289416,26.690101583759123,772000,37.07
2668,2005-02-24,49.52665377273723,49.794005474452554,49.299408636021894,49.553390145985404,26.525519362335768,344400,38.32
2669,2005-02-25,49.553390145985404,51.3981090009854,49.553390145985404,51.2243299270073,27.419954712591238,682700,38.259997999999996
2670,2005-02-28,51.23770011875912,51.718926765437956,50.59605389583941,51.14412214401459,27.377023590985402,882200,38.25
2671,2005-03-01,50.747245872850485,51.2247435261821,50.6013495229074,50.73398473874806,27.157477589472325,775900,38.049999
2672,2005-03-02,50.760512312467675,50.773774772948784,49.99121134822038,50.468707675173306,27.015476813729954,587700,38.049999
2673,2005-03-03,50.4952365752716,50.64113823072943,49.951421314019655,50.468707675173306,27.015476813729954,577400,38.5
2674,2005-03-04,50.86661995458872,51.3839129476358,50.66766713082773,51.06557941024314,27.33497756436627,348800,39.209998999999996
2675,2005-03-07,51.198214626083804,52.24605511438696,51.01252293642524,52.0073069509105,27.8390770686239,373400,38.950001
2676,2005-03-08,52.02057339052768,52.02057339052768,51.304327573719604,51.662451145312986,27.654482294138646,227800,38.02
2677,2005-03-09,51.330856473817896,51.330856473817896,50.21669837759442,50.428917640972585,26.994169866518362,574800,38.25
2678,2005-03-10,50.442180101453694,51.2778,50.428917640972585,50.73398473874806,27.157477589472325,552300,37.279999
2679,2005-03-11,49.341288444847386,49.81878477180031,48.78420674397827,49.44739608696844,26.468779331593378,999900,38.0
2680,2005-03-14,49.540241268608376,50.4156512013554,49.341288444847386,50.40239006725297,26.979977614578374,563200,37.77
2681,2005-03-15,50.53502528309364,51.039051836523534,50.03100536155716,50.097322969477496,26.81667917627522,425900,37.240002000000004
2682,2005-03-16,49.89836484020176,49.89836484020176,49.274970836927054,49.39434491866529,26.44038421668391,643000,37.799999
2683,2005-03-17,49.341288444847386,50.36260003305225,49.341288444847386,50.137113003678216,26.83797285969995,383400,37.139998999999996
2684,2005-03-18,50.15037944329539,50.15037944329539,48.85052965741335,49.26170307093118,26.36938051286601,855000,37.09
2685,2005-03-21,49.208646597113294,49.44739608696844,48.86379079151578,49.19538546301087,26.333874681821005,451800,36.130001
2686,2005-03-22,49.12906785509054,49.60656550842214,47.922063250848424,47.922063250848424,25.65226989715468,720700,36.049999
2687,2005-03-23,47.935324384950846,48.35976556446456,47.02012574438179,47.815950303212624,25.595487625607863,954500,36.18
2688,2005-03-24,47.94859215094671,48.744416709777546,47.89553567712882,47.98838085876875,25.68777174906363,443300,36.200001
2689,2005-03-28,48.081227366787374,48.38629446456285,47.8292167428298,48.01490975886704,25.701986549441283,379000,36.57
2690,2005-03-29,48.02817089296947,49.009693773352296,47.882267911132956,48.50566854630108,25.964667889927576,517600,37.299999
2691,2005-03-30,48.61178149393689,49.47392366068805,48.61178149393689,49.47392366068805,26.482987500077595,581300,37.200001
2692,2005-03-31,49.59329774242627,50.137113003678216,49.221914363109164,49.341288444847386,26.411974511608896,532300,37.23
2693,2005-04-01,49.67042937507195,49.933934289712234,48.68229088586331,49.05119460431654,26.256693406079144,746700,37.130001
2694,2005-04-04,48.616416304100724,48.9984925673741,48.55053513474821,48.91944412327339,26.186165350791367,628000,36.889998999999996
2695,2005-04-05,48.87991463115108,49.485976857086335,48.55053513474821,48.60323717169065,26.016906450215824,460300,36.880001
2696,2005-04-06,48.616416304100724,49.06437241920864,48.52419004510792,48.59006462687051,26.009857728992806,485400,37.169998
2697,2005-04-07,48.616416304100724,49.024842927086326,48.511012230215826,48.97214089014389,26.21437868093525,569300,36.900002
2698,2005-04-08,49.01167038226619,49.01167038226619,48.55053513474821,48.616416304100724,26.02396044151079,393300,36.959998999999996
2699,2005-04-11,48.68229088586331,48.734992922805766,48.26068513046763,48.69546343068345,26.066279119208637,316600,37.279999
2700,2005-04-12,48.56371426715828,49.117069186079135,48.194810548705036,49.117069186079135,26.291958092482016,633200,37.009997999999996
2701,2005-04-13,49.077544964028775,49.2619961644964,48.76133801244604,48.76133801244604,26.1015359005036,561100,36.610001000000004
2702,2005-04-14,48.60323717169065,48.82721786428058,48.14210851176259,48.2343347707554,25.81944739467626,386400,36.540001000000004
2703,2005-04-15,48.287036807697845,48.66911307097123,47.957657311294966,48.14210851176259,25.770065503057555,661900,36.5
2704,2005-04-18,48.14210851176259,48.55053513474821,47.82590156017986,48.089406474820144,25.74186007802158,532500,36.48
2705,2005-04-19,48.35291138946044,48.35291138946044,47.9708298561151,48.06305611510791,25.727754730467627,258700,36.52
2706,2005-04-20,48.06305611510791,48.45831019327338,47.74685443359713,48.115756834532384,25.75595752046763,707300,36.549999
2707,2005-04-21,48.445136330935256,48.70864124557554,47.957657311294966,48.15528105658274,25.77711685931655,376900,37.5
2708,2005-04-22,48.22115563834532,49.40692446043166,48.07623393000001,49.40692446043166,26.44711428053957,949000,37.810001
2709,2005-04-25,49.47279904219425,50.052510908417275,49.47279904219425,49.81535635348921,26.665747167625902,396200,37.889998999999996
2710,2005-04-26,49.53867362395684,49.98663105658274,49.53867362395684,49.92075515730215,26.72216855784173,572300,37.889998999999996
2711,2005-04-27,49.78900599377699,50.078855998057556,49.47279904219425,49.92075515730215,26.72216855784173,593800,37.369999
2712,2005-04-28,49.854880575539575,49.90758261248202,49.19612158273382,49.23564580478418,26.355436109028776,340500,38.119999
2713,2005-04-29,49.49915071942446,50.25013465370503,49.18294903791367,50.22378429399281,26.884372149604317,598800,38.110001000000004
2714,2005-05-02,50.3413972079321,50.3413972079321,49.74790810899692,50.262268757145065,26.904967082453698,591500,38.400002
2715,2005-05-03,50.3413972079321,50.644743378487654,50.024870216049386,50.644743378487654,27.109695809151237,569300,38.849998
2716,2005-05-04,50.644743378487654,51.23823115854938,50.32821111111111,51.23823115854938,27.42739791728395,670500,38.549999
2717,2005-05-05,51.30418010688272,51.752597082191365,50.55242223651234,50.8425704403858,27.215607942098764,1234600,38.450001
2718,2005-05-06,50.8425704403858,51.10634645061728,49.892985508117285,50.710685732453705,27.14500600820988,664300,38.849998
2719,2005-05-09,50.710685732453705,51.30418010688272,50.47328719135803,51.23823115854938,27.42739791728395,1016400,38.889998999999996
2720,2005-05-10,51.17228880458333,51.63389847108025,50.88214060070988,51.290987415694445,27.455637635740743,774900,38.299999
2721,2005-05-11,51.290987415694445,51.30418010688272,50.460095819043204,50.512852076188274,27.039109701743826,1137500,37.779999
2722,2005-05-12,50.235889969135805,50.235889969135805,49.45775462962963,49.8270378786574,26.672002593919753,984200,37.299999
2723,2005-05-13,50.11719135802469,50.11719135802469,49.07528000828703,49.19397861939815,26.33313520455247,679500,37.700001
2724,2005-05-16,49.72153063986111,49.8270378786574,49.45775462962963,49.72153063986111,26.615515243765437,860700,37.900002
2725,2005-05-17,49.58963933756173,50.249076065956785,49.418189744799385,49.98530665009259,26.75671119830247,821000,37.700001
2726,2005-05-18,49.972113958904316,49.972113958904316,49.286299761373456,49.72153063986111,27.043642669814815,438700,38.240002000000004
2727,2005-05-19,49.93255039294754,50.486474607052465,49.85341534779321,50.43372362540124,27.43101163055556,408200,38.419998
2728,2005-05-20,50.69749436013889,50.69749436013889,50.11719135802469,50.67111557212963,27.560135936342594,532300,38.5
2729,2005-05-23,50.644743378487654,51.0931603537963,50.5919871213426,50.776628086419755,27.617517482700617,545400,37.860001000000004
2730,2005-05-24,50.644743378487654,50.657929475308634,49.68196047953703,49.93255039294754,27.158434777746912,654100,37.5
2731,2005-05-25,49.93255039294754,49.93255039294754,49.36543348765432,49.45775462962963,26.900172977438274,697200,37.099998
2732,2005-05-26,49.69515185185185,49.800659090648146,48.86426025520061,48.93020260916666,26.613244143672837,520200,37.18
2733,2005-05-27,49.02252375114198,49.19397861939815,48.85107415837963,49.03571512345679,26.670629646651232,355300,37.099998
2734,2005-05-31,49.08847138060186,49.35224211533951,48.93020260916666,48.93020260916666,26.613244143672837,572800,37.810001
2735,2005-06-01,48.91823160097173,50.13096870751157,48.825957924879184,49.840968361897175,27.108617976262213,708500,38.189999
2736,2005-06-02,49.99915048843187,50.420973007712085,49.9596072636401,50.34187996715167,27.38106523229306,474600,38.220001
2737,2005-06-03,50.38142846472495,50.684613400457586,50.05187962153728,50.38142846472495,27.40256763521337,489300,38.849998
2738,2005-06-06,50.56597581691003,51.238252820622115,50.48688145815424,51.21188759497172,27.85426177983548,608300,39.299999
2739,2005-06-07,51.09325001142416,52.411445384174804,51.080070694087404,51.80507683090489,28.17690064287918,1114600,39.650002
2740,2005-06-08,52.06871722365039,52.45099519994345,51.963258957439585,52.26644916595373,28.4278415414036,620700,39.5
2741,2005-06-09,52.13462567409255,52.1478102642108,51.79189751356813,52.06871722365039,28.320304481089977,470400,39.5
2742,2005-06-10,52.029172680663244,52.06871722365039,51.80507683090489,52.06871722365039,28.320304481089977,789800,39.57
2743,2005-06-13,51.93690032276607,52.31917302627764,51.752347697799486,52.160990899742934,28.37047895156298,653800,40.110001000000004
2744,2005-06-14,52.08189654098714,53.044184435876616,52.08189654098714,52.87281771922366,28.7576447962982,588700,40.130001
2745,2005-06-15,53.044184435876616,53.07054307055012,52.63554123393317,52.89918162667867,28.771985443758354,461400,40.189999
2746,2005-06-16,52.89918162667867,53.17600133676093,52.39826606683805,52.978270712652964,28.814994204185094,356300,40.939999
2747,2005-06-17,52.991455302771215,53.98010183233419,52.91236094401542,53.96691724221594,29.35272959717738,487400,40.91
2748,2005-06-20,53.703282122251935,54.44146757640617,53.703282122251935,53.92737269922879,29.33121796688946,382400,40.48
2749,2005-06-21,53.281454330190236,53.57145863039074,52.91236094401542,53.36054868894602,29.022931615064266,595300,40.509997999999996
2750,2005-06-22,53.452821046843184,53.72964075692545,53.057363753213366,53.40009191373779,29.044415563249355,366400,40.0
2751,2005-06-23,53.373733279064275,53.413276503856046,52.49053974293059,52.727814910025714,28.67877453075579,492600,39.860001000000004
2752,2005-06-24,52.68827036703856,52.89918162667867,52.213720032848336,52.543268876035995,28.578403180488433,360600,40.049999
2753,2005-06-27,52.477359107398456,52.991455302771215,52.0950811311054,52.793723360467865,28.714616262940876,448900,40.200001
2754,2005-06-28,52.727814910025714,53.004634620107964,52.24008394030335,52.991455302771215,28.822165187012857,603900,40.650002
2755,2005-06-29,52.991455302771215,53.63736839902828,52.88599703656041,53.58464453870437,29.144808004642673,432600,40.919998
2756,2005-06-30,53.71646143958869,53.940552016565555,53.01781921022623,53.940552016565555,29.338387631521854,579900,41.040001000000004
2757,2005-07-01,53.77083531218014,53.94141272461106,53.35095568065507,53.849564055214955,29.288896579237463,359800,41.099998
2758,2005-07-05,52.81298490276356,54.47938219037872,52.07819423547083,53.92828754975435,29.331709868290687,800200,40.91
2759,2005-07-06,53.797077789150464,54.03326008188331,53.587137973387925,53.678986642784025,29.19612023828045,457500,41.220001
2760,2005-07-07,53.114773387922206,54.20383749431423,52.550558820936544,54.085746347947804,29.417356128254863,439800,41.669998
2761,2005-07-08,53.915168935516895,54.8467755558393,53.81019640338792,54.67619814340839,29.738502376550667,339000,41.880001
2762,2005-07-11,54.70244193250256,55.22729278403276,54.63683574007676,54.95174808796827,29.888375786775846,462700,41.720001
2763,2005-07-12,54.95174808796827,55.00422910553736,54.28256230097748,54.74180827220574,29.774190833106452,438100,41.700001
2764,2005-07-13,54.754928198567036,54.873019344933475,54.44002109917094,54.71556579523541,29.759925422625383,225800,41.450001
2765,2005-07-14,54.8467755558393,54.89926182190379,53.95453133884852,54.38753483310645,29.581498885332653,484700,42.0
2766,2005-07-15,54.47938219037872,55.13544411463665,54.47938219037872,55.109201637666324,29.974014173996927,518600,42.349998
2767,2005-07-18,55.17480651796827,56.040808257988736,55.00422910553736,55.56844236039918,30.223801878915044,606800,42.919998
2768,2005-07-19,55.73902108495394,56.447567963152515,55.73902108495394,56.31635295405322,30.630586514431933,317100,43.139998999999996
2769,2005-07-20,56.31635295405322,56.683751568009214,55.660291029795296,56.605021512850556,30.78760968750768,450000,42.650002
2770,2005-07-21,56.48693036648413,56.55253524678608,55.725901158592634,55.96208476344934,30.437907687896626,649200,43.0
2771,2005-07-22,55.96208476344934,56.460687889513814,55.830868442226205,56.42132548618219,30.687673086709314,217800,43.049999
2772,2005-07-25,56.55253524678608,56.74935644831116,56.224504284657115,56.48693036648413,30.723364167512795,323100,43.27
2773,2005-07-26,56.447567963152515,57.36605596923747,56.447567963152515,56.77559892528148,30.880386028464688,269800,43.290001000000004
2774,2005-07-27,56.89369138377176,56.95929626407369,56.15889940435517,56.801842714375645,30.894644878326513,443100,43.720001
2775,2005-07-28,56.801842714375645,57.60223957409416,56.72311397134084,57.36605596923747,31.20153227676049,282800,44.0
2776,2005-07-29,57.30044584044012,57.746567948935514,57.01178253013818,57.73344933469805,31.401359554022516,408900,43.900002
2777,2005-08-01,57.583090867561104,57.62225154588085,56.852040191502034,57.30894914856416,31.170463955254583,434600,44.009997999999996
2778,2005-08-02,57.16534911603361,57.46559969450102,57.00869204288187,57.45254265387983,31.24856860836049,875600,43.0
2779,2005-08-03,57.0478592484165,57.113130091649694,56.00350617504074,56.134047861507135,30.531422205412422,935300,42.299999
2780,2005-08-04,55.93822880459267,55.93822880459267,55.20718465574848,55.22023647459776,30.03440873476069,780800,40.68
2781,2005-08-05,55.22023647459776,55.22023647459776,52.7921125438442,53.10542016293279,28.884160738258657,1121500,39.099998
2782,2005-08-08,53.06625948461304,53.06625948461304,50.977546810646636,51.04281765387984,27.762303515544804,862100,39.310001
2783,2005-08-09,51.121146843177186,52.32215698970469,50.92532778626272,51.316964594648674,27.91140860109471,545000,39.380001
2784,2005-08-10,51.564997454175156,52.33520880855397,51.33001771894094,51.408345602795315,27.961114647754584,637600,39.18
2785,2005-08-11,51.669435502942974,51.86524933808553,51.1080950243279,51.14725570264766,27.819116393752545,889300,39.150002
2786,2005-08-12,51.1733658675611,51.564997454175156,50.53369619964867,51.1080950243279,27.797805037209777,1149700,39.240002000000004
2787,2005-08-15,51.1080950243279,51.852196213793285,50.59896704288187,51.22558489194502,27.8617038598778,844200,40.209998999999996
2788,2005-08-16,51.238636710794296,52.70073153569756,51.238636710794296,52.491860659933806,28.550432074735234,637300,39.150002
2789,2005-08-17,51.7738683299389,51.813030313701624,50.96449499179736,51.1080950243279,28.21888219553462,521200,38.599998
2790,2005-08-18,51.04281765387984,51.05587599994399,50.285663340122206,50.39009616711813,27.822437440677188,942300,38.43
2791,2005-08-19,50.40315451318229,50.41620633203157,49.73737468035642,50.16817347250509,27.699909868625255,473500,38.509997999999996
2792,2005-08-22,50.15511643188391,50.52064438079939,50.02457474541752,50.272606299501014,27.75756475755092,394900,38.59
2793,2005-08-23,50.194283637418536,50.625077207795314,50.194283637418536,50.377044348268846,27.815247060779026,318500,38.720001
2794,2005-08-24,50.285663340122206,50.977546810646636,50.285663340122206,50.546753240269865,27.90894261931772,430100,38.82
2795,2005-08-25,50.58591522403258,50.86005694302953,50.298716464414454,50.67729623217923,27.981016125885947,355700,38.75
2796,2005-08-26,50.69035327280041,50.91227596741344,50.298716464414454,50.58591522403258,27.930558144073323,506100,38.740002000000004
2797,2005-08-29,50.40315451318229,50.71645691049898,49.81570386965377,50.572863405183305,27.923362542403254,540600,38.810001
2798,2005-08-30,50.44231519150203,50.8208949592668,50.037631786038695,50.66424310788697,27.973806164343173,483500,39.900002
2799,2005-08-31,50.72951525656315,52.100229073319746,50.67729623217923,52.08717725447047,28.759470047199592,542500,40.200001
2800,2005-09-01,51.471252464788726,52.554586267605636,51.187520893415495,51.84526185306338,28.625891175422538,709900,39.959998999999996
2801,2005-09-02,51.84526185306338,52.06450540045774,51.36808039626761,51.53573533003521,28.454993978345065,681500,40.919998
2802,2005-09-06,51.65180680890845,52.78672922535211,51.471252464788726,52.773829815,29.13859824285211,917600,40.419998
2803,2005-09-07,52.748041311760566,52.76093556338028,51.93553838028169,52.12898826570422,28.782552850457748,691500,40.18
2804,2005-09-08,51.806567491056335,52.25795915492958,51.69050117091549,51.81946690140845,28.611660812112675,373600,40.43
2805,2005-09-09,51.90974471830986,52.20637183098591,51.67760176056338,52.141887676056335,28.789677059894366,393300,40.099998
2806,2005-09-12,52.141887676056335,52.167682627711265,51.67760176056338,51.71628967415493,28.554695509647885,437900,39.41
2807,2005-09-13,51.58732394366197,51.74208462580986,50.72323884697183,50.82641091549295,28.06335204274648,915100,39.240002000000004
2808,2005-09-14,50.85220457746479,50.92958814274648,50.29764084507042,50.6071673680986,27.942284331549292,525200,39.5
2809,2005-09-15,50.787721712218314,51.04565962161972,50.555578754471824,50.942482394366195,28.127438975281684,445300,39.419998
2810,2005-09-16,51.148831690140845,51.148831690140845,50.62006161971831,50.83930516711268,28.07046335535211,1111500,39.200001
2811,2005-09-19,50.813516663873244,50.981171597640845,50.34922945869718,50.555578754471824,27.913804259683097,393000,39.18
2812,2005-09-20,50.63295587133802,51.17462535211268,50.29764084507042,50.529783802816894,27.89957389637324,408700,38.549999
2813,2005-09-21,50.29764084507042,50.29764084507042,49.614110092500006,49.717282161021124,27.450967947992957,543400,38.560001
2814,2005-09-22,49.420656338028174,49.78176502626761,48.4533940140845,49.73018157137324,27.458072812183094,558600,38.459998999999996
2815,2005-09-23,49.58831643052817,49.98811432204225,49.1111349737324,49.60121068214789,27.38686940830986,385800,38.639998999999996
2816,2005-09-26,49.60121068214789,49.92363145679577,49.549622068521124,49.83335363989436,27.515040694014083,408000,38.59
2817,2005-09-27,49.84625433992958,50.01390927369718,49.18851209059858,49.76887077464789,27.479449309542254,515900,38.259997999999996
2818,2005-09-28,50.06549788732394,50.10418580091549,49.2014127906338,49.343272772746474,27.244447124366193,407000,38.43
2819,2005-09-29,49.31748426950705,49.84625433992958,48.77581478873239,49.562521478873236,27.365504518098593,529800,38.779999
2820,2005-09-30,49.52383356528169,50.16867511457746,49.446450000000006,50.01390927369718,27.614734487218307,487800,38.880001
2821,2005-10-03,50.196641566265065,50.634253313253026,49.42438811635543,50.04219164853916,27.630353935045182,1107000,38.029999
2822,2005-10-04,50.02931814061748,50.02931814061748,48.93529006024097,48.948159706882535,27.026290124623493,685500,36.990002000000004
2823,2005-10-05,48.85806317073795,48.85806317073795,47.59671295180723,47.609586459728924,26.287199922575304,848500,36.790001000000004
2824,2005-10-06,47.68680820085844,47.841258118584335,46.850201369367475,47.35216649793675,26.145073923900608,831500,36.41
2825,2005-10-07,47.35216649793675,47.67393984131025,46.27100806420181,46.86306972891567,25.875025001927714,632100,35.860001000000004
2826,2005-10-10,46.94029661841868,47.004650000000005,45.949234720828315,46.155169660587354,25.484157912078317,700100,36.09
2827,2005-10-11,46.23239140171687,47.159099917725904,46.193779887605416,46.4511998493976,25.647617483418678,1068100,35.419998
2828,2005-10-12,46.07794148399097,46.27100806420181,45.27994487951808,45.58884471496988,25.17147273501506,827200,35.540001000000004
2829,2005-10-13,45.26707137159639,46.32249308623495,44.95817153614458,45.74329978106928,25.256755541942777,1063300,36.400002
2830,2005-10-14,46.96603977298194,47.17197471274097,45.9749765882982,46.850201369367475,25.86792410778615,942900,36.439999
2831,2005-10-17,46.83732657435241,47.21058493975904,46.28387642375,46.90168124302711,25.896341842379517,900500,35.91
2832,2005-10-18,46.87593808846386,47.06900466867471,46.18091152805723,46.219523042168674,25.5196984214006,591600,36.43
2833,2005-10-19,46.219523042168674,46.90168124302711,45.62746137745483,46.88881159638555,25.88924738370482,996800,35.73
2834,2005-10-20,46.824458214804224,46.914554750948795,45.61458786953314,45.98784623493976,25.391776785195788,909300,36.099998
2835,2005-10-21,46.07794148399097,46.61852327504519,45.78191129518073,46.46406820894578,25.654724813027112,510000,37.400002
2836,2005-10-24,46.97890813253012,48.175904969879525,46.97890813253012,48.13729474286145,26.57857855593374,775300,37.0
2837,2005-10-25,47.67393984131025,48.175904969879525,47.27493960843374,47.62245481927711,26.294308539277115,717100,36.93
2838,2005-10-26,47.62245481927711,48.03432469879518,47.236328094322296,47.53235828313254,26.244564954578312,622700,36.630001
2839,2005-10-27,47.49374805611446,47.751161582439764,47.09474653614459,47.14623155817771,26.03137595656627,429000,37.740002000000004
2840,2005-10-28,47.33929299001506,48.58777484939759,47.28781311635544,48.574906489849404,26.82020845621988,601900,38.400002
2841,2005-10-31,48.716481612560244,49.656064923584346,48.574906489849404,49.42438811635543,27.28923042989458,657300,37.029999
2842,2005-11-01,49.30557692307693,49.30557692307693,47.72260710329453,48.04698589884109,26.528715151700407,1239500,37.77
2843,2005-11-02,48.04698589884109,49.033100032333,47.6317810405415,49.007148431174095,27.058861689929152,649100,37.5
2844,2005-11-03,48.98119812753036,49.2407024614828,48.18971256888158,48.656819331983804,26.865420341477734,583500,37.470001
2845,2005-11-04,48.81251985633098,49.05905033597672,47.81343186853239,48.61789517403341,26.84393868012146,425700,37.490002000000004
2846,2005-11-07,48.54004296558705,48.90334591908402,48.30649023279352,48.643846775192316,26.858276222884616,571200,37.75
2847,2005-11-08,48.12483810728746,48.98119812753036,47.77450900809717,48.98119812753036,27.044530634741903,607000,38.459998999999996
2848,2005-11-09,48.96822557073887,50.395489676113364,48.83847015997469,49.90243260936741,27.5531864290081,707300,39.34
2849,2005-11-10,49.88946005257592,51.09614917200911,49.396402985829965,51.04424726720649,28.183620510698383,661100,39.580002
2850,2005-11-11,51.12210077316802,51.64110295349697,50.706895914868426,51.35565350596155,28.355569817672066,669600,39.48
2851,2005-11-14,51.277800000000006,51.58920104869433,50.96639505876012,51.22589939271255,28.28392621937247,579200,39.389998999999996
2852,2005-11-15,51.22589939271255,51.29077385430668,50.95342120445345,51.1091217288006,28.219446202393726,769000,38.439999
2853,2005-11-16,50.330615214519234,50.56416794731276,49.53912965587045,49.87648230572369,27.964834798193323,540200,39.0
2854,2005-11-17,49.82458559098179,50.836644838056685,49.759704641811744,50.60309210526316,28.372223425035425,746300,39.0
2855,2005-11-18,50.90152059716599,50.90152059716599,50.304663613360326,50.60309210526316,28.372223425035425,661600,38.970001
2856,2005-11-21,50.60309210526316,50.66796656685729,50.01920897576417,50.56416794731276,28.350390137064778,585000,39.380001
2857,2005-11-22,50.4733431820749,51.22589939271255,50.34358777131074,51.09614917200911,28.64867719981276,834900,39.52
2858,2005-11-23,51.057219823997976,51.368626062753044,50.862596439215594,51.277800000000006,28.750511381371464,639400,39.599998
2859,2005-11-25,51.38159861954454,51.40755022070344,51.12210077316802,51.38159861954454,28.80871401989879,115600,38.740002000000004
2860,2005-11-28,51.38159861954454,51.38159861954454,50.265740752925105,50.265740752925105,28.183075554321864,601900,38.900002
2861,2005-11-29,50.317637467667005,50.4733431820749,50.14896438652834,50.4733431820749,28.299473046285428,564100,38.73
2862,2005-11-30,50.4733431820749,50.66796656685729,50.21383884812247,50.252763006072875,28.175795196634617,684000,39.529999
2863,2005-12-01,50.717600457317076,51.57744161585366,50.704569955396344,51.499272935015235,28.874688120335367,571400,39.450001
2864,2005-12-02,51.32991419094512,51.421108162545735,51.01724207317073,51.3950523698628,28.81625670245427,359500,38.810001
2865,2005-12-05,50.88696441254573,51.10843734756097,50.40492964233231,50.561267004009146,28.348767578506095,817500,38.68
2866,2005-12-06,50.67851937387195,50.691544664634144,50.26162669094512,50.391903048780485,28.25380984765244,505900,38.389998999999996
2867,2005-12-07,50.391903048780485,50.47007303240854,49.831703506097554,50.01409275208841,28.04197755592988,506000,38.439999
2868,2005-12-08,49.98803695940549,50.78273993902438,49.54508848379573,50.07923223379573,28.07851298842988,706400,38.470001
2869,2005-12-09,49.9750116686433,50.67851937387195,49.89684168501524,50.11831852839939,28.100424607286584,685800,38.299999
2870,2005-12-12,50.24859618902439,50.47007303240854,49.63628245539634,49.89684168501524,27.976240093780486,432500,38.73
2871,2005-12-13,49.818678215335375,50.47007303240854,49.6623395508689,50.457042530487804,28.290330949466465,519200,38.549999
2872,2005-12-14,50.02712455679878,50.47007303240854,50.01409275208841,50.22253909355183,28.15886384190549,493100,38.040001000000004
2873,2005-12-15,50.17042620539634,50.67851937387195,49.44086791864329,49.55811898571647,27.786314209756096,816400,38.720001
2874,2005-12-16,50.04014984756097,50.600349390243906,49.961979863932925,50.44401593693598,28.283024905198168,873900,37.709998999999996
2875,2005-12-19,50.3267648698628,50.483098323170736,49.10214000818598,49.128195800868895,27.545273374435975,466200,38.34
2876,2005-12-20,50.352821965335366,50.352821965335366,49.37572973972561,49.94895457317074,28.00546166527439,904200,38.509997999999996
2877,2005-12-21,50.20951380278964,50.28767727246951,49.89684168501524,50.17042620539634,28.12962403135671,557600,38.799999
2878,2005-12-22,50.157400914634145,50.61337468100609,49.77959061794206,50.548236502088415,28.341458928658533,493300,39.349998
2879,2005-12-23,50.79577044094512,51.30385709547256,50.67851937387195,51.26476949807927,28.743211893246954,446000,38.93
2880,2005-12-27,51.27780130278964,51.38202186794207,50.600349390243906,50.717600457317076,28.436419265091462,272900,38.459998999999996
2881,2005-12-28,50.665487569161584,50.743657552789635,49.90987218693598,50.105288026478654,28.53286608449695,281700,38.310001
2882,2005-12-29,50.28767727246951,50.352821965335366,49.63628245539634,49.90987218693598,28.42158700510671,554700,37.869999
2883,2005-12-30,49.89684168501524,49.961979863932925,49.24544686794207,49.336642142332316,28.095156126006096,684700,38.720001
2884,2006-01-03,49.028090606263234,50.23052010701967,48.821221014735244,50.06244244270802,28.508469558986384,466200,39.07
2885,2006-01-04,50.30809878971255,50.54082708018155,49.95900506107412,50.51496838124054,28.766160544478062,688400,39.720001
2886,2006-01-05,50.51496838124054,51.47174153499243,50.424462934947044,51.35537738975795,29.24473653632375,1017700,40.220001
2887,2006-01-06,51.52345505406959,52.02770485515886,51.40709090883509,52.00184486328291,29.61287131792738,948400,40.650002
2888,2006-01-09,52.040631618759456,52.68709909228441,52.02770485515886,52.55780818344932,29.929490399500757,893600,41.310001
2889,2006-01-10,52.493156264357026,53.475790702919824,52.1957825194705,53.41114395556732,30.415416726520426,1221600,41.25
2890,2006-01-11,53.41114395556732,53.55336292093797,52.77760453857791,53.33356656580938,30.37123584644478,961300,41.41
2891,2006-01-12,53.359425264750385,53.54043615733736,53.08791021880484,53.54043615733736,30.48904807881997,607900,40.77
2892,2006-01-13,53.54043615733736,53.54043615733736,52.53194819157337,52.71295779122542,30.01782759388805,707200,40.669998
2893,2006-01-17,52.72588584776096,52.7905364739183,52.144069000393344,52.583661710650524,29.944197534523454,430500,40.57
2894,2006-01-18,52.59659364599092,52.984474130105895,52.1957825194705,52.454370801815436,29.87057135396369,354300,41.0
2895,2006-01-19,52.68709909228441,53.074978283464446,52.48022950075643,53.0103328290469,30.187168455642965,434100,40.400002
2896,2006-01-20,53.0103328290469,53.0103328290469,52.1828557558699,52.234574446686835,29.745402321739785,539600,40.799999
2897,2006-01-23,52.493156264357026,52.94568737462935,52.36386535552194,52.751744546701964,30.03991609452345,293300,41.41
2898,2006-01-24,52.97154607357035,53.7990244396823,52.85518192833585,53.54043615733736,30.48904807881997,475400,41.810001
2899,2006-01-25,53.37235332128593,54.09639818456884,53.37235332128593,54.05761142909228,30.78354245757943,484900,41.939999
2900,2006-01-26,54.186903630862325,54.48427737574886,54.07053948562783,54.225690386338876,30.879268775189107,700300,42.580002
2901,2006-01-27,54.303267776096824,55.26004222278366,54.17397686726172,55.05317263125567,31.350473744901663,486400,42.25
2902,2006-01-30,55.05317263125567,55.05317263125567,54.43255868493192,54.626501512859306,31.10750411671709,302500,42.52
2903,2006-01-31,54.6135747492587,55.596202723146746,54.36791323051437,54.97559394856279,31.30629674363086,586700,42.799999
2904,2006-02-01,55.22621511631103,55.93589651344741,54.83911675893307,55.22621511631103,31.44901409735783,1114200,42.810001
2905,2006-02-02,55.290730433930555,55.54879815606946,54.981054586758944,55.23912101856568,31.456357377674887,896800,42.369999
2906,2006-02-03,55.01976197086563,55.35525220321088,53.93588295727731,54.67137228792653,31.13306594556115,503000,42.700001
2907,2006-02-06,54.64556435441369,55.12299112425266,54.45201840155511,55.09718448107198,31.375534842229495,455600,42.150002
2908,2006-02-07,55.09718448107198,55.30363762651738,54.29717983280323,54.387503083935584,30.97141055201309,536200,42.41
2909,2006-02-08,54.348789248168096,55.61331347368898,53.4197539646603,54.72298686462003,31.162451970150983,1176800,42.400002
2910,2006-02-09,54.83911675893307,55.03266916345245,54.219757322596884,54.71008612369401,31.155117722159037,643600,42.98
2911,2006-02-10,56.06493360034727,56.11654817704078,54.72298686462003,55.458476195269256,31.58129636963765,636800,42.959998999999996
2912,2006-02-13,55.12299112425266,55.49718357937595,55.05847064530448,55.43266826175641,31.566581421696025,833900,42.889998999999996
2913,2006-02-14,55.48428283844993,55.65202730945647,54.61976287256166,55.34234501062406,31.51515136250126,816200,43.48
2914,2006-02-15,55.34234501062406,56.20687013784097,55.21331437538501,56.10364227478611,31.948673290296938,799000,43.299999
2915,2006-02-16,56.10364227478611,56.10364227478611,55.76815720376951,55.87138119582789,31.816412953663814,695900,43.639998999999996
2916,2006-02-17,56.07783434127328,56.49074063216406,55.67783524296931,56.31009412989934,32.06624577596377,1277800,43.799999
2917,2006-02-21,56.323001322486164,56.89074489179669,56.06493360034727,56.51654727534474,32.18380793897333,578900,43.970001
2918,2006-02-22,56.51654727534474,56.89074489179669,56.09074024352794,56.7359063230448,32.30873015661802,862000,43.869999
2919,2006-02-23,56.7359063230448,56.839130315103176,56.10364227478611,56.60687052647711,32.23524315949673,833600,43.900002
2920,2006-02-24,56.55526111111224,56.748808354302966,56.31009412989934,56.6455843622446,32.25728461343735,510200,44.330002
2921,2006-02-27,57.161713354861604,57.35526575938098,56.632677169657775,57.2004271906291,32.573249539552094,761200,44.310001
2922,2006-02-28,57.0713913940614,57.342359857126326,56.774614997483646,57.174619257116255,32.55856684991444,1150200,44.57
2923,2006-03-01,56.744353535480485,57.19348213213213,56.60319843037538,57.19348213213213,32.56929870328829,813500,44.5
2924,2006-03-02,57.065160592537545,57.154986568513515,56.526202170225226,57.103656156156156,32.518149226111106,525500,43.939999
2925,2006-03-03,56.91116935546547,56.97533589978979,56.15406470081081,56.38504706512012,32.108921327987986,893500,44.98
2926,2006-03-06,56.526202170225226,58.06607732732732,56.32088565370871,57.719605705705696,32.86890939647147,732100,44.32
2927,2006-03-07,57.719605705705696,57.719605705705696,56.564702866756754,56.87267507507507,32.386619615945946,475600,44.200001
2928,2006-03-08,56.782849099099096,56.87267507507507,56.11557042042041,56.71868897091592,32.29893278142642,713000,44.66
2929,2006-03-09,56.782849099099096,57.3218023884985,56.60319843037538,57.30897267267267,32.635064149984984,823900,45.0
2930,2006-03-10,57.19348213213213,58.02758176370872,57.16781628433934,57.74527027027027,32.88351638339339,674800,45.02
2931,2006-03-13,57.74527027027027,58.22006343148649,57.30897267267267,57.77093483483483,32.89813748582583,659600,45.48
2932,2006-03-14,57.77093483483483,58.50237492492493,57.6169500139039,58.36121981981981,33.23429323572072,545200,46.52
2933,2006-03-15,58.51520464075075,59.97808995384385,58.45104451256756,59.695777177177185,33.99425435641141,744300,47.209998999999996
2934,2006-03-16,60.05507979785285,61.004671253198204,59.8625994133033,60.581203371426426,34.49847450735736,451100,47.509997999999996
2935,2006-03-17,60.18340647036036,60.96617055666666,60.02941523328828,60.96617055666666,34.71766913716216,476700,46.950001
2936,2006-03-20,60.82502058447447,60.90201042848348,59.272310578633636,60.24756659854354,34.30846818683183,485500,46.790001000000004
2937,2006-03-21,60.37588685490991,60.5683736556006,59.34930555555555,60.04225008202703,34.19155326295796,827700,47.049999
2938,2006-03-22,59.82409871677177,60.49137739545045,59.38780111917417,60.37588685490991,34.381548034429436,548000,47.0
2939,2006-03-23,60.5683736556006,60.5683736556006,59.939589257312306,60.31172672672673,34.34500811063063,1117400,47.189999
2940,2006-03-24,60.32455644255254,60.786519887942944,60.144905773828825,60.55553880686186,34.48384570555555,584300,46.849998
2941,2006-03-27,60.42721726726727,60.478547679624626,59.67011261261261,60.11923992603604,34.235371657267265,513200,47.450001
2942,2006-03-28,60.11923992603604,61.325478310255264,59.785603153153154,60.889180712657655,34.67383277765766,545300,48.139998999999996
2943,2006-03-29,60.94051112501502,62.08258296490991,60.94051112501502,61.774605623678674,35.17805292860361,443900,47.029999
2944,2006-03-30,61.40246815426426,61.63345051857357,60.01658423423424,60.350222290345336,34.366917949399394,543800,46.900002
2945,2006-03-31,60.13207605800301,60.42721726726727,59.50329165971471,60.18340647036036,34.27192184689189,515900,45.959998999999996
2946,2006-04-03,59.802893300248144,60.09554575682382,58.25056160600992,58.479593963330025,33.30168265773201,689300,45.959998999999996
2947,2006-04-04,58.33962847256576,58.543212790183624,57.67798452991563,58.479593963330025,33.30168265773201,642100,46.439999
2948,2006-04-05,58.60683670664516,59.40844741246154,58.60683670664516,59.09034691618362,33.64948101634243,474100,46.049999
2949,2006-04-06,59.10307348083871,59.739274473394545,58.390525824372205,58.59411014199008,33.36689071466502,448300,45.110001000000004
2950,2006-04-07,58.53049131513647,58.77224641990571,57.398054820789085,57.398054820789085,32.68579938007444,502700,44.57
2951,2006-04-10,57.321708156878415,57.3344347215335,56.55826951061538,56.7109564764268,32.29452050082878,454200,44.240002000000004
2952,2006-04-11,56.812751180039704,57.003607660600494,56.29106636614393,56.29106636614393,32.05540817498263,485500,44.549999
2953,2006-04-12,56.367406668044666,56.939988833746895,56.367406668044666,56.68550716432258,32.28002148020844,483700,43.91
2954,2006-04-13,56.55826951061538,56.57099098566253,55.73120567548884,55.8711711662531,31.81629712153846,510200,43.740002000000004
2955,2006-04-17,55.85844969120596,56.18927166253101,55.553070669975185,55.654865373588095,31.693108250947894,427700,45.139998999999996
2956,2006-04-18,55.972965869866016,57.767052668873454,55.82027381444665,57.436224335538455,32.707518009558314,647700,46.169998
2957,2006-04-19,57.410776295836236,58.91221063826799,57.38532698373201,58.74679710780149,33.45384921113151,700100,46.209998999999996
2958,2006-04-20,58.823143771712154,58.96310799007445,57.93246110973201,58.79769445960794,33.48282943874442,486600,46.049999
2959,2006-04-21,59.11579495588585,59.17941378273945,58.31418552247146,58.59411014199008,33.36689071466502,452400,45.830002
2960,2006-04-24,58.40325366142928,58.64500749379653,58.07242532809428,58.31418552247146,33.20749055598015,444400,44.650002
2961,2006-04-25,58.2251122939057,58.30145895781638,56.64733637717122,56.812751180039704,32.35248222845657,737700,44.830002
2962,2006-04-26,57.13085167631762,57.19447050317122,56.34195862834243,57.041783537359805,32.482899614724566,776300,44.830002
2963,2006-04-27,56.91454079404467,57.53801903915137,56.38013323269975,57.041783537359805,32.482899614724566,684100,44.689999
2964,2006-04-28,57.105402364213404,57.754324831816376,56.73640451612904,56.863643442238214,32.3814611836675,475300,44.139998999999996
2965,2006-05-01,56.494207030177776,57.07662534705186,55.709214814814814,55.88647014128889,31.824998082785186,521200,43.48
2966,2006-05-02,55.899135124829634,55.93711614814815,54.77228457887407,55.05083318518518,31.349142631022225,778400,43.349998
2967,2006-05-03,55.05083318518518,55.67123252537778,54.696321266118524,54.88623524554074,31.255427070518525,653100,45.0
2968,2006-05-04,55.07615555555556,57.494441925925926,55.07615555555556,56.97533333333333,32.445069498281484,1435600,45.5
2969,2006-05-05,57.48178327297778,58.01355051851852,57.469118289437034,57.608392592592594,32.80557015794075,297900,45.84
2970,2006-05-08,57.62105124554074,58.07685517832593,57.54508793278519,58.038872888888896,33.050714759377776,341200,45.400002
2971,2006-05-09,57.91226356927408,57.93758087517037,57.101942652948146,57.48178327297778,32.733482433970366,398500,45.950001
2972,2006-05-10,57.41847228257778,58.266774222222224,57.101942652948146,58.17814719204444,33.13002568949629,413000,44.91
2973,2006-05-11,58.11484253223704,58.11484253223704,56.45622474074075,56.861382666666664,32.38017839197037,488600,44.349998
2974,2006-05-12,56.544853037037036,56.544853037037036,55.32938052537778,56.15235376405926,31.97641826088889,709200,44.82
2975,2006-05-15,55.83582413442963,56.91202867352593,55.5826054952,56.747432,32.31527715671111,538500,44.43
2976,2006-05-16,56.88670503703704,57.367831340192595,55.94977606721481,56.253645777777784,32.03408995940741,880700,42.75
2977,2006-05-17,55.07615555555556,55.83582413442963,54.12656666666667,54.12656666666667,31.244748626933333,758900,42.259997999999996
2978,2006-05-18,54.30382199314074,54.949546235940744,53.44286140054814,53.506166060355554,30.886628270088888,480300,42.610001000000004
2979,2006-05-19,54.253175986281484,54.354468,52.73383882853334,53.9493113401926,31.142434855570368,1316000,42.32
2980,2006-05-22,53.68342771742223,53.98729236351111,52.73383882853334,53.582135703703706,30.930476486622226,669700,41.919998
2981,2006-05-23,53.84801932647407,54.06326200685926,52.99972245130371,53.07568576405926,30.63813225293333,515800,41.880001
2982,2006-05-24,52.949076444444444,53.93664635665185,52.42996785185185,53.02504482167407,30.60890264081482,544500,43.150002
2983,2006-05-25,53.493507407407414,54.734303555555556,53.4302027476,54.63301660631111,31.5371118524,490700,43.900002
2984,2006-05-26,54.77228457887407,55.683892444444446,54.746967272977784,55.5826054952,32.08524747814815,623100,43.43
2985,2006-05-30,55.595264148148146,55.63324643758519,54.98752725925926,54.98752725925926,31.74173812900741,716700,43.25
2986,2006-05-31,55.24075222908149,55.481313481481486,54.07592065980741,54.759625925925924,31.610199810000005,845500,44.23
2987,2006-06-01,54.71485186599803,55.89002203055692,54.58849214583046,55.89002203055692,32.262719292168555,673500,44.459998999999996
2988,2006-06-02,55.89002203055692,56.483925857018235,55.34666310306062,56.18065393598324,32.43047907545589,756100,44.98
2989,2006-06-05,56.15538148650074,57.38109655002464,55.66256872159192,56.83773888615081,32.80979326973879,891400,44.560001
2990,2006-06-06,56.913557498220804,57.02728352089206,55.87738706943816,56.307018710640705,32.50343431899951,675100,44.959998999999996
2991,2006-06-07,56.59765187968951,57.28000927933957,55.97847434012321,56.81246517304583,32.79520474827501,618800,44.970001
2992,2006-06-08,56.81246517304583,57.128370791577126,56.041654200207,56.825103925032046,32.802488268215875,604300,45.16
2993,2006-06-09,56.749285312962044,57.343189139423366,56.610285577185806,57.06519093149335,32.94108996291276,631800,44.939999
2994,2006-06-12,57.06519093149335,57.07782462898965,56.53447201960572,56.78719272356333,32.78061369956629,378800,44.630001
2995,2006-06-13,56.78719272356333,57.153644504682106,56.11747407589946,56.39547228382947,32.55450109404633,750900,43.880001
2996,2006-06-14,56.50919830650074,56.50919830650074,55.296116940473134,55.44775542823558,32.00741953474125,701600,44.09
2997,2006-06-15,55.59938886150813,55.90266078254313,55.359301855046816,55.713114884179404,32.16059079656481,909300,44.0
2998,2006-06-16,55.763661046766885,55.97847434012321,55.3845755681518,55.59938886150813,32.094959508881225,532900,43.369999
2999,2006-06-19,55.536209001424346,55.61202255900444,54.778031726081814,54.80330543918679,31.635412869226222,547900,43.119999
3000,2006-06-20,54.70221816850173,55.08130364711681,54.436858712557914,54.4873998206555,31.453049401005423,720300,43.799999
3001,2006-06-21,54.58849214583046,55.409842963144406,54.348400084879245,55.34666310306062,31.949060394396252,440400,43.650002
3002,2006-06-22,55.14448350720059,55.359301855046816,54.7527643310892,55.15712352280927,31.8396509060966,449100,43.009997999999996
3003,2006-06-23,54.96757762444554,55.030757484529325,54.234674062207986,54.348400084879245,31.37280558303105,1004900,43.16
3004,2006-06-26,54.33576638738295,54.71485186599803,54.209406667215376,54.53794598324298,31.48222770755545,488900,42.830002
3005,2006-06-27,54.50003857264169,54.65167200591425,54.032494466347956,54.12095309402661,31.241518998836867,378600,42.98
3006,2006-06-28,54.209406667215376,54.39894624746674,54.00722707135535,54.31049393790044,31.35092595989157,512500,43.34
3007,2006-06-29,54.33576638738295,54.91703146185805,54.1967666516067,54.765398028585516,31.61352313710695,951100,43.450001
3008,2006-06-30,54.778031726081814,55.018123787033026,54.601125843326756,54.90439776436176,31.693763164213898,1945100,44.700001
3009,2006-07-03,55.12048525798526,56.31738848348403,55.019690993719905,56.31738848348403,32.50942469737592,422400,45.279999
3010,2006-07-05,56.241792155336604,57.30010673218673,56.040209926289926,57.04812611111056,32.931234368299755,857700,45.400002
3011,2006-07-06,57.04812611111056,57.388298248702704,56.94733688643244,57.1993175075086,33.01851749921868,724800,45.200001
3012,2006-07-07,57.1993175075086,57.43869538083539,56.73315190963636,56.94733688643244,32.87305611349386,655400,45.400002
3013,2006-07-10,56.97253482255038,57.41349744471745,56.97253482255038,57.1993175075086,33.01851749921868,349600,45.939999
3014,2006-07-11,59.61831685503686,59.61831685503686,57.539484605513515,57.87965800300246,33.411250011759215,1030900,46.200001
3015,2006-07-12,57.955253071253075,58.37102153699263,57.829265910457,58.20723369232924,33.60033532438821,714600,45.950001
3016,2006-07-13,58.19463220447666,58.20723369232924,57.753669582309584,57.89225949085504,33.41851457674202,619000,45.220001
3017,2006-07-14,57.87965800300246,57.87965800300246,56.82134342615233,56.97253482255038,32.8875915429435,443600,45.080002
3018,2006-07-17,56.95993333469778,57.18671475975921,56.65756062107617,56.79615052962162,32.78578810133661,374900,45.73
3019,2006-07-18,56.79615052962162,57.62768242151352,56.72055420147421,57.615080933660934,33.25851146208354,686100,46.950001
3020,2006-07-19,57.86706029484029,59.189951941031936,57.58988173764619,59.15215629675185,34.14579630742998,618900,46.57
3021,2006-07-20,59.21514987714988,59.29074494540049,58.52220789380345,58.67339425061425,33.86943542326289,591000,45.82
3022,2006-07-21,59.21514987714988,59.26554700928256,57.66547680589681,57.72847164619165,33.3239681407371,658500,46.919998
3023,2006-07-24,57.955253071253075,59.11435561288452,57.829265910457,59.11435561288452,34.123981194235874,419400,47.610001000000004
3024,2006-07-25,58.96316925607371,60.09707890117445,58.95057280780836,59.98368818864374,34.62579431233416,648800,47.869999
3025,2006-07-26,59.90809186049632,60.764822948402944,59.90809186049632,60.31125883838329,34.81489852341524,632500,47.860001000000004
3026,2006-07-27,60.60103384384276,60.84041801665357,60.22306606197051,60.29866239011795,34.807618839670766,320500,48.5
3027,2006-07-28,60.60103384384276,61.104995085995085,60.53804026344472,61.104995085995085,35.27309023440296,525800,48.09
3028,2006-07-31,60.85301446491892,60.9412072413317,60.09707890117445,60.5884373955774,34.9748991182801,351200,48.009997999999996
3029,2006-08-01,60.469578273663565,60.62046804125061,59.765418899514465,60.3689817421383,34.8482155830456,357500,48.099998
3030,2006-08-02,60.67076630701324,60.97255087188819,60.25581347337911,60.4821500108975,34.91354636717509,356000,49.849998
3031,2006-08-03,60.41928000790093,62.77066389025013,60.41928000790093,62.68264412565964,36.18378222363413,1431900,51.459998999999996
3032,2006-08-04,65.07175453653753,65.07175453653753,62.84611191760666,64.70709996866601,37.35240806384993,786900,50.950001
3033,2006-08-07,63.87719933109857,64.5687819383129,63.424526256061796,64.06581562721432,36.98221579536047,1004500,50.029999
3034,2006-08-08,63.94006933409514,63.94006933409514,62.68264412565964,62.90898192060323,36.31443624734183,680000,49.75
3035,2006-08-09,63.474824521824424,63.4874012887592,62.50660585390387,62.556904119666505,36.11119358120157,893100,49.650002
3036,2006-08-10,62.431164113673375,62.65750065119176,61.651556712167725,62.431164113673375,36.03862631499755,517300,49.119999
3037,2006-08-11,62.24254781755763,62.36828782355076,61.412647179990195,61.76472498092693,35.65391204277587,579200,49.66
3038,2006-08-14,62.079081283035805,63.1227467208877,62.041359784207955,62.4437358509073,36.045879143599805,651100,50.75
3039,2006-08-15,63.18561672388426,63.81432932810201,62.99700042776852,63.81432932810201,36.83705862929868,824700,50.02
3040,2006-08-16,63.097596959293774,63.21076522805297,62.72037065418833,62.896408925944094,36.7415722738205,915300,49.93
3041,2006-08-17,62.58205262383522,62.971856953300644,62.431164113673375,62.7832406571849,36.67545937121138,787000,50.139998999999996
3042,2006-08-18,62.93413042477195,63.1478952250564,62.51918262083865,63.04729869353114,36.82971149380579,559500,50.200001
3043,2006-08-21,62.87126042177538,63.37423302,62.87126042177538,63.1227467208877,36.873786762211864,489600,50.919998
3044,2006-08-22,63.24848672688083,64.11611389297695,63.21076522805297,64.02808909868563,37.40262962667484,1003700,50.580002
3045,2006-08-23,64.06581562721432,64.11611389297695,63.537694524820985,63.60056955751839,37.1528986931535,610500,51.040001000000004
3046,2006-08-24,63.81432932810201,64.24185389897008,63.625713031986265,64.17898389597352,37.49078519318784,699800,50.98
3047,2006-08-25,64.17898389597352,64.54363846384503,63.91492585962727,64.10353712604217,37.4467162119078,697500,51.0
3048,2006-08-28,64.20413240014223,64.39274366655712,63.965219095689065,64.1286856302109,37.46140042349191,1019500,51.470001
3049,2006-08-29,64.1286856302109,64.75739823442865,64.00294562421776,64.7196767356008,37.80663657386955,501600,51.25
3050,2006-08-30,64.73224973025992,64.89571626478177,64.06581562721432,64.44304193231976,37.645052404884744,908400,51.240002000000004
3051,2006-08-31,64.44304193231976,64.85799476595389,64.15383413437961,64.43047019508583,37.637709041667485,463700,51.080002
3052,2006-09-01,64.76065179891572,64.96283139477575,64.5331997535732,64.54583850555939,37.705092006949236,439800,51.32
3053,2006-09-05,64.54583850555939,64.88701151908329,64.07829439926564,64.84910537210448,37.882263250423854,912300,51.389998999999996
3054,2006-09-06,64.86174412409069,65.24082960270576,64.41947373090193,64.93755768167077,37.93392266441104,946700,51.23
3055,2006-09-07,64.86174412409069,65.06392371995072,64.34365385520945,64.73537934943322,37.815805553642186,617000,52.16
3056,2006-09-08,64.88701151908329,65.96109441295712,64.31838646021686,65.91054825036964,38.502296262405125,646000,52.290001000000004
3057,2006-09-11,65.91054825036964,66.20118015579595,65.25346330020207,66.0748204356284,38.598269652937404,531300,53.400002
3058,2006-09-12,66.04954672252342,67.66698222578117,65.4303704465796,67.47744264552982,39.41762268311977,830100,53.669998
3059,2006-09-13,67.36371535923607,68.00816155741744,67.12362456190735,67.81861565905372,39.61691995611632,558800,53.43
3060,2006-09-14,67.50271004052242,67.64170977629865,67.14889701138985,67.51534879250863,39.43975123988665,475500,53.560001
3061,2006-09-15,67.97025414681617,68.05870772000495,67.47744264552982,67.67962097776737,39.535718312306564,507800,52.889998999999996
3062,2006-09-18,67.47744264552982,67.5279837536274,66.681357959586,66.83299139285855,39.041151639403644,700500,54.200001
3063,2006-09-19,67.46480262992114,68.55151922129127,66.84563140846723,68.4883393612075,40.008136210483,880100,54.57
3064,2006-09-20,68.56415291878758,69.44868991429767,68.56415291878758,68.95587841301133,40.28126568102021,726000,54.279999
3065,2006-09-21,69.27178403154264,69.3855100542139,68.41251948551503,68.58942663189256,40.06719666130114,568800,54.52
3066,2006-09-22,68.4883393612075,68.93060469990637,67.8565281241449,68.89269728930508,40.24436411390833,327400,54.139998999999996
3067,2006-09-25,69.43605621680139,69.43605621680139,67.97025414681617,68.41251948551503,39.9638563517447,566800,54.18
3068,2006-09-26,68.09661386698373,68.76633251464762,67.89443553474617,68.46306564810251,39.99338089085264,912600,54.400002
3069,2006-09-27,68.51361181069,68.85479114232626,68.10925388259241,68.741065119655,40.15578291484968,945200,54.18
3070,2006-09-28,68.67787894145886,68.7916062277526,68.22297990526368,68.46306564810251,39.99338089085264,669000,54.41
3071,2006-09-29,67.66698222578117,68.91797100241006,67.6290748151799,68.7536988171513,40.16314857025135,541600,54.150002
3072,2006-10-02,69.35716308225967,69.35716308225967,67.99771694747275,68.7981410444896,40.189116776655105,480600,55.540001000000004
3073,2006-10-03,68.98871379390981,70.6784951753667,68.98871379390981,70.56414923879584,41.22077376762636,840900,56.220001
3074,2006-10-04,70.57685180183846,71.61867033503964,70.57685180183846,71.42809631510903,41.72543320612983,798000,56.610001000000004
3075,2006-10-05,71.21210700500991,71.92359537358276,71.07235086031218,71.92359537358276,42.014882157413275,556600,56.380001
3076,2006-10-06,71.92359537358276,72.29204466193261,71.56785373031715,71.63137798012389,41.84418400227949,915700,56.73
3077,2006-10-09,71.70760606348364,72.11416812300297,70.98341513186818,72.07605535183349,42.10393858434589,524900,56.419998
3078,2006-10-10,72.07605535183349,72.40639059850346,70.65308496723985,71.68219458484639,41.873869477923684,856200,56.299999
3079,2006-10-11,71.68219458484639,72.33015743310209,71.17399296333004,71.52973460659564,41.78480415741824,492300,56.779999
3080,2006-10-12,71.84736220818137,72.24122297516848,71.51703204355303,72.13957960164024,42.141059086888,382500,57.52
3081,2006-10-13,72.03794131015361,73.11787261452427,72.03794131015361,73.0797585728444,42.69025753819623,886000,58.110001000000004
3082,2006-10-16,73.19410577992566,73.84206354613974,72.9527049911893,73.82936098309712,43.1281541958672,437700,58.25
3083,2006-10-17,73.82936098309712,74.4773187493112,73.51173338151139,74.00723116947472,43.232050184345894,1016200,58.880001
3084,2006-10-18,74.57896212283944,74.90929228746778,74.32485877106045,74.80765399598117,43.69963739970268,633200,57.82
3085,2006-10-19,74.9474114111893,75.17609820228938,73.37197596630327,73.46091169474727,42.91292973303271,818200,57.900002
3086,2006-10-20,73.56255506827551,73.71501377601585,72.62237482656094,73.56255506827551,42.97229687278989,899300,57.5
3087,2006-10-23,72.8637692627453,73.11787261452427,71.78383795837463,73.05434836471754,42.67542178818137,860100,57.099998
3088,2006-10-24,73.05434836471754,73.28304023785927,71.99982218643211,72.54614166115957,42.378547974083254,708800,57.5
3089,2006-10-25,72.77483480481169,73.09246240639742,72.44450336967294,73.05434836471754,42.67542178818137,507600,57.799999
3090,2006-10-26,73.24492746668979,73.689603567889,72.83836413666006,73.43550021611001,42.89807492536173,610200,57.080002
3091,2006-10-27,73.18139686433102,73.23221855109514,72.44450336967294,72.52073653507433,42.36371222406839,423900,57.299999
3092,2006-10-30,72.83836413666006,73.10517005148166,72.29204466193261,72.80024501293855,42.526980434345894,621100,57.32
3093,2006-10-31,72.8637692627453,72.96541263627354,72.39368295341923,72.82565649157581,42.54183015997521,589100,56.849998
3094,2006-11-01,72.92135903915137,73.1631141439206,72.15791530328039,72.33605030879406,42.25581845574194,865700,54.450001
3095,2006-11-02,72.20881265508685,72.23426069478909,68.84967268679405,69.28228936173201,40.47194649987097,3848100,53.580002
3096,2006-11-03,69.33318671353847,69.33318671353847,66.96651774882879,68.17530090708686,39.8252876353995,1251400,54.25
3097,2006-11-06,68.70970719602977,69.28228936173201,68.404328174799,69.02780769230769,40.32327905193053,803300,53.610001000000004
3098,2006-11-07,69.29501083677916,69.29501083677916,68.188022382134,68.21347169423822,39.847578845776674,767400,53.740002000000004
3099,2006-11-08,68.22619316928537,68.59519101736973,67.43730521091811,68.37888522470473,39.94422159375186,570600,54.060001
3100,2006-11-09,68.404328174799,68.93873955334988,67.93354071270967,68.78605258753846,40.182048793593054,668300,54.25
3101,2006-11-10,68.70970719602977,69.15504534601489,68.51884435345906,69.02780769230769,40.32327905193053,546900,54.23
3102,2006-11-13,68.83694484973698,69.37135622828785,68.78605258753846,69.00235965260545,40.30841103473449,442500,54.48
3103,2006-11-14,69.32046014888337,69.4222535800943,68.76060454783624,69.32046014888337,40.494232620640204,1265000,53.060001
3104,2006-11-15,68.88784220154342,68.88784220154342,67.43730521091811,67.51365060242681,39.877947263955335,1121400,54.16
3105,2006-11-16,67.47547599806948,69.0914265191613,67.46275325062035,68.91329151364765,40.704672640153845,906700,53.939999
3106,2006-11-17,68.70970719602977,68.87512072649628,68.09895424317618,68.6333618045211,40.53932527459057,624900,55.580002
3107,2006-11-20,73.79931513647642,73.87566052798512,70.17297202371216,70.72010487731018,41.7718959879603,2152800,56.529999
3108,2006-11-21,70.64375821339951,72.08157500137966,70.36382850427296,71.9288829459603,42.485890365483876,601000,56.470001
3109,2006-11-22,72.01794981251614,72.39967549765757,71.22906312655087,71.85254137165758,42.44079771153349,666700,57.169998
3110,2006-11-24,71.85254137165758,72.92135903915137,71.85254137165758,72.74321894402978,42.96686976747395,213800,55.650002
3111,2006-11-27,72.74321894402978,72.74321894402978,70.73282635235734,70.80917301626799,41.82450217563275,731400,55.779999
3112,2006-11-28,70.87279184312159,71.12727351254591,70.05845457265012,70.97458145712655,41.922190838039704,624500,57.07
3113,2006-11-29,70.97458145712655,72.62870785497768,70.89823988282383,72.61598129032258,42.89172806824318,970500,57.639998999999996
3114,2006-11-30,72.46329432451118,73.3921465012407,72.15791530328039,73.34124914943425,43.32012164099256,834100,56.91
3115,2006-12-01,73.11787261452427,73.33386192462339,71.80924816650149,72.30474722497522,42.70789476365708,659200,57.950001
3116,2006-12-04,72.62237482656094,73.82936098309712,72.41909316154609,73.62607931808226,43.48836803576313,532700,57.639998999999996
3117,2006-12-05,73.63878188112487,73.66419335976214,72.99082411491081,73.23221855109514,43.25572106372646,679800,57.23
3118,2006-12-06,73.19410577992566,73.20680834296829,72.05064387319624,72.71131055500496,42.94803012402875,505200,56.700001
3119,2006-12-07,72.82565649157581,73.05434836471754,71.92359537358276,72.03794131015361,42.55029684132309,335500,56.799999
3120,2006-12-08,71.94900558170961,72.71131055500496,71.94900558170961,72.16498980976709,42.625323021838454,343800,56.990002000000004
3121,2006-12-11,72.12687576808722,72.73672076313181,71.91088645798811,72.40639059850346,42.76792510984639,293800,57.189999
3122,2006-12-12,72.40639059850346,72.82565649157581,71.91088645798811,72.66048886824083,42.918009233637264,469100,56.549999
3123,2006-12-13,72.67319651332508,72.91459094950942,71.33916185717543,71.84736220818137,42.437724537279486,384100,56.830002
3124,2006-12-14,71.84736220818137,72.67319651332508,71.77113539533201,72.20310893348861,42.64784917134291,418500,56.450001
3125,2006-12-15,72.31744978801784,72.78754244989594,71.60596777199703,71.72031370856789,42.36268946319127,796900,55.990002000000004
3126,2006-12-18,71.91088645798811,72.10146555996036,71.0215342555897,71.13588019216056,42.017470187111,507100,55.139998999999996
3127,2006-12-19,72.10146555996036,72.10146555996036,69.50962306051039,70.05594253523785,41.3796028145441,613600,55.639998999999996
3128,2006-12-20,70.33545736565411,70.98341513186818,69.75102384924678,70.6911977384093,41.75482265284935,517800,55.09
3129,2006-12-21,70.58955944692269,70.95800365323092,69.82725066209612,69.99241828543113,41.3420846422448,417200,54.619999
3130,2006-12-22,69.75102384924678,70.04323997219525,68.86166529429634,69.39527712393955,40.9893490266006,439700,55.41
3131,2006-12-26,69.39527712393955,70.61497092555996,69.39527712393955,70.39898161546085,41.58222508465808,444300,55.580002
3132,2006-12-27,70.27193184533697,70.61497092555996,70.00512084847374,70.61497092555996,42.166391793880074,608100,55.849998
3133,2006-12-28,70.42439182358771,71.27563125481664,70.36086757378098,70.95800365323092,42.37122983414272,337200,56.02
3134,2006-12-29,70.97071256882558,72.22851405957384,70.86906919529733,71.17399296333004,42.500217132636266,543500,55.799999
3135,2007-01-03,71.27405457078493,71.70471477743361,69.817412771772,70.67873065178149,42.204459589222196,778600,56.0
3136,2007-01-04,70.75473182154079,71.3120526223767,70.41273669077545,70.9320607066635,42.355731075186746,755100,54.66
3137,2007-01-05,70.8307266580804,70.8307266580804,69.0574276737017,69.23475782546834,41.34222845893111,945900,55.330002
3138,2007-01-08,69.23475782546834,70.17207687523714,68.57610170940539,70.0834117993538,41.84897976705893,917800,56.349998
3139,2007-01-09,70.21007366018496,71.79337858667299,70.09607570547783,71.37538355279229,42.62045965889554,503800,57.860001000000004
3140,2007-01-10,71.24872169196112,73.4146815647528,70.7800647003646,73.28801970392163,43.76253296840171,659100,58.509997999999996
3141,2007-01-11,73.28801970392163,75.01065546394061,73.28801970392163,74.11133446576358,44.25418461410659,686700,58.470001
3142,2007-01-12,73.71867864392637,74.54199340576832,73.47801249516836,74.06067250804779,44.223921957063666,478300,60.09
3143,2007-01-16,74.55466364511206,76.3279613628468,74.45332959652893,76.11263442613233,45.44920997357423,960800,60.209998999999996
3144,2007-01-17,76.12529833225635,76.68262546631196,75.23865263999882,76.26463043243122,45.539977678399936,778200,60.189999
3145,2007-01-18,76.97395230614183,76.97395230614183,75.40331255242174,76.23929755360743,45.52484888316636,742100,60.73
3146,2007-01-19,76.61929453589639,76.93595552119399,75.49197636166114,76.92328654849419,45.933271888783494,478000,59.91
3147,2007-01-22,76.75862030285155,76.75862030285155,75.79597344083473,75.88463851671804,45.31306854948719,437700,60.139998999999996
3148,2007-01-23,76.04930349571676,76.53062439343728,75.8339714924265,76.1759653565479,45.48703449494605,392700,60.950001
3149,2007-01-24,76.023969350249,77.22728236102384,76.023969350249,77.20194948220002,46.099686103064975,486100,61.5
3150,2007-01-25,77.7972683346277,78.86124924522765,77.40461251279051,77.89860238321081,46.51567097301103,779300,61.630001
3151,2007-01-26,77.8859384770868,78.3419252293396,77.4806073493301,78.06326736220952,46.61398914237017,546200,62.09
3152,2007-01-29,78.4432592779227,78.74725129052052,77.92393526203462,78.64592230851316,46.96191723335606,447100,62.080002
3153,2007-01-30,78.70925323892874,78.84858533910364,78.21526336850843,78.63325840238915,46.95434523587562,499100,62.630001
3154,2007-01-31,78.63325840238915,79.79856829499644,78.40526249297487,79.32991130339992,47.370345305548966,585500,62.59
3155,2007-02-01,78.90772596616691,79.07150957607654,78.0887877581708,78.85732858638126,47.088158890451545,858000,62.630001
3156,2007-02-02,78.86992509654593,79.21010016565684,78.20217902790677,78.90772596616691,47.11824537402149,1548300,62.599998
3157,2007-02-05,78.98331762618488,79.43688270512877,78.74393731664527,78.86992509654593,47.095675471732044,2308000,63.009997999999996
3158,2007-02-06,79.18490084581249,79.53767746470007,78.4289615673787,79.38648532534312,47.40412870318282,533700,63.82
3159,2007-02-07,79.37388881517845,80.5204005425088,78.68094342669497,80.40700927277284,48.01351480509486,691300,64.349998
3160,2007-02-08,80.40700927277284,82.53624785762092,80.33141257314286,81.074755341412,48.4122526853154,1541100,64.349998
3161,2007-02-09,81.32674224034025,82.88901943689649,78.3281668078074,81.074755341412,48.4122526853154,4162500,62.389998999999996
3162,2007-02-12,80.82277978161072,80.86057435171672,78.34076835758405,78.605346727065,46.937692455220905,1463900,62.209998999999996
3163,2007-02-13,78.605346727065,78.81953275637227,77.0934631305854,78.37856418759304,46.80227934099921,2763700,61.080002
3164,2007-02-14,78.35336612765173,78.36596767742837,76.91707671099611,76.95487758061711,45.952143414989756,1503100,60.740002000000004
3165,2007-02-15,76.96747409078178,77.63522141932391,76.13593811271798,76.52651056161456,45.69636042833134,1945800,61.599998
3166,2007-02-16,76.4761131818289,77.76121423883654,76.02254684298202,77.6100220994796,46.34335463470582,1028600,61.990002000000004
3167,2007-02-20,77.6100220994796,78.47935894716436,76.48870969199356,78.10138930794746,46.636764624371615,963700,61.669998
3168,2007-02-21,77.64782296910057,77.87460550857251,76.95487758061711,77.69821530927423,46.39600598095322,439400,61.560001
3169,2007-02-22,77.93760065842585,78.01319105854081,77.26985332988369,77.55962975930593,46.31324421297892,573100,60.529999
3170,2007-02-23,77.37064304984298,77.37064304984298,75.93435363318738,76.26192715252162,45.53835851327525,484900,60.290001000000004
3171,2007-02-26,76.26192715252162,76.56430513172054,74.23348206734184,75.9595529530317,45.35781945340763,815100,58.459998999999996
3172,2007-02-27,75.72016760388011,75.72016760388011,72.55781360104963,73.65392794859433,43.98105541375142,1163100,58.860001000000004
3173,2007-02-28,73.77992076810696,74.63665606601506,73.12477120963248,74.15789166722686,44.281992063921685,1123700,58.41
3174,2007-03-01,73.12664950913553,73.63854854104173,70.82934653667847,72.9268840332697,43.546912291484865,1376000,57.110001000000004
3175,2007-03-02,72.3775302231729,72.56480785972866,71.21639339470276,71.30379079039407,42.57771138076084,944600,54.880001
3176,2007-03-05,70.89177199935233,70.89177199935233,68.51955947051404,68.51955947051404,40.91515821373057,695400,56.779999
3177,2007-03-06,69.23122397828607,71.25384817289337,69.218736138976,70.89177199935233,42.3316652382738,865300,55.860001000000004
3178,2007-03-07,71.54100979591628,72.29013407601582,69.69318039269157,69.74312301019226,41.64579170197027,925000,56.66
3179,2007-03-08,69.74312301019226,71.31627363556723,69.48093207165259,70.74194914098717,42.2422065125784,1657700,57.41
3180,2007-03-09,71.4161588705686,71.80320073445596,70.74194914098717,71.67834980910827,42.80137130460868,549000,57.360001000000004
3181,2007-03-12,71.39118693755114,72.41498500136352,71.14148009271884,71.61592434643443,42.764078835867195,1375000,54.790001000000004
3182,2007-03-13,71.32876147487728,71.32876147487728,68.26985137714753,68.40719139033952,40.84806448159257,2084100,55.279999
3183,2007-03-14,68.68186517405235,69.53086969501636,67.52073333971911,69.01897066311018,41.213369364637316,1755700,55.639998999999996
3184,2007-03-15,68.80672234207118,69.73063392234796,68.76926756388056,69.46844298380829,41.4817567785315,1470600,55.040001000000004
3185,2007-03-16,69.45596013863513,70.13016487407963,68.54453140353151,68.71932494637988,41.03443193669894,1474700,56.0
3186,2007-03-19,69.29364944095991,70.16762464640715,68.98151588491956,69.91791655304063,41.75015418069949,2121400,56.82
3187,2007-03-20,69.63075368148351,71.19142146168531,69.4309894541519,70.941714616853,42.36150395769703,1659000,58.200001
3188,2007-03-21,70.91674268383557,72.8020318593878,70.57963844331196,72.66469309473003,43.39034609977502,1216000,58.68
3189,2007-03-22,73.07670689163484,73.46375374965913,72.6771759399032,73.26398827379329,43.7481972335015,987700,59.400002
3190,2007-03-23,73.26398827379329,74.72477081899373,73.03925211344423,74.16293541225798,44.284967067152984,1132700,58.48
3191,2007-03-26,74.16293541225798,74.27530349243251,72.72711855740388,73.014281428961,43.59908853671258,1264800,57.529999
3192,2007-03-27,72.61475047722934,72.82700379240524,71.76574720479955,71.82817266747341,42.89083003030406,986800,56.82
3193,2007-03-28,71.34124432005044,71.85314335195663,70.49224104762067,70.941714616853,42.36150395769703,1242300,57.060001
3194,2007-03-29,71.6658669639351,71.85314335195663,70.76691982547042,71.24136407918598,42.54043764003272,621200,57.689999
3195,2007-03-30,71.31627363556723,72.14030622351376,70.9916572343537,72.02793814333924,43.01010999594356,1342700,58.419998
3196,2007-04-02,72.04684222820124,72.60505265770783,71.12888758793534,72.46859906922579,43.273247246973675,785300,58.849998
3197,2007-04-03,73.06403245879257,73.16326804911799,72.49340982752099,73.00200370234076,43.59175555816553,919800,58.779999
3198,2007-04-04,73.01441218267809,73.06403245879257,72.0840552644543,72.9151716304491,43.539916070682104,782600,58.880001
3199,2007-04-05,72.90276811201534,73.12605501286494,72.59264913927409,73.0392217004974,43.61398736708341,534600,58.48
3200,2007-04-09,73.0392217004974,73.08883701470832,72.46859906922579,72.54303010363547,43.317689776719284,853800,58.5
3201,2007-04-10,72.62986217552714,72.92757887031053,72.23291113089421,72.56783962145478,43.332520906471665,748700,57.389998999999996
3202,2007-04-11,72.55543734349692,72.58024189941264,70.93041144538093,71.1909101420077,42.51029130975974,876000,56.639998999999996
3203,2007-04-12,71.1909101420077,71.1909101420077,70.111697357344,70.2605532237839,41.95476402960531,765500,57.509997999999996
3204,2007-04-13,70.27296170412124,71.37698400660423,70.08688783952469,71.3397660084476,42.59915900258847,740900,57.330002
3205,2007-04-16,71.45140883863445,71.62508042527314,70.62029247263966,71.11648530997746,42.46586118477304,612800,58.110001000000004
3206,2007-04-17,71.00484247979063,72.28253016653282,70.81876861519407,72.0840552644543,43.04363888098372,1061500,57.599998
3207,2007-04-18,72.0840552644543,72.23291113089421,71.38938628456211,71.45140883863445,42.66585194839031,747100,57.040001000000004
3208,2007-04-19,71.24053041812219,71.24053041812219,70.5582699185673,70.75674606112172,42.25104177235518,1109500,57.130001
3209,2007-04-20,71.32736373048975,71.46381731897179,70.66991274875417,70.86838889130857,42.31771114911509,632600,58.09
3210,2007-04-23,70.86838889130857,72.39417423719557,70.86838889130857,72.05924450615912,43.02880899170723,751900,57.669998
3211,2007-04-24,72.20810037259902,72.39417423719557,71.09167455168227,71.53824215100201,42.717691435873746,631300,57.150002
3212,2007-04-25,71.637482703231,72.0840552644543,70.35979377601289,70.89319964960376,42.332517469349646,843500,56.849998
3213,2007-04-26,70.98003172149542,71.21572090030288,70.31017349989841,70.52105192041067,42.110291175386834,538000,56.529999
3214,2007-04-27,70.33498425819359,70.66991274875417,69.85119866071723,70.12410087577776,41.87328213023138,751800,55.299999
3215,2007-04-30,70.33498425819359,70.49624736449493,68.59831552989077,68.59831552989077,40.96218484069071,865500,55.060001
3216,2007-05-01,68.45292489985526,68.45292489985526,67.15833731534656,67.88577293658061,40.53669891577743,1433500,55.0
3217,2007-05-02,67.51588671848386,68.37894716305921,67.51588671848386,67.81179519978457,40.492520147675634,1045300,55.560001
3218,2007-05-03,67.66384342501767,68.63786369360756,67.19532433433197,68.50224380203319,40.904807231898204,981500,55.400002
3219,2007-05-04,68.79814735156697,68.81047923475948,67.50355976705828,68.3049743580301,40.78701814363618,1659400,55.049999
3220,2007-05-07,68.18167648611438,68.5515577724442,67.73781746298852,67.87344105338808,40.52933825364392,731900,54.509997999999996
3221,2007-05-08,67.56520562066179,67.86111410196251,67.03504067637257,67.20765128575756,40.131777425455276,966300,54.650002
3222,2007-05-09,67.19532433433197,68.2433223397179,67.15833731534656,67.3802680598512,40.2348451894503,1480300,53.34
3223,2007-05-10,67.25697018793551,67.25697018793551,65.6294883360824,65.76511192648198,39.27039624751742,1390900,55.889998999999996
3224,2007-05-11,66.48021566452351,69.04473693068972,66.39390974336014,68.90911210734843,41.14777442821557,2082300,56.490002000000004
3225,2007-05-14,68.92144522348268,70.2900056130205,68.90911210734843,69.64888084471673,41.589509092739085,1206500,55.099998
3226,2007-05-15,69.69819481512775,70.24069164260948,67.73781746298852,67.93508690699161,40.56614156431144,1184000,54.080002
3227,2007-05-16,67.3802680598512,67.7254892786212,65.99936962241222,66.67749127323526,40.25354151785774,808400,52.990002000000004
3228,2007-05-17,66.68981822466087,66.68981822466087,65.23494698219275,65.33358478654864,39.44221530831118,1169300,51.959998999999996
3229,2007-05-18,65.2842658843707,65.29659283579626,63.114285972094116,64.0636511048911,38.6755388506076,1722700,51.810001
3230,2007-05-21,64.02666408590568,65.0500032566735,63.878712311138784,63.878712311138784,38.563887346282016,1311900,53.049999
3231,2007-05-22,64.42120543979534,65.99936962241222,64.2362617142761,65.40755759157774,39.48685642956206,1810300,53.18
3232,2007-05-23,65.77743887790757,66.41856981091998,65.1363141096038,65.56784124953715,39.583621395428686,1613300,51.709998999999996
3233,2007-05-24,65.45687649375569,65.45687649375569,62.81838242256034,63.75541567216481,38.489460818695925,2031300,52.040001000000004
3234,2007-05-25,64.11297000706905,65.8267577800855,63.619790848823506,64.162288909247,38.73508747032686,1133200,54.66
3235,2007-05-29,66.31993693833104,68.56389088857846,66.02402845703033,67.3925950112768,40.68523387198303,2202900,56.439999
3236,2007-05-30,67.9967389253038,70.0804079846501,67.3925950112768,69.58723005934628,42.01015798778066,1625600,54.869999
3237,2007-05-31,69.40229126559397,69.64888084471673,67.56520562066179,67.65151154182516,40.841547457568915,1485200,54.959998999999996
3238,2007-06-01,67.8529085567261,68.75121512445764,66.54852188977307,67.63140830714848,40.829410496616305,1237100,55.759997999999996
3239,2007-06-04,67.63140830714848,69.32957811780065,67.37299257986484,68.61585263026993,41.423733813498316,882000,54.32
3240,2007-06-05,68.0744100368607,68.0744100368607,66.77001721712294,66.84385309476271,40.35396267201179,997700,54.080002
3241,2007-06-06,66.3885482567434,67.21301894683516,65.83479640224236,66.54852188977307,40.17568204335451,998600,51.98
3242,2007-06-07,66.04398862128514,66.05629665181999,63.804374986666794,63.96434985025342,38.61559917995987,1245000,52.669998
3243,2007-06-08,63.84129538660056,64.85035207912091,62.57381804456881,64.81343167918715,39.12819874920328,916700,52.25
3244,2007-06-11,64.5550159519035,64.93648983451084,63.619795137022926,64.29660022461988,38.816167655952434,874800,51.439999
3245,2007-06-12,64.29660022461988,64.30890333292697,62.65995703051567,63.29984787096357,38.21442777238039,1237700,52.599998
3246,2007-06-13,63.828987356065696,64.72729269324029,63.828987356065696,64.72729269324029,39.07619172115939,1330500,51.43
3247,2007-06-14,64.60423946014437,64.60423946014437,62.93068078833416,63.28754353209953,38.20699643900707,1292300,51.5
3248,2007-06-15,63.68132175357088,63.988960989095375,62.85685106347911,63.37368251804639,38.25899485315236,1090900,51.099998
3249,2007-06-18,62.94299004942597,63.238320023858655,61.8354863404239,62.88145728009331,37.96184611555925,1308200,51.560001
3250,2007-06-19,62.57381804456881,63.55826852047497,61.84778944873099,63.447517165129206,38.30358654506317,1202000,50.009997999999996
3251,2007-06-20,63.324459009805516,63.42290602628725,61.540150213206495,61.540150213206495,37.152083042039436,1119000,49.82
3252,2007-06-21,61.55245824374136,61.55245824374136,59.706622830594384,61.30634685532176,37.01094185245162,1141300,49.400002
3253,2007-06-22,60.875653156144416,61.09715463627899,60.08809794375864,60.789515400754496,36.69894152312433,1183600,48.98
3254,2007-06-25,60.80181850906158,61.10945774458608,59.75584633883524,60.27267902395945,36.38692273544291,1389200,48.98
3255,2007-06-26,60.28498705449433,60.74029189251364,59.68201169175242,60.27267902395945,36.38692273544291,1138900,50.849998
3256,2007-06-27,57.95922951170135,62.746100938690304,57.95922951170135,62.57381804456881,37.77611569517452,1488100,50.889998999999996
3257,2007-06-28,62.02007234285249,63.60748710648806,61.515543996592314,62.62304155280967,37.805839798110895,2198600,50.419998
3258,2007-06-29,63.09065442136385,63.86590775599946,61.86009747926586,62.04467855946667,37.456686493587775,2762900,51.049999
3259,2007-07-02,61.71582294495413,62.94669299233793,61.568119770138125,62.835914688073395,37.93436492821857,883000,50.200001
3260,2007-07-03,62.77437241657425,63.06978368968647,61.4819600976913,61.78967760953726,37.30273288557314,707600,50.950001
3261,2007-07-05,62.15893739288235,63.143632199919345,62.06046532735155,62.71283014507511,37.860046225627585,1140100,51.43
3262,2007-07-06,62.589739447726586,63.53751061508217,61.78967760953726,63.303646536949294,38.21671790099809,883100,50.400002
3263,2007-07-09,63.5005857445307,63.5005857445307,61.72813533803811,62.035852849884066,37.45135675118459,849200,49.470001
3264,2007-07-10,61.605044640689584,62.33125796864603,60.829595279967734,60.891142474947074,36.76029707178142,1391100,48.599998
3265,2007-07-11,60.41110438733743,60.57111380088718,59.56180036203246,59.820281841113015,36.11379488809356,1454800,50.150002
3266,2007-07-12,60.55880756215345,61.72813533803811,59.820281841113015,61.72813533803811,37.265585227543106,906600,50.799999
3267,2007-07-13,61.39579919437443,62.62666924175824,61.06346428158081,62.528197176227444,37.748572479786276,680500,50.630001
3268,2007-07-16,62.380494001411435,63.36519003931848,62.220479664381486,62.318951729912285,37.6222569029136,1071600,49.540001000000004
3269,2007-07-17,62.09739512138321,62.51589093749371,60.829595279967734,60.97730337826395,36.8122988695433,980900,48.77
3270,2007-07-18,60.71882189918338,60.71882189918338,58.93405909960681,60.029532210908364,36.24013262062708,1365700,49.200001
3271,2007-07-19,60.52187776812179,60.97730337826395,60.029532210908364,60.55880756215345,36.55965171448735,1112000,48.299999
3272,2007-07-20,60.55880756215345,60.854213911785465,58.82328079534228,59.45102205776792,35.89087693729207,1151200,47.279999
3273,2007-07-23,59.84490047293074,59.90644274442988,58.14630350015123,58.195534609436436,35.13293916473435,735100,45.619999
3274,2007-07-24,58.09706746738583,58.195534609436436,56.13998409204557,56.15229033077931,33.89941166891823,988900,45.110001000000004
3275,2007-07-25,56.74310672265349,56.940045930234895,54.8229531413449,55.52454906835367,33.52043662828915,1460000,43.630001
3276,2007-07-26,54.89680165157778,55.056817219477765,52.865869766004636,53.70286139822563,32.42068501270289,1768000,42.639998999999996
3277,2007-07-27,52.63200076439157,54.66293880431495,51.78270289343684,52.484297589575554,31.685034604093154,2138800,42.490002000000004
3278,2007-07-30,52.21350494828108,52.60738828692409,51.45036674977317,52.29967077507814,31.57356085825184,1244200,42.25
3279,2007-07-31,52.91510579877004,53.85056457304164,51.75808426161912,52.00425950196592,31.39522994404678,1704300,42.720001
3280,2007-08-01,51.79152257872132,53.16029976571902,49.855506139469114,52.67937848463089,31.802802703737548,2471000,42.09
3281,2007-08-02,52.67937848463089,55.66355422409423,51.359929023494956,51.90250441281858,31.33379593910551,2577100,40.060001
3282,2007-08-03,52.08747660257699,52.284777640972116,49.33758844741892,49.39924872131187,29.822569868649513,1938300,41.380001
3283,2007-08-06,49.596549759707,51.02698228807168,47.66053455358629,51.02698228807168,30.80525111987476,3347400,42.299999
3284,2007-08-07,51.557228828758596,53.073980561421145,49.92949649513027,52.1614607925807,31.49012741687789,2638100,44.18
3285,2007-08-08,52.26011377804124,54.8990139334446,51.84084907145159,54.47974922685494,32.88969343091715,2219100,42.599998
3286,2007-08-09,53.17262861435573,54.93600664501219,51.74219608599104,52.53139900644007,31.71345986102628,2034900,41.369999
3287,2007-08-10,49.28826688721462,52.99999143889148,49.28826688721462,51.014648506909005,30.797788208097465,1907000,41.5
3288,2007-08-13,51.581892691689475,52.58072549917034,51.076303848276,51.174956833736545,30.894579165008153,1397900,41.080002
3289,2007-08-14,51.42158436486194,52.03815010984672,50.28710092782697,50.65704407421231,30.581907577542964,2072800,40.099998
3290,2007-08-15,50.37341889899335,51.75452986715373,49.18961390175406,49.44857028151618,30.29482223536315,1553100,42.349998
3291,2007-08-16,49.18961390175406,52.33409920117643,48.807346839257974,52.22311613394768,31.99464713528956,2214400,44.130001
3292,2007-08-17,53.27128159981627,55.404597844332116,52.001152465753165,54.41809388548796,33.33942388409798,2360900,45.450001
3293,2007-08-20,54.64005755368248,57.00766878129253,54.08514838319619,56.04582745224778,34.33665115437891,1641300,45.849998
3294,2007-08-21,56.35411032474016,56.933678425631385,55.87318904365204,56.53907634884112,34.63884235731085,1161100,44.93
3295,2007-08-22,56.391103036307754,57.081657903822205,54.55373958251611,55.404597844332116,33.9438013574359,1414000,44.990002000000004
3296,2007-08-23,55.515579678429376,56.24312849064291,54.948340426174866,55.478588199993276,33.98913743666464,1112200,45.0
3297,2007-08-24,54.997661986379185,55.811528769759086,54.10981101299557,55.49091704862999,33.99669406643517,941700,45.0
3298,2007-08-27,55.49091704862999,55.84852641385265,54.77569831818466,55.49091704862999,33.99669406643517,1062000,43.0
3299,2007-08-28,55.23196066886787,55.54024354136026,52.85201689322663,53.02465406869088,32.48571215601419,1458100,43.25
3300,2007-08-29,53.641219813675654,54.01115802753503,52.704042347561774,53.33293694118326,32.6745933725958,1371500,43.549999
3301,2007-08-30,52.99999143889148,54.196130217293444,52.630051991900615,53.70287515504263,32.901228142874324,1095800,44.700001
3302,2007-08-31,54.24545671002372,55.46625441883059,53.83852085207078,55.120978834770604,33.77003586665833,1161900,44.709998999999996
3303,2007-09-04,54.74813314787281,55.59665419737637,54.23163886623819,54.981782980531435,33.68475057781188,1038000,43.48
3304,2007-09-05,54.26853482847619,54.588265401750675,53.223251300354924,53.469201016835335,32.75806218025325,1080200,43.759997999999996
3305,2007-09-06,53.75204054684157,53.97339418490575,52.62067996733177,53.81352643878363,32.96903310294978,826300,42.959998999999996
3306,2007-09-07,52.53459799697348,53.45690482224088,52.38702521570339,52.82973372157417,32.366299443925364,1072400,42.91
3307,2007-09-10,52.70676193769006,54.059476155264036,52.11648556951892,52.76824782963212,32.32863735215118,906800,43.209998999999996
3308,2007-09-11,53.16176540841287,53.38311904647704,52.51000314829968,53.13716932999664,32.55464310584201,1066800,42.599998
3309,2007-09-12,53.02649251096456,53.27244222744496,52.21486250472924,52.38702521570339,32.0950699122356,1115900,43.209998999999996
3310,2007-09-13,52.891219613516235,53.39541401132908,52.51000314829968,53.13716932999664,32.55464310584201,1363600,42.580002
3311,2007-09-14,52.62067996733177,52.62067996733177,51.833646039512686,52.362435285999325,32.08000679716533,1998900,42.25
3312,2007-09-17,51.64918221497434,52.48540706988344,51.4770195040002,51.956617823396805,31.831390999088683,671900,43.869999
3313,2007-09-18,52.21486250472924,53.94879933623196,51.75985903400643,53.94879933623196,33.051894377874234,1870200,46.049999
3314,2007-09-19,55.00637905894767,57.37978195596911,54.686647255930744,56.62963784167586,34.69433591282555,1878900,44.959998999999996
3315,2007-09-20,56.5681519497338,56.814101666214206,55.01867894276944,55.28921858895391,33.87311760483476,622000,45.25
3316,2007-09-21,55.805712870588515,56.26071634131133,55.28921858895391,55.645845124466405,34.091599794316274,811700,45.84
3317,2007-09-24,55.46138129992805,56.801801782392445,55.46138129992805,56.37139316034342,34.536109872852414,722300,45.07
3318,2007-09-25,55.71963090023023,56.014766624830926,55.11705587797976,55.424491486402225,33.955973960789485,756400,45.82
3319,2007-09-26,55.65814008931843,56.55585698488177,55.473682413492256,56.34679831166962,34.52103200087295,781300,45.93
3320,2007-09-27,56.55585698488177,57.18302316657873,56.162334487131275,56.48206997937551,34.60392647884311,1077500,45.130001
3321,2007-09-28,56.48206997937551,56.50666605779174,55.12935576180153,55.49827726216605,34.0011928198187,738300,46.290001000000004
3322,2007-10-01,55.29391103681989,56.8032654324243,55.06075627757305,56.8032654324243,34.80069222537524,628200,47.34
3323,2007-10-02,57.1836681434602,58.47214631647012,56.95051829268293,58.09173746984724,35.590090709863304,881200,47.0
3324,2007-10-03,58.104006189560444,58.55804330698876,57.60088928480971,57.674517555615125,35.33447602093943,854600,47.450001
3325,2007-10-04,57.72360347852454,58.226721610392666,57.15913070403378,58.226721610392666,35.672782469746714,625300,49.130001
3326,2007-10-05,58.594855601715366,60.2882788336572,58.594855601715366,60.2882788336572,36.93580163816671,1038500,48.48
3327,2007-10-08,59.95695713706112,60.312822408670606,59.343398439660966,59.4906512999196,36.44712913227018,714700,48.299999
3328,2007-10-09,59.99376820467033,59.99376820467033,58.53350095909274,59.26976894173815,36.31180998867597,608400,48.310001
3329,2007-10-10,59.466107724906195,59.895601267321105,58.742108461974006,59.28204256992094,36.3193309911887,707700,48.139998999999996
3330,2007-10-11,59.785160701789074,60.12875234521577,58.852549027506036,59.07343015857009,36.19152303316805,593200,47.290001000000004
3331,2007-10-12,59.208414299115525,59.51519364781561,57.711329850341734,58.030382827224614,35.552501649825786,509500,46.200001
3332,2007-10-15,57.90766863350979,58.16536696777004,56.45966888052801,56.692824866892266,34.73303878916511,586500,45.490002000000004
3333,2007-10-16,56.692824866892266,56.99960421559234,55.686588603156004,55.82157274370144,34.19926849189226,744800,44.560001
3334,2007-10-17,56.15288953182793,56.287873672373365,53.71092837041009,54.680352339419734,33.50009504097427,653900,44.5
3335,2007-10-18,54.177235434668994,55.2816374086371,53.232353813555356,54.60672406861432,33.454988659776205,619800,43.700001
3336,2007-10-19,54.59445534890111,55.12211092019567,53.379606673813996,53.62503137989146,32.85354406529751,2385800,43.759997999999996
3337,2007-10-22,52.9869291074779,54.01770771911017,52.77831669612705,53.69865474222729,32.89865658208255,1018000,44.5
3338,2007-10-23,54.005434090927366,54.60672406861432,53.73547194542349,54.60672406861432,33.454988659776205,709200,44.290001000000004
3339,2007-10-24,54.471739928068885,54.60672406861432,53.293708456177974,54.34903064282366,33.29709546458725,1044100,44.200001
3340,2007-10-25,54.48401478336908,54.888961069418386,53.40414902171001,54.23859007729162,33.22944080125972,836600,44.650002
3341,2007-10-26,54.852148774691784,55.62523396053338,54.14041823147281,54.79079413206916,33.56774602294962,636100,44.580002
3342,2007-10-29,55.097573480769235,55.220282766014485,54.275402372018235,54.70489591443314,33.51511986635621,618700,45.610001000000004
3343,2007-10-30,54.70489591443314,56.18970673502414,54.70489591443314,55.96882560396008,34.28947634581882,891800,46.73
3344,2007-10-31,56.27560495266016,57.34319585901903,55.83384146341464,57.34319585901903,35.13147153608282,1325100,44.240002000000004
3345,2007-11-01,56.29708703986639,56.797233267146254,53.967131859232936,53.967131859232936,33.063133840777056,950900,41.310001
3346,2007-11-02,54.284296093292795,54.284296093292795,49.55119220281477,50.39290619996003,30.873372429323855,1672000,39.970001
3347,2007-11-05,49.89275997268017,50.319712670748935,48.51430237371358,48.758277958049646,29.87191255743016,1356200,39.950001
3348,2007-11-06,49.038848477183514,49.17303437763885,48.01415614643373,48.73388052160322,29.856956928888508,1582700,37.799999
3349,2007-11-07,47.733585627299846,48.282529167216204,46.00136519986011,46.111153663869025,28.250139324783394,1478400,37.560001
3350,2007-11-08,46.66009720378538,46.684494640231804,44.98887402707718,45.81838686625559,28.070779131003867,2551200,37.860001000000004
3351,2007-11-09,44.92788165583294,46.74548823134786,44.92788165583294,46.18434841295194,28.294991571946504,2540300,37.779999
3352,2007-11-12,45.83058436460697,47.72138446933299,45.83058436460697,46.08675622742259,28.235192235344496,1198900,40.0
3353,2007-11-13,46.76988566779429,48.79487289284746,46.39172418300289,48.79487289284746,29.894332581652606,1300300,38.400002
3354,2007-11-14,48.20933441813329,48.758277958049646,46.76988566779429,46.8430804168772,29.135591826117988,1359200,38.459998999999996
3355,2007-11-15,46.342932969725524,47.148048372457495,46.111153663869025,46.916269066601,29.18111866239883,1212200,37.689999
3356,2007-11-16,47.416416513752694,47.416416513752694,45.44022538146419,45.9769677634137,28.596887890278193,1770300,37.369999
3357,2007-11-19,45.29384198265747,46.67229348226494,45.19624979712813,45.586608780270915,28.354095581609787,1519400,36.959998999999996
3358,2007-11-20,45.45242165994375,46.67229348226494,44.12276137361367,45.086461333119225,28.0430075290969,1410400,37.639998999999996
3359,2007-11-21,44.68390607149688,46.220942127877926,44.13496253158052,45.91597417229763,28.55894865673218,1177800,38.529999
3360,2007-11-23,46.123354821835875,47.18464208738349,46.123354821835875,47.00166009416349,29.234228221927232,522900,36.32
3361,2007-11-26,47.33102548619021,47.623797163290945,44.14716002993191,44.305744586705494,27.557422911760085,2259200,36.57
3362,2007-11-27,44.45212798551221,44.84248574878316,43.32984712884854,44.61071254228578,27.747093462181876,1767900,38.34
3363,2007-11-28,44.854686906750025,46.89187163015458,44.647306257211774,46.76988566779429,29.090069869324424,1436600,38.900002
3364,2007-11-29,46.52591008345822,47.623797163290945,45.80618570828872,47.4530163280378,29.514958544269827,1290800,39.77
3365,2007-11-30,47.92876511887124,50.34411010719537,46.55030873977647,48.51430237371358,30.17506168412338,1499600,38.82
3366,2007-12-03,48.66893853249444,48.66893853249444,47.38721447751815,47.38721447751815,29.474034424984293,1461100,38.25
3367,2007-12-04,47.00879790713021,47.3627994420528,46.22755705503343,46.691420756441765,29.041262937382168,1422600,39.220001
3368,2007-12-05,47.0942511416043,47.91211149517226,46.642591906201794,47.8754919937011,29.77773617732675,2310400,40.630001
3369,2007-12-06,47.802249328686514,49.75535206927385,47.606938810489645,49.596665935311094,30.84827341035823,1655400,39.919998
3370,2007-12-07,49.950662587470724,50.09714913819061,48.52245686453751,48.72997184874022,30.30921027668115,1209000,40.459998999999996
3371,2007-12-10,48.96190675117124,49.38914606834543,48.29052684486946,49.38914606834543,30.719204895789296,1682300,37.48
3372,2007-12-11,49.36473225357083,49.669904938253445,45.75148888761927,45.75148888761927,28.456647287407876,1645600,36.77
3373,2007-12-12,46.874526808632815,47.582524995715026,43.700727225861286,44.88479846312062,27.91758659511227,2425800,36.060001
3374,2007-12-13,44.38431648093185,44.78714198333144,43.004934725475636,44.018109259312695,27.378512475218535,1735800,35.330002
3375,2007-12-14,44.33548763069189,44.42093476171228,43.01714407424443,43.12700624073017,26.824257845297954,1653600,35.009997999999996
3376,2007-12-17,43.12700624073017,43.66410772439012,42.22369265268812,42.73638032157345,26.58129766411473,1564500,35.23
3377,2007-12-18,43.12700624073017,43.66410772439012,41.62555174932869,43.004934725475636,26.748333322730396,1409100,36.130001
3378,2007-12-19,43.10259120526482,44.10355761102383,42.63872750385649,44.10355761102383,27.431654025838434,1515400,36.0
3379,2007-12-20,44.33548763069189,44.57962577843799,43.175830208207174,43.94486659429813,27.332957517539853,1435400,36.119999
3380,2007-12-21,44.10355761102383,44.7016936316203,43.49321224165858,44.09134826225505,27.424058888062053,1339900,38.040001000000004
3381,2007-12-24,45.18997114780325,46.45949073677371,44.25003927898075,46.4350769219991,28.881827299305836,1125600,37.990002000000004
3382,2007-12-26,46.50831470425071,46.85011177316746,45.70266003737932,46.37404360575331,28.843868700094273,1026400,35.110001000000004
3383,2007-12-27,44.481969298648806,44.79935133210022,42.79741852058219,42.85845305751873,27.08498884225562,1352500,34.619999
3384,2007-12-28,43.61528009484089,43.83500442781238,41.46686561536595,42.260312154159294,26.70699463086329,2108600,34.73
3385,2007-12-31,42.21148818668229,43.053762355024865,41.97955328425127,42.39458935611039,26.791861933782783,1136800,33.990002000000004
3386,2008-01-02,42.18490605457646,42.35495628961057,40.72732098546049,41.28606510696419,26.091308520707788,1846600,33.25
3387,2008-01-03,41.504697826520754,42.65861959262365,40.375075197924964,40.387219300739055,25.523267443519046,1566500,32.41
3388,2008-01-04,40.156436405102326,40.156436405102326,38.978221574758386,39.366910602615114,24.87845785402217,1651900,32.5
3389,2008-01-07,39.6827180084423,40.277900511654344,38.32230762559693,39.476229391699825,24.947553401989765,2210400,30.73
3390,2008-01-08,39.59769228359863,40.92166549938885,37.20482667050881,37.326293206367254,23.588869041358727,2260100,31.870001000000002
3391,2008-01-09,37.326293206367254,39.08754036384309,36.33027757248436,38.71099908276009,24.463953801449684,3026800,32.91
3392,2008-01-10,38.1886982015776,41.03098428847356,37.01048215658044,39.97423720864127,25.26227733715179,2296000,33.279999
3393,2008-01-11,39.2090044703951,41.407527998862996,38.844609721432626,40.423657682447406,25.546291195153493,2001400,33.060001
3394,2008-01-14,40.8244956717311,41.383234934621946,38.62597092861001,40.156436405102326,25.377417959081868,2031800,32.279999
3395,2008-01-15,39.51266777340818,40.11999437943434,38.808171339724275,39.2090044703951,24.778670448692438,1634200,33.66
3396,2008-01-16,39.08754036384309,41.62616557703241,39.08754036384309,40.8852271176805,25.837999881253552,2020400,33.279999
3397,2008-01-17,40.69088260375213,41.65045985592667,39.96209310582717,40.423657682447406,25.546291195153493,1826100,33.439999
3398,2008-01-18,40.56941971185332,41.54114106684196,39.670573905628196,40.618002196375784,25.66910842538374,2437000,34.84
3399,2008-01-22,39.2090044703951,43.10804492504264,39.11183464273735,42.318517907902226,26.743772854747014,1673600,39.009997999999996
3400,2008-01-23,40.99454590676521,48.306758243320076,40.423657682447406,47.38361937285389,29.944738747242752,3675300,38.400002
3401,2008-01-24,46.94634907512792,47.177130756111424,45.27012521318932,46.64268577211484,29.476494792609437,2416800,38.799999
3402,2008-01-25,46.60624253179363,48.23387783594371,46.60624253179363,47.12854341297612,29.78353847551165,2570200,40.330002
3403,2008-01-28,47.25001237814099,48.98696647137578,46.48477842524162,48.98696647137578,30.957989095551454,1697000,39.849998
3404,2008-01-29,49.35136122033826,49.436386945181916,48.07597656233656,48.40392807097783,30.589530116941443,1266800,39.240002000000004
3405,2008-01-30,48.28246517907902,49.266335495494594,47.29859486266345,47.66299447023878,30.121288591614555,1636100,39.470001
3406,2008-01-31,46.82488010996305,48.47680969300739,46.81273600714895,47.94236349435759,30.297834792026716,1926800,40.689999
3407,2008-02-01,47.839869528042975,49.7897995984232,47.319081074952884,49.281120082435415,31.14387133180597,1781900,39.459998999999996
3408,2008-02-04,49.293233864081486,49.6686823712735,47.74297623077759,47.79142287941028,30.202448100834705,2031300,37.25
3409,2008-02-05,47.028410872244244,47.19796869234695,45.01792037158527,45.11481366885065,28.510940527693407,2279400,36.700001
3410,2008-02-06,45.53870882467536,46.5560642232431,44.44869011440625,44.44869011440625,28.089961787206004,1332400,37.880001
3411,2008-02-07,43.879455012683465,45.95049625453369,43.818898215812524,45.87783052056044,28.993139767545458,1340100,36.0
3412,2008-02-08,43.358665348457436,45.078480801864025,43.031658645354355,43.600893747077144,27.554192793705983,2835900,35.240002000000004
3413,2008-02-11,43.45555864572282,43.90367773143184,42.63198620827803,42.68043285691072,26.972485414099665,1721200,36.5
3414,2008-02-12,42.68043285691072,44.884699051877014,42.68043285691072,44.206461715786546,27.93687420471627,2575500,36.959998999999996
3415,2008-02-13,44.59402521576057,45.12692260595296,43.74622884843146,44.763583035863256,28.28897201103485,2122300,36.349998
3416,2008-02-14,44.60613899740663,44.78780696574757,43.685673262696454,44.024788902901854,27.82207668488802,1138700,36.630001
3417,2008-02-15,43.95212438006454,44.36391059878692,43.22544039534137,44.36391059878692,28.036384766742408,998800,35.720001
3418,2008-02-19,44.78780696574757,44.84836255148257,43.12855194261975,43.261776895735814,27.339890767531287,1353800,36.220001
3419,2008-02-20,42.753097379748034,44.04901283278616,42.74098844264573,43.86734486444522,27.722579445357194,1454600,35.029999
3420,2008-02-21,44.206461715786546,44.61824793450894,42.426090676644954,42.426090676644954,26.811760408388565,1482100,35.990002000000004
3421,2008-02-22,42.52298397391034,43.58878480997483,41.89319207531663,43.58878480997483,27.54653235890181,1595500,37.32
3422,2008-02-25,43.52822437969608,45.19959318446997,42.995325778367736,45.19959318446997,28.56451512588513,1546100,37.0
3423,2008-02-26,44.87258527023095,45.68404877057344,44.26701730152155,44.81202968449595,28.31959800548436,1346700,36.43
3424,2008-02-27,44.388134528671245,44.884699051877014,43.818898215812524,44.12168220016723,27.883299606524545,1103800,35.439999
3425,2008-02-28,43.72200491854714,43.85523108279915,42.92265641098667,42.92265641098667,27.12556572977378,816700,34.450001
3426,2008-02-29,42.54720669265871,43.04377242700043,41.602517028064234,41.72363425521392,26.367824586207387,1006500,34.790001000000004
3427,2008-03-03,41.32904755920536,41.989451436762394,41.02886561585366,41.77332043754918,26.399235647226597,1152000,34.639998999999996
3428,2008-03-04,41.4010936270653,42.04948662470496,40.59660721961055,41.59320887008261,26.28540545357986,1365200,34.900002
3429,2008-03-05,41.65324525875295,42.75791721174273,41.50915912667192,41.90540169335169,26.48269463257278,1473000,32.93
3430,2008-03-06,41.365072994590875,41.66525493794257,39.34784913453974,39.539965578284814,24.987829379425655,1542100,33.32
3431,2008-03-07,39.03565751199842,40.78872366335563,38.831536191974834,40.00824940991346,25.28376554937057,1484500,32.959998999999996
3432,2008-03-10,40.176350097462624,40.50054779701023,39.41989520239969,39.57598621075924,25.01058677291503,1114900,35.57
3433,2008-03-11,40.560582984952795,42.85397303215972,40.4645271645358,42.70988690007868,26.991104384933127,1938300,35.27
3434,2008-03-12,42.70988690007868,44.16276630517309,42.325654012588515,42.34966856805666,26.76345840637294,998500,35.93
3435,2008-03-13,41.96543688129426,43.39430053019276,40.71667879622344,43.14214889850512,27.264280759933126,1164800,35.240002000000004
3436,2008-03-14,43.20218528717545,43.73050310601889,41.004855863296626,42.313649136310005,26.740691407061366,1667800,35.5
3437,2008-03-17,41.124926239181754,42.87798758762785,40.92080491915815,42.625835955940204,26.937976983870968,1638000,37.860001000000004
3438,2008-03-18,43.670467918076326,45.459554701907955,43.406311410110156,45.459554701907955,28.728801220790718,1552200,37.310001
3439,2008-03-19,45.5916347569827,46.324079899488595,44.79915442653423,44.79915442653423,28.31144985985445,1561000,38.029999
3440,2008-03-20,45.21940794649882,46.852397718332035,44.7751398710661,45.66367602193154,28.85779660621558,2661800,39.0
3441,2008-03-24,46.071923464889856,47.584842860837924,45.855792465676636,46.82838316286389,29.593851136408343,2272200,38.93
3442,2008-03-25,46.756338295731716,46.82838316286389,45.83177670948072,46.74433221872542,29.54071653097954,1537000,37.57
3443,2008-03-26,46.324079899488595,46.648271595397325,45.111342446892216,45.111342446892216,28.5087330352085,1678700,36.869999
3444,2008-03-27,45.111342446892216,46.095938020357984,44.270831804779704,44.270831804779704,27.977563487903222,1001100,35.23
3445,2008-03-28,42.841966955153424,43.8625843618214,42.30163945712038,42.30163945712038,26.733112413355627,1407100,35.810001
3446,2008-03-31,42.553791088808026,43.850578284815114,42.30163945712038,42.998062766424084,27.17322837214792,1600100,38.419998
3447,2008-04-01,43.44302105816417,45.86580240477045,43.35947679148881,45.853865122552065,28.977976961158724,2089900,38.950001
3448,2008-04-02,46.05676072859983,46.86833360487472,45.38840540170745,46.48641815070547,29.377726729284113,2525800,40.23
3449,2008-04-03,46.18804576972205,48.16923837945193,45.88967338873864,48.01408354785103,30.343163081495003,1894900,38.669998
3450,2008-04-04,47.297991026980355,47.56055514177719,46.14030499527518,46.152237503535474,29.166544725471674,1704300,39.610001000000004
3451,2008-04-07,46.7728532494705,47.32186201094856,46.53415892515235,47.27412123650169,29.875538370653988,1276100,38.93
3452,2008-04-08,47.11896640490078,47.25025025253349,46.19997827798234,46.462547166737274,29.36263863472254,1209600,37.34
3453,2008-04-09,46.462547166737274,46.653505490566666,44.56489882368276,44.56489882368276,28.163398878262576,1459500,37.639998999999996
3454,2008-04-10,44.45748476652873,45.185514569617794,43.717522455179385,44.92294448737332,28.389677331063254,1571900,37.139998999999996
3455,2008-04-11,44.39781148382157,45.10197030294243,44.194915877773795,44.3261997254065,28.012559704780216,1119500,36.450001
3456,2008-04-14,44.38587420160319,44.39781148382157,43.466886074684744,43.50269434087133,27.492131436931803,1167800,36.360001000000004
3457,2008-04-15,43.860740004561904,44.21878566825248,42.84627629619734,43.3952802837173,27.424249333279032,1394500,37.549999
3458,2008-04-16,43.860740004561904,44.82746771243769,43.693652664700714,44.815530430219304,28.321795227410476,2056700,37.419998
3459,2008-04-17,45.10197030294243,45.10197030294243,44.21878566825248,44.66037559861841,28.22374170859266,1203300,36.91
3460,2008-04-18,45.042297020235274,45.69871506490926,43.896543496790386,44.05169832839128,27.839077648049788,1157300,36.349998
3461,2008-04-21,43.717522455179385,44.05169832839128,43.001426353840145,43.38334180800939,27.41670528599824,1241000,36.060001
3462,2008-04-22,42.91788208716478,43.62204090628564,42.7269237633354,43.0372334265372,27.19797684792597,1134700,36.200001
3463,2008-04-23,42.989492652090334,44.0158948361628,42.87014131271791,43.20432195988791,27.303572027045522,1314900,37.32
3464,2008-04-24,43.0372334265372,44.743924639251865,43.0372334265372,44.54102903320408,28.148326299064813,1623200,37.470001
3465,2008-04-25,44.66037559861841,44.86327120466618,44.02782734442308,44.720053655283664,28.26145239708039,1307800,37.970001
3466,2008-04-28,44.5052255409756,45.56743002378703,44.18298217602399,45.31679841725049,28.63857718430057,1235100,37.560001
3467,2008-04-29,45.543560233308355,45.543560233308355,44.54102903320408,44.82746771243769,28.32934166167031,570800,36.98
3468,2008-04-30,44.52909533145428,45.853865122552065,44.135242595066636,44.135242595066636,27.891878818078144,1264300,38.200001
3469,2008-05-01,43.719346188979465,45.41178437908989,43.42346538651262,45.210587800458846,28.57145511282728,1347800,39.25
3470,2008-05-02,44.63065906057738,47.81434004569039,44.63065906057738,46.453285987296425,29.35680205862938,1605300,39.080002
3471,2008-05-05,46.40594387537852,46.7846713025361,45.932536958477975,46.25208940866539,29.229651426100485,1010000,39.779999
3472,2008-05-06,45.944371007053434,47.08055210500295,45.67216066878393,47.08055210500295,29.753210139019163,1562200,38.630001
3473,2008-05-07,46.83201341445401,47.40010337166716,45.69583231650449,45.71950278070184,28.8930704439695,1623500,38.580002
3474,2008-05-08,46.37043936260571,46.37043936260571,44.85553202102183,45.660327803731676,28.855675844630525,1263500,37.970001
3475,2008-05-09,45.09223192890247,45.57747644494811,44.64249665972249,44.93837746218934,28.399428830749844,1753400,39.529999
3476,2008-05-12,45.2342582646562,46.7965089016812,45.16324568854093,46.7846713025361,29.566224123569,1302100,39.830002
3477,2008-05-13,46.74916678976329,47.30542388192419,46.42961552309908,47.139731816065954,29.790610655974188,1305400,39.689999
3478,2008-05-14,46.60714518810241,47.51845924322353,46.488790500069236,46.97403501611489,30.1399204302273,1125400,40.560001
3479,2008-05-15,46.7846713025361,48.098382065488934,46.689991812793124,48.00370257574597,30.800590307009124,1128100,40.439999
3480,2008-05-16,47.79066839796983,48.264075314870375,47.38827050661491,47.86167742351545,30.70944836814044,722200,40.299999
3481,2008-05-19,47.743326286051925,48.80849954197903,47.42377501938772,47.69598417413402,30.603143129906943,1099000,39.689999
3482,2008-05-20,47.5657966210486,47.601304684391046,46.725496325565935,46.97403501611489,30.1399204302273,897900,38.580002
3483,2008-05-21,47.16339754617046,47.70782177327911,45.25792991237676,45.660327803731676,29.297008099020463,1131700,38.689999
3484,2008-05-22,45.5064686029257,46.41778147452362,45.5064686029257,45.790511806247466,29.38054235069611,1035100,37.959998999999996
3485,2008-05-23,45.02122408688006,45.28159564248126,44.737176149465455,44.92653986304424,28.826185996810256,929600,38.73
3486,2008-05-27,45.06856619879797,47.601304684391046,44.950211510764795,45.837853918165365,29.41091510683094,936200,39.369999
3487,2008-05-28,46.21658016179973,46.61897805315465,45.932536958477975,46.59530758895731,29.89691826125411,1246400,39.959998999999996
3488,2008-05-29,46.59530758895731,47.38827050661491,46.488790500069236,47.29358628277909,30.34495399110473,1068800,39.57
3489,2008-05-30,47.17523632883877,47.51845924322353,46.7965089016812,46.83201341445401,30.048802161822813,1031900,38.830002
3490,2008-06-02,45.251664299115696,45.94297664059136,44.52520165436557,45.49772813919521,29.19268014175902,1243700,38.950001
3491,2008-06-03,45.53287844246967,46.02499674890203,44.93529985248726,45.63833286744053,29.282883513447434,965600,39.310001
3492,2008-06-04,45.57974824750588,46.32964520891622,45.36883822584833,46.060150567323994,29.553551042588488,975900,40.470001
3493,2008-06-05,46.36479551219067,47.41934093361516,46.11873635897448,47.41934093361516,30.425646248223387,865900,38.169998
3494,2008-06-06,46.83348301711035,46.90378362365925,44.51348683946714,44.72439100254553,28.69647606221694,1224200,36.630001
3495,2008-06-09,44.79469629595777,45.36883822584833,42.79106222151133,42.919952134858214,27.53869427389347,1577000,36.779999
3496,2008-06-10,42.6738882947787,43.517524866261454,42.22863979338255,43.09570716637799,27.651466064241486,1155500,36.009997999999996
3497,2008-06-11,42.93166694975664,43.248031396385066,42.1349001833101,42.19348480324475,27.072581028658913,1029600,36.549999
3498,2008-06-12,42.873082329822,43.64641477960835,42.088030378273885,42.826212524785774,27.478552443616756,832600,37.200001
3499,2008-06-13,42.9668172530311,43.5878301596737,42.31065990169322,43.5878301596737,27.967228248931747,770800,38.0
3500,2008-06-16,44.09166796786784,44.59550577606197,43.517524866261454,44.52520165436557,28.568688733468914,1202400,36.799999
3501,2008-06-17,44.7126761876471,45.06418976583414,43.09570716637799,43.119141483038185,27.666502693526496,798300,36.240002000000004
3502,2008-06-18,42.76762790485114,43.54096035463748,42.39267883828805,42.4629841317003,27.24549230585198,1031100,36.93
3503,2008-06-19,42.62702317660581,43.27146571304527,42.20520430500652,43.27146571304527,27.764242541452827,843200,35.540001000000004
3504,2008-06-20,42.97853675479286,43.16601128807441,41.50217246176907,41.642781876877734,26.719227856614033,1439300,34.689999
3505,2008-06-23,42.111465866649915,42.1700551734479,40.52965066380276,40.646821075387884,26.080195132175582,958400,35.0
3506,2008-06-24,40.33045662875946,41.49045764687064,40.09611697730503,41.0100541553367,26.313261128519528,729000,35.529999
3507,2008-06-25,41.30298311358911,42.580153371569594,41.185813873719816,41.63106237511597,26.71171012782945,1323900,33.84
3508,2008-06-26,40.89288491546741,41.30298311358911,39.54540936407468,39.650863789045545,25.441156549157967,1127100,33.900002
3509,2008-06-27,39.93207793239952,40.07268266064484,39.053291057642305,39.721169082457784,25.48626526529717,1710000,34.060001
3510,2008-06-30,39.90864244402349,40.822579622055166,39.40480463582936,39.90864244402349,25.6065524409981,948100,34.279999
3511,2008-07-01,39.094066830885964,40.2246907549508,38.499610907289366,39.956605006323755,25.637331108754157,1370800,33.34
3512,2008-07-02,39.84004664399628,40.11978717982033,38.860946609445186,38.860946609445186,24.934330290374785,1066000,33.549999
3513,2008-07-03,39.32718705232674,39.65355139931989,38.616172766402684,39.105720452487674,25.09137910151206,973700,32.59
3514,2008-07-07,39.408777556277386,39.758456140045645,37.76528937816188,37.98675015002455,24.373420198914367,1578700,35.650002
3515,2008-07-08,37.98675015002455,41.84487285545816,37.85853466930951,41.553474035651284,26.66193365181575,2252700,32.439999
3516,2008-07-09,41.320353814210506,41.495189609308795,37.707004951819385,37.81190969254514,24.261232818883997,1606600,33.52
3517,2008-07-10,37.60210137668891,39.80508111681002,37.24077033691422,39.070753759706136,25.06894488917277,1925600,33.349998
3518,2008-07-11,37.450577487175174,39.979916911908305,37.368985817629245,38.872600231046896,24.941801756114632,2315400,31.610001
3519,2008-07-14,39.57196089536924,39.758456140045645,36.83281082358931,36.844467941976866,23.64048922495499,2063900,32.07
3520,2008-07-15,36.77452989403265,38.662793080785946,36.553069122169994,37.38064060482624,23.984520499595387,2822800,34.77
3521,2008-07-16,37.473890558355,40.78418115136114,36.93771556431506,40.527747858740526,26.00378960216217,2495000,35.900002
3522,2008-07-17,40.574372835504896,42.311107470363325,39.94495021912677,41.84487285545816,26.84889979698496,2387100,36.279999
3523,2008-07-18,41.97308367379206,42.56753959738867,40.97067639603753,42.287795564778776,27.133087078799257,1572500,37.209998999999996
3524,2008-07-21,42.13627167526504,43.70982297103162,41.97308367379206,43.37179917446036,27.828626921796292,1546500,39.610001000000004
3525,2008-07-22,43.24358252815005,46.55387428675146,42.61416457415304,46.16923017579695,29.62353408585041,3109800,40.400002
3526,2008-07-23,46.3207587276918,49.28136724014384,46.0643254350712,47.090051611981956,30.214361511342766,3557200,33.599998
3527,2008-07-24,44.164403964335065,45.17847069166772,38.75604303431471,39.163999050853775,25.507599188580855,3811400,33.919998
3528,2008-07-25,39.47871094184048,40.189725227764534,38.662793080785946,39.53698954020657,25.75052090072466,2753100,32.5
3529,2008-07-28,39.51368229700314,39.81673473841173,37.846879882112525,37.88184657489407,24.67253292827917,2044400,35.09
3530,2008-07-29,38.02171684280609,40.98233001763924,38.02171684280609,40.90073834809332,26.638747630521355,5260500,34.52
3531,2008-07-30,41.3786324125766,42.1712372024513,38.96585018457566,40.236349038933646,26.20602737667982,4062200,34.169998
3532,2008-07-31,39.57196089536924,40.597685906684724,39.32718705232674,39.828388360013456,25.94031128325544,3322300,35.610001000000004
3533,2008-08-01,42.562590369129026,44.66906884612436,40.795490338903456,41.67319019192921,27.14183929059365,7383700,35.330002
3534,2008-08-04,42.071080791967546,42.32853590472235,40.98273180394914,41.34551675039939,26.928421305131323,3942100,38.060001
3535,2008-08-05,41.6029718631542,44.71588067521886,41.6029718631542,44.540343045146656,29.00922881682536,5016900,37.709998999999996
3536,2008-08-06,44.52863803990671,44.73928717489936,43.7913689930986,44.130747439868365,28.742449020832005,3599200,37.139998999999996
3537,2008-08-07,43.55731920975782,44.704180351044805,43.11261678062497,43.46369555156879,28.30800514758132,3441200,39.049999
3538,2008-08-08,43.55731920975782,46.37766140414723,43.40518339830022,45.69890451060771,29.763799083136306,4162200,38.349998
3539,2008-08-11,45.48825654588153,46.28403774595821,44.3999087281296,44.87971681085054,29.23025821541313,5073000,37.810001
3540,2008-08-12,44.41161373336955,45.33612541548982,43.67434468656145,44.24777642747141,28.81867783820053,2991900,38.040001000000004
3541,2008-08-13,44.34139540459454,45.1371777749377,43.721156515655956,44.51693771573264,28.993979074445654,3255100,38.02
3542,2008-08-14,43.8615873218736,44.891422986356964,43.8147754927791,44.493531216052155,28.978737523931244,2847500,37.98
3543,2008-08-15,44.25947792191195,44.87971681085054,43.69775001597547,44.446720557224104,28.948252082369482,2266600,36.360001000000004
3544,2008-08-18,44.51693771573264,44.79779932816793,41.94235030992397,42.55089004495496,27.71349339673462,3073800,35.810001
3545,2008-08-19,42.1881050985047,42.1881050985047,41.22848776279635,41.907243486069405,27.29428756319893,2453200,35.689999
3546,2008-08-20,42.012568638698966,42.258323427279706,41.00613830362963,41.766809169052344,27.20281836558247,2212400,35.48
3547,2008-08-21,41.48594755661704,42.00086246319253,41.18167593370184,41.52105438047159,27.042753998785866,2134200,36.189999
3548,2008-08-22,41.72000202102371,42.714726180586624,41.134868785673206,42.35194240440285,27.583909790433896,2763500,34.860001000000004
3549,2008-08-25,41.96575680960446,42.08278111614161,40.701866680714424,40.795490338903456,26.57019220605151,1944500,35.400002
3550,2008-08-26,40.87740782158605,41.708295845517284,40.385893563358685,41.42743540334846,26.981774923797055,2545800,35.310001
3551,2008-08-27,41.64978369224872,41.684890516103266,40.83059599249154,41.3221102507189,26.91317741408397,1820300,36.189999
3552,2008-08-28,41.69659552134322,42.504078215860446,41.28699991606493,42.35194240440285,27.583909790433896,2023500,35.439999
3553,2008-08-29,41.801919503706316,42.31683558054828,41.38062357425396,41.47424255137709,27.01226153562528,2205500,35.470001
3554,2008-09-02,42.42231826233757,43.27779475553403,40.64104852753642,41.56684059725391,27.072569237395047,2414000,36.25
3555,2008-09-03,41.74262133534599,42.62153674467852,40.851989397663445,42.48091145107252,27.667902003962833,3592300,35.27
3556,2008-09-04,42.34028615746654,42.586381300192436,41.168398945023156,41.332461982878016,26.919920380989385,3156600,35.450001
3557,2008-09-05,40.934020330647265,41.67231044637381,40.359794424662795,41.543402853005034,27.05730892211461,4199800,36.799999
3558,2008-09-08,43.52388989825992,44.66062283810443,41.55511938135504,43.12544824602918,28.087694269317087,4754300,35.860001000000004
3559,2008-09-09,43.03169961280813,43.60592200313096,41.918405589099706,42.023876610106825,27.37024616766385,5277000,35.150002
3560,2008-09-10,42.26997175283272,42.52778811145748,40.48870201803157,41.191837861159236,26.828339739111357,3755000,35.209998999999996
3561,2008-09-11,40.27776231979176,41.32074076697915,39.68010218522007,41.262147578244196,26.87413474759922,3684700,35.709998999999996
3562,2008-09-12,40.76995729279241,42.16450190371281,40.3129224518267,41.84809118446588,27.255763333993045,3220600,32.919998
3563,2008-09-15,39.66837979743399,42.08246979884178,38.578524689861645,38.578524689861645,25.12627903288647,6776400,33.75
3564,2008-09-16,38.20352078187977,39.844165223074924,37.85195579003396,39.55119341996408,25.75978836917403,6267500,30.690001000000002
3565,2008-09-17,38.7308711993665,39.45744009919418,35.42615043216338,35.96521972177455,23.424223014210426,7225700,34.27
3566,2008-09-18,36.39881564660417,40.359794424662795,34.27770096396887,40.16057477043464,26.156673755186652,10892400,36.27
3567,2008-09-19,43.359826860405065,49.219262922621965,40.430108829296614,42.5043491953214,27.683169350566544,7986600,32.310001
3568,2008-09-22,41.90668437320084,42.129346459226724,37.75820715681292,37.86367700593282,24.660708165465326,3724300,32.970001
3569,2008-09-23,37.91054897876892,39.69181871357007,37.91054897876892,38.63712256614546,25.164442711846903,2731600,32.990002000000004
3570,2008-09-24,38.590245905760504,39.11759632324724,37.96914802693994,38.66056148228154,25.179700683352916,2647300,33.330002
3571,2008-09-25,38.918373153357436,40.090260365800816,38.613684821896584,39.05900313451229,25.439209247112434,3210900,35.18
3572,2008-09-26,37.84023926168396,41.40277755939905,37.84023926168396,41.22699213375812,26.85122552448317,2258600,31.709999
3573,2008-09-29,40.79339503704127,41.1098057562882,35.390994987677296,37.16054233469237,24.202742846052946,2592000,35.02
3574,2008-09-30,38.14492759314481,42.76216672583337,37.41835869331713,41.03949017976717,26.72911253317214,3660300,34.650002
3575,2008-10-01,40.94922040143509,41.95548800455736,39.90743506166974,41.02025350702997,26.71657125239989,1964200,32.209998999999996
3576,2008-10-02,41.671367420634155,41.99100574120043,38.0724755163386,38.13166661407932,24.835247576747797,2168900,30.959999
3577,2008-10-03,38.75910835043151,40.07317226626588,35.21940754387666,36.65185957442064,23.87143741336178,3457200,35.0
3578,2008-10-06,35.029992242800354,51.6985363698245,33.135839232037235,41.434597110443136,26.986450173373413,3773800,25.5
3579,2008-10-07,41.3280510035877,41.36356518869389,30.18806360903714,30.18806360903714,19.66155212392127,2556400,23.49
3580,2008-10-08,29.335695938039375,31.904640958886848,27.16925843197906,27.808533889265977,18.11175849820615,3697300,20.75
3581,2008-10-09,28.057142655774268,28.199202947735873,23.463820420828082,24.564796858334145,15.999105466886457,3120700,21.51
3582,2008-10-10,23.2625666634345,26.62468825753903,21.853789177833804,25.464519538446623,16.585107870745663,5180300,22.799999
3583,2008-10-13,26.82594201493261,27.524410937651513,25.630257926888394,26.991679219528752,17.579743006690588,3661600,22.07
3584,2008-10-14,28.104495297197715,28.507002811984872,25.07385047997673,26.127473092213712,17.016876498012216,3964400,19.77
3585,2008-10-15,25.926219334820132,25.985412800252114,22.646965751090857,23.404628139241737,15.243488763987202,3196400,20.35
3586,2008-10-16,23.736103732279652,24.399059653738004,22.161589042082806,24.091258605643368,15.690686451372057,3178800,19.9
3587,2008-10-17,23.463820420828082,25.10936466508291,22.49306700281199,23.55852807136624,15.343721422088628,1920400,20.82
3588,2008-10-20,23.890004848249784,24.695021061669742,23.274405119751773,24.647666052555028,16.053078173082522,1131700,19.629998999999998
3589,2008-10-21,24.45825075147872,25.239588868418505,23.156019372733443,23.23888856695433,15.135540983903814,1881700,17.5
3590,2008-10-22,23.120506371472906,23.120506371472906,19.74654513720547,20.717298555221568,13.493225086686707,2885700,13.52
3591,2008-10-23,19.1664619615049,19.782059322311646,15.36631629981577,16.00559294094832,10.79457793842723,4439200,12.22
3592,2008-10-24,14.774393483952297,15.603085426161156,13.519517114321733,14.46659361970329,9.756634177736837,3589100,10.5
3593,2008-10-27,14.66784737709687,14.845424221855911,12.288317657325708,12.430379133132941,8.383362590322895,3088100,12.43
3594,2008-10-28,12.797371278968294,14.750716571317756,11.838456317269468,14.715201202365948,9.924306969940853,4496100,12.35
3595,2008-10-29,14.170632211771553,15.55573160089208,14.170632211771553,14.620493551827792,9.860432578881024,3471300,13.05
3596,2008-10-30,15.34263938718123,15.76882381460293,14.46659361970329,15.449185494036657,10.41932255008242,2717200,14.63
3597,2008-10-31,15.887208377775625,17.82871521380782,15.520216231940271,17.319661592165232,11.680820168331234,3057300,15.22
3598,2008-11-03,18.261341979522182,18.840683959044366,17.75441774744027,18.369968600682594,12.389173918771332,2133900,16.469998999999998
3599,2008-11-04,18.913101706484643,20.095924914675766,18.382038225255975,19.87867046539249,13.406679479180887,2834600,15.07
3600,2008-11-05,19.673486847645048,19.97522746197952,17.959601365187716,18.188924232081913,12.267066733924915,4023300,13.5
3601,2008-11-06,18.188924232081913,18.345829351535837,16.185366552901026,16.293993174061434,10.989082984709896,2518600,14.24
3602,2008-11-07,16.390550170648464,17.513025255972696,15.992252559726962,17.187145392491466,11.5914477731058,2328400,13.32
3603,2008-11-10,17.46474675767918,18.225133105802044,15.630163822525596,16.076739931740615,10.84256136327645,2996700,14.1
3604,2008-11-11,15.883625938566553,17.15093651877133,15.38877133105802,17.01817064846416,11.477486377883958,3596200,13.08
3605,2008-11-12,16.692290784982937,16.716430034129694,15.630163822525596,15.787068941979522,10.647201212969284,4091500,15.26
3606,2008-11-13,15.91983481228669,18.852753583617748,14.905986348122866,18.418247098976106,12.421734144982937,3501100,12.09
3607,2008-11-14,17.645791126279864,17.802696245733788,14.36285324232082,14.592176109215016,9.84133410552901,3520400,10.69
3608,2008-11-17,14.338713993174062,14.688733105802047,12.733453924914677,12.902428668941978,8.701721360273037,3531900,10.16
3609,2008-11-18,12.902428668941978,13.192099658703071,11.804092832764503,12.262738566552901,8.270301078634812,3534200,8.9
3610,2008-11-19,12.226529692832766,12.68517542662116,10.52471262798635,10.741965870307167,7.244653349488054,5029600,7.92
3611,2008-11-20,10.80231399317406,11.44200409556314,9.414307167235494,9.55914266211604,6.44692961774744,6798800,9.0
3612,2008-11-21,9.957440273037541,11.695466211604094,8.460806825938565,10.862662116040955,7.326054518498294,6844300,11.48
3613,2008-11-24,10.947149488054608,14.181808873720136,10.947149488054608,13.855929010238908,9.344788543617748,5824400,11.07
3614,2008-11-25,13.855929010238908,15.895695563139931,11.671326962457337,13.361074402730376,9.011047733651877,8688300,11.87
3615,2008-11-26,13.083473037542662,14.435270989761094,12.516200682593857,14.326644368600682,9.662252257883958,9883100,11.47
3616,2008-11-28,14.121460750853242,14.616315358361774,13.72316313993174,13.84385938566553,9.33664878880546,1634300,9.86
3617,2008-12-01,13.537292368285861,13.781207546092817,11.122532107997031,12.025018265882757,8.109975992907701,4982600,10.96
3618,2008-12-02,12.415282550373881,13.842186340544552,12.17136737256693,13.366551743820997,9.014737879402364,6158200,11.93
3619,2008-12-03,13.24459415491752,14.708085221759235,12.488457103715968,14.549540356184716,9.81257710855357,4322300,10.98
3620,2008-12-04,14.183667589474288,15.220307095153835,13.19581111935613,13.390943261601693,9.03119117772133,3607600,11.59
3621,2008-12-05,12.98848321822022,14.244646383926025,12.866525629316746,14.134884553912896,9.532924698470232,5956200,12.08
3622,2008-12-08,14.354408213939154,15.134936782921402,13.537292368285861,14.73247673953993,9.935956722943663,5088200,11.09
3623,2008-12-09,14.208059107254982,14.756868257320624,13.268985672698216,13.525096609395515,9.121665415049376,3622600,12.8
3624,2008-12-10,13.890969376105945,15.720333209658088,13.75681602831212,15.61057137964496,10.528166920172387,4290800,10.15
3625,2008-12-11,15.256894371824878,15.256894371824878,12.220150408128319,12.378695273702839,8.348504304012787,4972000,11.52
3626,2008-12-12,12.207954649237971,14.220254866145329,12.195758890347625,14.049514241680463,9.475350959900682,5284800,11.12
3627,2008-12-15,14.220254866145329,14.305625178377763,13.110440807123696,13.561683886066557,9.146342313588105,4585000,13.57
3628,2008-12-16,14.025122723899768,16.598427849763116,13.476313573834126,16.549644814201727,11.161501216379362,6376800,14.09
3629,2008-12-17,16.02522718191678,18.549749272218737,15.45202651407044,17.183824276499802,11.589208919815631,4494100,12.41
3630,2008-12-18,17.635067355442665,17.635067355442665,14.93980464067584,15.134936782921402,10.20738553280724,4603400,13.36
3631,2008-12-19,15.525201067412526,17.074062446486675,15.122741024031054,16.293533877504426,10.988772683215368,5753000,13.28
3632,2008-12-22,16.537449055311377,16.964300616473544,15.391047719618701,16.195967806381645,10.922971685698386,4551100,12.86
3633,2008-12-23,16.22035932416234,16.769168474227982,15.61057137964496,15.683745932987044,10.57751339979451,2759200,11.08
3634,2008-12-24,13.305572949369257,13.64705419829899,13.025070494891263,13.512900850505167,9.55945169363263,1406100,11.44
3635,2008-12-26,13.659249957189338,14.025122723899768,13.268985672698216,13.951948170557682,9.870045963596667,1203300,10.78
3636,2008-12-29,14.086101518351507,14.086101518351507,12.805546834865005,13.147028083794737,9.300622322278668,2270800,11.28
3637,2008-12-30,13.256789913807866,13.829990581654204,13.110440807123696,13.75681602831212,9.732005827444489,2102100,11.55
3638,2008-12-31,13.720228751641077,14.878825846224101,13.427530538272734,14.086101518351507,9.964950920129576,2828900,11.64
3639,2009-01-02,14.53506074082494,14.692918543356871,13.891486622810133,14.13434478055157,9.999079928190849,1908400,11.4
3640,2009-01-05,14.170773504212784,14.547203648712012,13.563628109859195,13.842914991261846,9.792917638084143,2532000,12.7
3641,2009-01-06,14.401488754067149,15.652208266435546,13.757914636052345,15.421493016581179,10.909647447663431,3466100,11.87
3642,2009-01-07,15.020777056307809,15.372921385032893,14.267916767309359,14.41363166195422,10.19665961100297,2592800,11.91
3643,2009-01-08,14.085773149003282,14.705061451243944,13.757914636052345,14.462203293502508,10.23101675457865,2391700,12.08
3644,2009-01-09,14.486489109276652,15.28792102982339,14.207202227874,14.668632727582729,10.37705222199173,3951400,10.53
3645,2009-01-12,14.53506074082494,14.559346556599083,12.628624202554667,12.786482005086599,9.045561729230899,2941500,10.34
3646,2009-01-13,12.519338031571023,12.90791108395732,12.155050794958868,12.555766755232236,8.882347690029981,3170300,9.71
3647,2009-01-14,12.227908242281297,12.276479873829583,11.620762847927708,11.790763558346715,8.34115771415581,3510700,9.97
3648,2009-01-15,11.69362029525014,12.822910728747816,10.928617098364617,12.106479163410581,8.564504647504299,4588200,10.54
3649,2009-01-16,12.482909307909805,13.11434051803754,11.57219121637942,12.798624912973672,9.05414919368864,3488400,8.66
3650,2009-01-20,12.665052926215882,12.737910373538313,10.430757874994672,10.515758230204176,7.439177659140961,5257300,9.97
3651,2009-01-21,10.95290291413876,12.155050794958868,10.564329861752462,12.106479163410581,8.564504647504299,5357900,9.31
3652,2009-01-22,11.050046177235334,12.045764623975222,10.88004546681633,11.305047242863843,7.9975474210937625,4200400,9.84
3653,2009-01-23,10.940760006251688,12.057907531862293,10.68575894062318,11.948621360878645,8.452831180830053,3058600,9.81
3654,2009-01-26,12.070050439749364,12.397908952700304,11.511476676944062,11.912192637217432,8.427062716002899,3332100,9.71
3655,2009-01-27,12.155050794958868,12.397908952700304,11.438619229621631,11.790763558346715,8.34115771415581,2423700,10.45
3656,2009-01-28,12.397908952700304,12.750053281425386,11.900049729330359,12.689338741990024,8.976832870590075,4696000,9.47
3657,2009-01-29,12.264336965942512,12.44648058424859,11.390047598073346,11.49933376905699,8.134992995467528,5254600,8.89
3658,2009-01-30,11.645048663701852,11.85147809778207,10.625044401187822,10.795045111606827,7.636756127662296,3849300,8.94
3659,2009-02-02,10.427474374743749,10.971201312013122,10.403308733087332,10.802041820418204,7.641701494464947,4202300,8.92
3660,2009-02-03,10.28248052480525,11.007449774497745,10.28248052480525,10.777876178761788,7.624609136121363,3686300,8.66
3661,2009-02-04,10.63288232882329,11.285354653546536,10.439557195571957,10.463722837228374,7.402366187781878,3399500,7.73
3662,2009-02-05,10.306646166461665,10.306646166461665,9.21919229192292,9.340020500205004,6.607425322673228,5725800,7.25
3663,2009-02-06,11.079946699466996,11.079946699466996,7.612177121771218,8.760045100451006,6.197130184091841,9166500,7.34
3664,2009-02-09,8.820459204592048,8.892956129561297,8.470057400574007,8.86879048790488,6.274061504305044,3494500,6.37
3665,2009-02-10,8.747962279622799,8.86879048790488,7.563845838458385,7.696756867568677,5.4449286728167285,6703600,6.52
3666,2009-02-11,7.757170971709718,8.03507585075851,7.491348913489136,7.8779991799918,5.573144317753178,4622800,6.47
3667,2009-02-12,7.781336613366135,7.8779991799918,7.1288642886428875,7.81758507585076,5.530406172201722,5484300,5.87
3668,2009-02-13,7.720922509225093,7.853833538335384,7.080533005330055,7.092615826158262,5.017538759327594,4498100,5.32
3669,2009-02-17,6.89929069290693,6.89929069290693,6.355563755637557,6.428060680606807,4.547413116851169,5586900,5.43
3670,2009-02-18,6.766379663796638,6.766379663796638,6.222652726527266,6.560971709717098,4.64143921197212,5160200,5.11
3671,2009-02-19,6.645551455514556,6.911373513735138,6.1259901599016,6.174321443214433,4.367910730627307,3795900,5.58
3672,2009-02-20,5.993079130791308,6.875125051250514,5.9205822058220585,6.742214022140222,4.76965485690857,5631500,5.21
3673,2009-02-23,6.778462484624848,6.850959409594097,6.234735547355474,6.295149651496516,4.453387021730218,5371900,5.66
3674,2009-02-24,6.186404264042641,6.935539155391555,6.186404264042641,6.838876588765889,4.838036373103733,5943900,5.47
3675,2009-02-25,6.75429684296843,6.947621976219763,6.283066830668307,6.609302993029931,4.675627553505535,4624800,5.17
3676,2009-02-26,6.778462484624848,6.838876588765889,6.162238622386224,6.246818368183682,4.419197471914719,5231000,5.22
3677,2009-02-27,6.150155801558016,6.524723247232473,5.9205822058220585,6.307232472324723,4.461935617466175,7922200,4.99
3678,2009-03-02,6.219611017869484,6.472734722085103,5.930326784480206,6.014701352552078,4.254988976898016,5138800,5.1
3679,2009-03-03,6.183450488695824,6.713804916576168,5.906219765031099,6.147289959522165,4.348786978872544,5199600,5.41
3680,2009-03-04,6.496841741534209,6.749965445749827,6.207557508144931,6.520948760983315,4.613125268535887,5070200,4.98
3681,2009-03-05,6.328092605390463,6.328092605390463,5.918273274755653,6.002647842827526,4.246462324118867,5741200,4.94
3682,2009-03-06,6.111129430348504,6.183450488695824,5.508453944120842,5.954433803929312,4.2123533023003255,6280600,5.12
3683,2009-03-09,6.014701352552078,6.255771547043144,5.641042551090927,6.171396978971271,4.365841489781815,4555300,5.81
3684,2009-03-10,6.291932076216804,7.0030891499654455,6.147289959522165,7.0030891499654455,4.954203433211571,7988700,5.46
3685,2009-03-11,7.0151426596899995,7.063356698588213,6.412467173462336,6.581216309606082,4.6557609431335765,5860000,6.0
3686,2009-03-12,6.557109290156975,7.4611225194984705,6.412467173462336,7.232105834731958,5.11621947882318,6864900,5.85
3687,2009-03-13,7.2923733833547235,7.2923733833547235,6.593269819330635,7.051303188863659,4.988313660381084,3461800,5.01
3688,2009-03-16,7.280319873630171,7.352640931977491,6.014701352552078,6.038808372001185,4.272043487807286,4836800,5.67
3689,2009-03-17,6.062915391450292,6.8343400138217,5.930326784480206,6.8343400138217,4.834827883601541,5734000,6.0
3690,2009-03-18,6.641483858228848,7.340587422252938,6.267825056767697,7.232105834731958,5.11621947882318,6114600,5.45
3691,2009-03-19,7.38880146115115,7.56960410701945,6.569162799881529,6.569162799881529,4.647230674301511,4944700,5.11
3692,2009-03-20,6.569162799881529,6.6535373679534,6.1231829400730575,6.159343469246718,4.357314837002666,5125400,6.15
3693,2009-03-23,6.436574192911442,7.42496199032481,6.376306644288676,7.412908480600257,5.244124091914306,6780200,5.54
3694,2009-03-24,7.220052325007405,7.352640931977491,6.629430348504295,6.677644387402508,4.723976576068714,5208900,5.59
3695,2009-03-25,6.749965445749827,7.220052325007405,6.147289959522165,6.737911936025274,4.766611045315431,6240600,5.74
3696,2009-03-26,6.762018955474381,6.954875111067232,6.388360154013229,6.918714581893574,4.894516863757528,4518500,5.45
3697,2009-03-27,6.810232994372594,6.810232994372594,6.448627702635995,6.569162799881529,4.647230674301511,3762200,4.99
3698,2009-03-30,6.376306644288676,6.400413663737782,6.014701352552078,6.014701352552078,4.254988976898016,4238800,5.48
3699,2009-03-31,6.171396978971271,6.894607562444466,6.050861881725738,6.605323329055189,4.67281183798993,6849500,5.52
3700,2009-04-01,6.396499155880698,6.769227490151941,6.228170230725943,6.636969048958919,4.695199911691052,4010500,5.85
3701,2009-04-02,6.901485931344964,7.105885340461453,6.793274479459764,7.033744372537985,4.975892001435002,5766500,6.41
3702,2009-04-03,7.009697383230163,7.731107062464828,6.661016038266741,7.707060073157006,5.452217170343276,6763300,6.4
3703,2009-04-06,7.5507546426561625,7.935506471581316,7.346355233539674,7.695036578503095,5.4437117502250985,4546100,6.05
3704,2009-04-07,7.514684158694429,7.815271525042206,7.262190770962296,7.274214265616206,5.146008820244795,4964300,6.04
3705,2009-04-08,7.514684158694429,7.695036578503095,7.141955824423185,7.262190770962296,5.1375021977771524,4592800,7.08
3706,2009-04-09,7.658966094541362,8.512634214969049,7.52670765334834,8.512634214969049,6.022105567599888,8803800,6.69
3707,2009-04-13,8.224070343275182,8.476563731007316,7.875388998311761,8.043717923466517,5.690378552447946,7736800,6.13
3708,2009-04-14,8.007647439504783,8.236093837929094,7.3704022228474955,7.3704022228474955,5.21405458588914,7014000,6.74
3709,2009-04-15,7.346355233539674,8.139905880697805,7.214096792346651,8.103835396736072,5.73290805773776,8225100,6.99
3710,2009-04-16,8.115858891389983,8.692986634777716,7.646942599887451,8.40442276308385,5.9455531794879,8708000,6.89
3711,2009-04-17,8.163952870005627,8.620845666854247,7.875388998311761,8.284187816544739,5.8604941689082715,8367500,5.91
3712,2009-04-20,7.875388998311761,8.07978840742825,7.069814856499718,7.105885340461453,5.026928129192459,8821800,6.81
3713,2009-04-21,7.105885340461453,8.332281795160382,7.009697383230163,8.187999859313448,5.792449605613394,8650000,6.79
3714,2009-04-22,7.959553460889139,8.72905711873945,7.959553460889139,8.163952870005627,5.77543876537704,8161800,7.01
3715,2009-04-23,8.127882386043893,8.464540236353406,7.911459482273495,8.42846975239167,5.96256522207372,4913300,7.35
3716,2009-04-24,8.512634214969049,9.017620990433315,8.187999859313448,8.837268570624648,6.25176152958638,6482300,6.75
3717,2009-04-27,8.596798677546428,8.680963140123803,7.851342009003939,8.115858891389983,5.741413477855938,4579500,6.87
3718,2009-04-28,8.091811902082162,8.584775182892516,7.935506471581316,8.260140827236917,5.843483328671918,2813000,7.19
3719,2009-04-29,8.488587225661226,8.717033624085538,8.416446257737759,8.644892656162071,6.115668795948228,3369300,7.3
3720,2009-04-30,8.777151097355093,9.18594991558807,8.596798677546428,8.777151097355093,6.209232024296567,3808700,7.27
3721,2009-05-01,8.751869014664074,9.039601694598236,8.368225441418526,8.715902429672303,6.1659027247961244,5210400,8.41
3722,2009-05-04,8.727891291336226,10.106610382687416,8.655958121352686,10.08263265935957,7.132772048065053,7107800,8.18
3723,2009-05-05,9.914788596064641,10.118599244351339,9.591089331138711,9.80688884108933,6.937701279931356,5086300,8.98
3724,2009-05-06,10.118599244351339,10.921852975834206,10.022688351039951,10.765997774203203,7.616204911370268,6283600,8.23
3725,2009-05-07,10.825942082522818,11.233563379096214,9.722966809441866,9.866833149408949,6.9801094802951535,5658300,9.45
3726,2009-05-08,10.250476722654499,11.365440857399372,10.142576967679188,11.329474272407602,8.014828567264889,5859500,8.82
3727,2009-05-11,10.478265094269041,11.029752730809516,10.478265094269041,10.574175987580428,7.48050298619632,5361300,8.63
3728,2009-05-12,10.706053465883587,10.825942082522818,9.962744042720336,10.346387615965885,7.3193606965715245,3691000,7.7
3729,2009-05-13,10.022688351039951,10.106610382687416,9.111534864581774,9.23142348122101,6.60716117053999,4272200,8.01
3730,2009-05-14,9.087557141253928,9.722966809441866,8.787835599655844,9.603078192802634,6.873161640935956,4496700,7.77
3731,2009-05-15,9.4831895761634,9.722966809441866,9.063579417926082,9.315345512868472,6.66722416859008,4656500,8.85
3732,2009-05-18,9.531145022819093,10.64610915756397,9.435234129507705,10.6101425725722,7.593942794146529,5267200,8.81
3733,2009-05-19,10.514231679260812,10.945830699162055,10.178543552670957,10.562187125916505,7.559619882088883,4584300,8.97
3734,2009-05-20,10.777986635867126,11.437374027382912,10.73003118921143,10.75400891253928,7.696912729205634,4505400,9.25
3735,2009-05-21,10.442298509277272,11.365440857399372,10.406331924285501,11.089697039129133,7.937175511381492,4011600,8.91
3736,2009-05-22,11.161630209112676,11.269529964087985,10.598153710908276,10.682075742555739,7.645426562789915,2851100,9.29
3737,2009-05-26,10.574175987580428,11.365440857399372,10.466276232605118,11.137652485784827,7.971494826780637,6110100,8.75
3738,2009-05-27,11.041741592473443,11.089697039129133,10.430309647613347,10.490253955932966,7.50813851121783,4333000,9.04
3739,2009-05-28,10.789975497531051,10.89787525250636,10.310421030974114,10.837930944186741,7.75697692614189,3085600,9.45
3740,2009-05-29,10.658098019227893,11.35345199573545,10.502242817596889,11.329474272407602,8.108790071669722,4618200,10.13
3741,2009-06-01,11.470719263026618,12.540527277194904,11.280531171618923,12.041283537249704,8.618247362529152,6013600,9.91
3742,2009-06-02,12.053170292962685,12.160151094379513,11.637133843008352,11.779774911564123,8.431079695748124,4185600,10.16
3743,2009-06-03,11.637133843008352,12.11260407152759,11.25675766019296,12.076943804388646,8.643768227044921,3407000,10.81
3744,2009-06-04,12.183924605805476,12.944676971436257,12.053170292962685,12.849582925732408,9.196768631026506,4266900,10.71
3745,2009-06-05,13.134865062843952,13.194298841408855,12.659394834324715,12.730715368602601,9.111691554361988,3977500,10.86
3746,2009-06-08,12.611847811472789,13.111091551417989,12.457319987204038,12.909016704297313,9.239308952372122,3059900,10.84
3747,2009-06-09,13.015997505714141,13.039771017140104,12.62373456718577,12.88524319287135,9.222290684217846,2624600,10.54
3748,2009-06-10,13.087318039992027,13.170525329982894,12.183924605805476,12.528640521481922,8.967059454224291,2918000,10.34
3749,2009-06-11,12.51675376576894,12.837696170019429,12.267131895796341,12.290905407222304,8.79691005559754,2053600,10.92
3750,2009-06-12,12.24335838437038,12.9803372385752,12.172037850092494,12.9803372385752,9.290353058754805,2230400,9.78
3751,2009-06-15,12.718828612889617,12.718828612889617,11.589586820156427,11.625247087295369,8.320478188541122,4091400,9.63
3752,2009-06-16,11.767888155851141,11.946189491545857,11.149776858776132,11.446945751600657,8.192866733908843,3266100,9.13
3753,2009-06-17,11.399398728748732,11.589586820156427,10.674306630256893,10.85260796595161,7.767481350586251,4104100,9.11
3754,2009-06-18,10.935815255942474,11.00713579022036,10.662419874543914,10.828834454525646,7.75046664845869,2732200,9.09
3755,2009-06-19,10.95958876736844,11.030909301646323,10.555439073127086,10.805060943099685,7.7334531350067,2838900,8.47
3756,2009-06-22,10.602986095979007,10.757513920247762,9.984874798904,10.068082088894865,7.205977161567599,3665600,8.53
3757,2009-06-23,10.103742356033807,10.448458271710257,9.984874798904,10.13940262317275,7.257023645301424,2894300,8.45
3758,2009-06-24,10.234496668876599,10.579212584553046,9.913554264626114,10.044308577468904,7.188961270764467,2953100,8.73
3759,2009-06-25,9.937327776052074,10.37713773743237,9.628272127514569,10.37713773743237,7.427177798630462,3939200,9.16
3760,2009-06-26,10.35336422600641,10.95958876736844,10.151289378885732,10.888268233090551,7.793006969804305,3184300,8.98
3761,2009-06-29,10.95958876736844,10.95958876736844,10.519778805988143,10.674306630256893,7.639866329927258,2471600,8.85
3762,2009-06-30,10.709966897395836,10.900154988803532,10.4841185388492,10.519778805988143,7.529267200071399,2147100,8.98
3763,2009-07-01,10.619824751220102,10.822220514416001,10.619824751220102,10.691258549995124,7.651999239850291,1533800,8.42
3764,2009-07-02,10.524579686186737,10.715069816253466,9.90548676346987,10.024543094761576,7.1748178923431984,3024600,8.57
3765,2009-07-06,10.060259994149087,10.274561390474158,9.845958597824017,10.203127591699133,7.302632007364721,2747500,8.05
3766,2009-07-07,10.11978815979494,10.191221958569963,9.548317769594753,9.584034668982268,6.85953529694313,2447900,7.77
3767,2009-07-08,9.643562834628119,9.726902266532313,8.857791048102865,9.25067694136549,6.620939265654676,4050400,7.55
3768,2009-07-09,9.41735580517388,9.44116707143222,8.941130480007057,8.988753012523741,6.4334743569660695,2148800,7.49
3769,2009-07-10,8.881602314361206,9.072092444427934,8.762545983069502,8.91731921374872,6.38234680605616,1755300,7.86
3770,2009-07-13,9.024469911911252,9.381638905786367,8.869696681232035,9.357827639528027,6.69763059201954,2797300,7.9
3771,2009-07-14,9.393544538915538,9.44116707143222,8.988753012523741,9.40545017204471,6.73171403854173,1847000,8.29
3772,2009-07-15,9.524506503336415,9.988826195374065,9.488789603948902,9.86976986408236,7.064041928892831,2641600,8.39
3773,2009-07-16,9.750713532790652,10.10788252666577,9.524506503336415,9.988826195374065,7.149250545198305,1917700,8.01
3774,2009-07-17,10.048354361019916,10.10788252666577,9.488789603948902,9.536412136465584,6.82544708816769,1703000,8.5
3775,2009-07-20,9.595940302111437,10.14359942605328,9.595940302111437,10.11978815979494,7.24298597595089,1812400,8.29
3776,2009-07-21,10.286467023603327,10.286467023603327,9.679279734015632,9.86976986408236,7.064041928892831,1635900,8.45
3777,2009-07-22,9.786430432178166,10.215033224828305,9.714996633403143,10.060259994149087,7.200378096108214,1543500,8.77
3778,2009-07-23,10.060259994149087,10.57220221870342,10.060259994149087,10.441240254282542,7.473058764482171,2871800,8.95
3779,2009-07-24,10.393617721765862,10.738881082511806,10.298372656732498,10.655541650607613,7.626435464395336,1718600,9.09
3780,2009-07-27,10.59601348496176,10.881748680061854,10.488862786799226,10.822220514416001,7.745734670602876,1981900,9.12
3781,2009-07-28,10.715069816253466,10.917465579449365,10.655541650607613,10.857937413803512,7.771296064931206,1589400,8.83
3782,2009-07-29,10.715069816253466,10.917465579449365,10.417428988024204,10.512674053057568,7.524185124828769,1511400,9.16
3783,2009-07-30,10.81031488128683,11.131766975774433,10.56029658557425,10.905559946320196,7.805383083143334,2917600,9.38
3784,2009-07-31,10.917465579449365,11.334162738970331,10.917465579449365,11.167483875161947,7.992846801268627,2785100,9.34
3785,2009-08-03,11.308798799077069,11.308798799077069,10.940550098686955,11.0949769730441,7.940952987981505,2224900,10.14
3786,2009-08-04,11.04746101170344,12.282876006560597,11.023703031033108,12.0452961998573,8.621121404491413,5506400,10.95
3787,2009-08-05,12.009659228851802,13.055010378346322,12.009659228851802,13.007494417005661,9.309790426485169,4206300,10.99
3788,2009-08-06,13.173800281697972,13.672717875774902,13.043131388011156,13.055010378346322,9.343797600016678,3519600,12.09
3789,2009-08-07,13.233195233373797,14.765584986610081,13.138163310692478,14.361699315214471,10.279026945407118,5046400,11.32
3790,2009-08-10,14.266667392533149,14.302304363538644,13.423259078736438,13.447017059406766,9.624365096944874,3373900,10.93
3791,2009-08-11,13.45889604974193,13.45889604974193,12.781793600637526,12.983736436335333,9.292784463921349,2781600,11.36
3792,2009-08-12,13.01937340734083,13.648959895104571,12.948099465329838,13.494533020747426,9.65837108257735,3103200,11.5
3793,2009-08-13,13.743991817785892,13.98157162448919,13.45889604974193,13.660838885439738,9.777403317331839,1981700,11.29
3794,2009-08-14,13.542048982088087,13.589564943428746,13.173800281697972,13.411380088401271,9.598859716796243,2589200,10.53
3795,2009-08-17,13.055010378346322,13.055010378346322,12.461060861588074,12.508576822928731,8.952702037514943,3028600,10.63
3796,2009-08-18,12.591729755274887,12.81743057164302,12.484818842258402,12.627366726280382,9.037722347141784,1896400,10.69
3797,2009-08-19,12.282876006560597,12.81743057164302,12.259118025890269,12.698640668291372,9.175045851214358,2696700,11.26
3798,2009-08-20,12.710519658626536,13.375743117395777,12.591729755274887,13.375743117395777,9.664267813379727,2490400,11.95
3799,2009-08-21,13.613322924099077,14.326062344208976,13.553927972423253,14.19539345052216,10.256482997549043,3605900,12.13
3800,2009-08-24,14.397336286219964,14.765584986610081,14.266667392533149,14.40921527655513,10.410975206353031,3693000,12.3
3801,2009-08-25,14.45673123789579,14.848737918956235,14.361699315214471,14.611158112252937,10.55688365674083,2805100,12.46
3802,2009-08-26,14.57552114124744,14.991285802978213,14.444852247560625,14.801221957615576,10.69420953661147,2457600,12.55
3803,2009-08-27,14.729948015604586,15.003164793313381,14.397336286219964,14.90813287063206,10.771452671265882,2365300,12.56
3804,2009-08-28,15.062559744989205,15.110075706329866,14.658674073593597,14.920011860967227,10.780038805480139,2266000,12.17
3805,2009-08-31,14.634916092923266,14.8606169092914,14.361699315214471,14.45673123789579,10.44530667632069,2963600,11.53
3806,2009-09-01,14.38833665942797,14.578281697836262,13.652299635595849,13.687914330297403,9.889822015701327,4078300,11.36
3807,2009-09-02,13.557327116391704,13.723529024998957,13.426739902486004,13.486097726988595,9.744002396871773,3439500,11.65
3808,2009-09-03,13.604813375993778,13.830373109103622,13.177437039575121,13.830373109103622,9.992748483388818,3093200,11.63
3809,2009-09-04,13.759143719700512,13.842244674004139,13.58107024619274,13.806629979302585,9.97559288495108,3680200,12.31
3810,2009-09-08,13.913474063407248,14.613896392537818,13.901602498506731,14.613896392537818,10.558860675860887,2449800,12.68
3811,2009-09-09,14.435822919030045,15.053144293856988,14.435822919030045,15.053144293856988,10.876230343285378,2312200,13.36
3812,2009-09-10,14.934428644851806,15.896025401793777,14.803841430946107,15.86041070709222,11.459494572725713,2539200,13.07
3813,2009-09-11,15.931640096495329,16.311530173311912,15.42116280577305,15.516135324977194,11.210748486208667,3546100,13.56
3814,2009-09-14,15.361804981270458,16.09784200510258,15.23121776736476,16.09784200510258,11.631044621320651,2234800,14.21
3815,2009-09-15,16.109713570003102,17.106925021646624,15.979126356097403,16.86949372363626,12.188581982465076,4578200,15.46
3816,2009-09-16,16.976337807740926,18.448411855405173,16.786392769332636,18.35343933620103,13.26076355361186,5743100,14.8
3817,2009-09-17,18.400925595803102,18.887659756724343,17.320613189855948,17.569916052766832,12.694650173983302,5989600,14.99
3818,2009-09-18,17.629273877269423,18.104136473290147,17.13066815144766,17.795475785876675,12.857620642624635,3227100,14.53
3819,2009-09-21,17.498686663363724,17.78360422097616,17.21376910575129,17.24938380045284,12.463057311591013,3063400,15.27
3820,2009-09-22,17.498686663363724,18.18723742759377,17.39184257925906,18.127879603091184,13.097790710657549,2551300,14.61
3821,2009-09-23,18.18723742759377,18.199108992494292,17.344356319656985,17.344356319656985,12.53167733102899,2935600,13.87
3822,2009-09-24,17.581787617667352,17.676760136871497,16.311530173311912,16.465860517018644,11.896946306275439,3288600,13.8
3823,2009-09-25,16.38275956271502,16.57270460112331,16.09784200510258,16.38275956271502,11.836902305321596,2986000,14.28
3824,2009-09-28,16.38275956271502,17.035695632243517,16.38275956271502,16.95259467793989,12.248621234792955,2745400,14.68
3825,2009-09-29,17.01195250244248,17.522429793164758,16.86949372363626,17.427457273960613,12.59172014482634,3597300,14.75
3826,2009-09-30,17.54617292296579,17.70050326667253,17.08318189184559,17.51055822826424,12.6517617714672,5762600,13.95
3827,2009-10-01,17.398828876337443,17.434409303487417,16.509318197588087,16.54489862473806,11.954050990715942,4725200,14.09
3828,2009-10-02,16.24839506515494,17.220926740587572,16.011192217488446,16.71094061810461,12.074022260994465,3908300,14.36
3829,2009-10-05,16.34327620422154,17.1853463134376,16.24839506515494,17.031164462454374,12.30538991860836,3162200,14.55
3830,2009-10-06,17.197206455820922,17.849514286903787,16.96000360815443,17.25650716773755,12.468205953246644,3072700,14.52
3831,2009-10-07,17.078605031987678,17.422549161104094,16.829542041937856,17.220926740587572,12.44249790861655,2387900,15.15
3832,2009-10-08,17.458129588254067,18.169738131253556,17.446269445870744,17.968115710737035,12.982362101791587,2902800,15.39
3833,2009-10-09,17.790213574987163,18.3832206941534,17.742773005453866,18.252759127936827,13.18802171477539,2450800,15.47
3834,2009-10-12,18.47810183322,18.584843114669923,18.20531855840353,18.347640267003428,13.256569779708295,1088500,15.3
3835,2009-10-13,18.264619270320154,18.40694097892005,17.873234571670437,18.14601784648691,13.110895208856633,1954200,15.96
3836,2009-10-14,18.003696137887008,19.035527339222025,18.003696137887008,18.92878724378634,13.676463888619049,3331700,15.68
3837,2009-10-15,18.88134667425304,18.88134667425304,18.48996197560332,18.596703257053246,13.436527278133196,2553100,15.07
3838,2009-10-16,18.27647941270348,18.40694097892005,17.86137442928711,17.873234571670437,12.913805734759016,3069500,15.25
3839,2009-10-19,18.193458416020203,18.40694097892005,18.05113670742031,18.086717134570282,13.06805044449687,3416900,14.82
3840,2009-10-20,18.122297561720252,18.122297561720252,17.493710015404044,17.576731012087315,12.699575982889021,2091200,14.63
3841,2009-10-21,17.493710015404044,18.11043741933693,17.268367310120873,17.351388306804147,12.536761134264976,2446400,14.86
3842,2009-10-22,17.351388306804147,17.659752008770592,16.924423181004453,17.624171581620615,12.733854166405305,2025200,14.41
3843,2009-10-23,17.493710015404044,17.719052720687213,17.031164462454374,17.090465174371,12.348238241010838,2105900,14.19
3844,2009-10-26,17.268367310120873,17.56487086970399,16.79396161478788,16.829542041937856,12.1597153477567,2373300,13.76
3845,2009-10-27,16.900702896237803,16.971863750537754,16.28397549230492,16.319555919454892,11.791237328106135,2568700,12.68
3846,2009-10-28,16.106073356555044,16.260255207538265,14.95563954537254,15.038660542055814,10.865765511636297,7073700,13.18
3847,2009-10-29,15.133541681122413,15.809569796971925,15.07424096920579,15.631667661222052,11.294223829362048,6132100,12.35
3848,2009-10-30,15.240282962572335,15.335164101638934,14.244031002373054,14.647275843406097,10.582978206719494,9315300,12.29
3849,2009-11-02,14.708027042019138,14.945062127305505,13.985070031895717,14.565805990847315,10.524113640576896,5267600,12.58
3850,2009-11-03,14.352474414089585,14.945062127305505,14.2339568714464,14.90950686451255,10.772445818028013,3964500,12.63
3851,2009-11-04,15.05172791568437,15.300614755235058,14.862099847455275,14.968765635834142,10.815262650658717,5884000,12.77
3852,2009-11-05,15.087283178477326,15.34802177229233,14.814692830398002,15.1346901955346,10.93514551539315,3510500,12.55
3853,2009-11-06,14.82654458466232,15.158393704063236,14.636916516433226,14.873951601719597,10.746755955484677,2761000,13.34
3854,2009-11-09,15.158393704063236,15.869498959922343,15.016172652891417,15.810240188600748,11.423245792663984,3461600,13.22
3855,2009-11-10,15.750981417279156,15.857647205658024,15.490242823464152,15.668019137428928,11.320488712841492,3397400,13.5
3856,2009-11-11,15.750981417279156,16.118385799473028,15.632463874635972,15.999868256829842,11.560259183012064,2384000,13.28
3857,2009-11-12,15.857647205658024,16.201348079323257,15.691722645957563,15.739129663014838,11.371866067577312,2064900,13.48
3858,2009-11-13,15.869498959922343,16.130237553737345,15.608760366107337,15.976164748301207,11.543132212924696,2032700,14.01
3859,2009-11-16,16.24875509638053,16.98356386076827,16.09468229094439,16.60430772431008,11.996977364845376,2397100,13.74
3860,2009-11-17,16.41467965608099,16.699121758424628,16.284310359173485,16.284310359173485,11.765769787130774,2089600,13.77
3861,2009-11-18,16.22505158785189,16.355420884759397,15.88135071418666,16.31986562196644,11.87791227115518,2091400,13.11
3862,2009-11-19,16.153941062265982,16.153941062265982,15.466539314935517,15.537649840521425,11.30859547743725,2483300,13.38
3863,2009-11-20,15.679870891693247,15.916905976979614,15.442835806406878,15.857647205658024,11.541496670836223,2312700,13.6
3864,2009-11-23,16.22505158785189,16.47393842740258,15.95246123977257,16.118385799473028,11.731268145291915,1958300,13.11
3865,2009-11-24,15.964312994036888,15.964312994036888,15.217652475384828,15.537649840521425,11.30859547743725,2650200,13.29
3866,2009-11-25,15.537649840521425,15.928757731243932,15.525798086257106,15.750981417279156,11.463862939703231,966700,12.85
3867,2009-11-27,15.170245458327557,15.549501594785742,15.028024407155733,15.229504229649146,11.08432473149355,847500,13.51
3868,2009-11-30,15.20580072112051,16.047275273887116,15.20580072112051,16.011720011094162,11.65363559933435,2621600,13.86
3869,2009-12-01,16.229932206215356,16.56236680882986,16.051842240529012,16.455512829418055,11.976634488323633,2788400,14.23
3870,2009-12-02,16.348658850006252,16.989782726477088,16.348658850006252,16.89480141144437,12.296357029187448,2738600,14.15
3871,2009-12-03,16.918546740202547,17.440943972882483,16.728584110137117,16.799820096411654,12.227228440840198,3173800,14.78
3872,2009-12-04,17.108509370267978,17.583415945431558,17.108509370267978,17.547797952294292,12.771620971548836,3662300,14.6
3873,2009-12-07,17.440943972882483,17.619033938568826,17.191618020921606,17.33408999347068,12.616081944584137,2723000,14.66
3874,2009-12-08,17.084764041509803,17.60716127418974,17.04914604837253,17.405325979745218,12.667927495394744,2396700,14.71
3875,2009-12-09,17.500307294777937,17.619033938568826,17.262854007196143,17.464689301640668,12.71113449560313,1809100,14.62
3876,2009-12-10,17.55967061667338,17.583415945431558,17.215363349679784,17.35783532222886,12.633363794854342,2411000,14.85
3877,2009-12-11,17.393453315366127,17.678397260464276,17.33408999347068,17.630906602947917,12.832108634760985,1274200,15.35
3878,2009-12-14,17.702142589222454,18.272030479418753,17.429071308503396,18.224539821902393,13.264167951446868,2062200,15.19
3879,2009-12-15,17.963341205562426,18.272030479418753,17.856487226150616,18.03457719183696,13.12591077475237,2734700,15.27
3880,2009-12-16,18.093940513732406,18.37888445883056,18.03457719183696,18.129558506869675,13.195041737632495,2047300,15.14
3881,2009-12-17,17.99895919869969,18.153303835627856,17.892105219287888,17.975213869941516,13.08270377454399,1823300,15.42
3882,2009-12-18,18.04644985621605,18.37888445883056,17.82086923301335,18.307648472556018,13.324655614659017,2802700,15.62
3883,2009-12-21,18.31952113693511,18.901281691510494,18.260157815039662,18.545101760137808,13.49747649189392,2101200,15.87
3884,2009-12-22,18.497611102621452,18.901281691510494,18.497611102621452,18.841918369615048,13.713505556603643,2280500,16.26
3885,2009-12-23,18.794427712098692,19.435552775835966,18.794427712098692,19.30495228039954,14.050511135004097,1610200,16.66
3886,2009-12-24,19.435552775835966,19.803604184321298,19.411806259811346,19.77985885556312,14.396157638539655,526500,16.73
3887,2009-12-28,19.79173151994221,20.290383423863968,19.79173151994221,19.862967506216748,14.456642927218928,1468800,16.030001000000002
3888,2009-12-29,19.910458163733104,19.99356681438673,18.984390342164122,19.03188218694692,13.935060159315395,2085400,15.94
3889,2009-12-30,18.984390342164122,19.03188218694692,18.592592417654167,18.925027020268672,13.856818113790755,2001800,15.92
3890,2009-12-31,19.03188218694692,19.38806093105316,18.865663698373226,18.901281691510494,13.839432971340456,1705200,15.96
3891,2010-01-04,19.10904830469756,19.345692865746447,18.706752550914455,18.884235971701116,13.826953569660384,1938700,16.360001
3892,2010-01-05,19.014390480278006,19.36935850507414,18.801410375334008,19.357526277021698,14.173492315191957,2070700,16.65
3893,2010-01-06,19.357526277021698,19.98463199735563,19.357526277021698,19.700659707319772,14.424736662434757,3797300,17.26
3894,2010-01-07,19.62966633900511,20.540749082266128,19.440350690166,20.422425618518876,14.953208929723518,3902600,16.860001
3895,2010-01-08,20.23310996967977,20.363263295033853,19.641498567057553,19.94913767964391,14.606669000969138,3825200,16.99
3896,2010-01-11,20.18577987424718,20.244943380955018,19.94913767964391,20.10295546110288,14.719292880463524,1314000,16.549999
3897,2010-01-12,19.937304268368663,20.363263295033853,19.499511830428222,19.582336243572524,14.338099905411953,2220200,17.01
3898,2010-01-13,19.62966633900511,20.16211778458791,19.62966633900511,20.126619917207773,14.736622361669136,1609900,16.82
3899,2010-01-14,20.008297636683327,20.244943380955018,19.818981987844218,19.901807584211326,14.572020687563167,2133000,16.43
3900,2010-01-15,19.676994067992077,19.889974172936075,19.203706129117116,19.440350690166,14.234141949743178,2280800,16.940001000000002
3901,2010-01-19,19.60600188290022,20.079289821775184,19.55867415391325,20.043795504063468,14.675981009677553,2030400,16.65
3902,2010-01-20,19.878141944883634,19.960969907696356,19.487678419152967,19.700659707319772,14.424736662434757,1804200,15.8
3903,2010-01-21,19.546840742637997,19.676994067992077,18.671255866757118,18.694920322862007,13.688335468357584,4178000,15.33
3904,2010-01-22,18.694920322862007,19.085382665369863,18.055980008030016,18.138805604397128,13.28115537083443,2891800,15.54
3905,2010-01-25,18.44644353376068,18.517436902075346,17.98498663971535,18.387282393498456,13.463090075814424,1865700,15.42
3906,2010-01-26,18.37545016544601,18.683088094809563,18.197966744659347,18.245295656869125,13.359126204031622,1704500,15.56
3907,2010-01-27,18.197966744659347,18.44644353376068,17.760174306718906,18.410946849603345,13.480414824128811,2567300,15.48
3908,2010-01-28,18.552933586232676,18.600262498442454,18.04414777997757,18.31628902518379,13.411102815420401,1780500,15.36
3909,2010-01-29,18.42277907765579,18.64759141065223,18.008651095820237,18.174302288554458,13.307143676528819,2357500,15.74
3910,2010-02-01,18.25257920744114,18.619286890805157,18.14611568646449,18.619286890805157,13.632955507702745,1289900,16.26
3911,2010-02-02,18.583799050479605,19.364532720569716,18.347213448309272,19.234409456448024,14.083352981978491,2619100,15.93
3912,2010-02-03,18.915018893518074,19.03331169460324,18.52465264993702,18.84404321286697,13.79752681842845,2356200,15.26
3913,2010-02-04,18.607457610696642,18.64294545102219,17.980505764945256,18.05148144559636,13.217216641216938,3633400,15.69
3914,2010-02-05,18.25257920744114,18.666604011239222,17.87404224396861,18.560140490262572,13.589654427865518,3521800,15.21
3915,2010-02-08,18.489164809611474,18.702091851564774,17.921359364402676,17.99233504505378,13.173908463811646,1807900,15.48
3916,2010-02-09,18.240749927332626,18.40635984885186,17.862212963860095,18.311725607983725,13.407761502276914,2638300,15.44
3917,2010-02-10,18.32355488809224,18.52465264993702,17.862212963860095,18.26440848754966,13.37311945547912,1678300,15.53
3918,2010-02-11,18.19343280689856,18.40635984885186,17.933188644511194,18.37087200852631,13.451072045538224,1640100,15.87
3919,2010-02-12,18.46550624939444,18.808555372541424,18.157944966573005,18.773067532215872,13.74555605919969,2537400,16.639999
3920,2010-02-16,19.02148241449472,19.695751380680164,19.02148241449472,19.683920917643643,14.412481408293774,2247500,16.709999
3921,2010-02-17,19.695751380680164,20.180750682201335,19.565630482414498,19.766725878403257,14.473112383489973,2053400,16.889999
3922,2010-02-18,19.7903856215483,20.09794690436973,19.601117139812036,19.979652920356553,14.629011648968124,2158200,16.65
3923,2010-02-19,19.873189399379907,19.96782364024804,19.62477570002907,19.695751380680164,14.421142807189227,3038400,16.629998999999998
3924,2010-02-22,19.683920917643643,19.8495332050189,19.494653618835386,19.67209163753512,14.403816460614284,3295500,16.57
3925,2010-02-23,19.51831217905242,19.754898964150765,19.459166961437848,19.601117139812036,14.35184925016956,2718700,16.73
3926,2010-02-24,19.648435443174115,19.96782364024804,19.57745739666699,19.7903856215483,14.49042926664083,2077200,16.84
3927,2010-02-25,19.447337681329333,19.955996725995547,19.329043697316152,19.920507702741983,14.5857105691309,1479600,16.690001000000002
3928,2010-02-26,19.8495332050189,20.038801686755164,19.707580660788686,19.743069684042247,14.45578840277105,2170300,16.75
3929,2010-03-01,19.744795732225654,19.827262062849503,19.544520357853436,19.733014827850816,14.448425100169555,1053200,16.969998999999998
3930,2010-03-02,19.791918171634556,20.06288132843667,19.721233923475975,19.992193546006774,14.638196620201168,1230400,16.9
3931,2010-03-03,19.98041264163194,20.145346480970087,19.862605954064453,19.909728393473358,14.57781595100882,1344900,16.940001000000002
3932,2010-03-04,19.933290202223034,20.051099245971393,19.80369907600939,19.956853189063143,14.612322219922717,978800,17.6
3933,2010-03-05,20.15712856343536,20.793296221586083,19.968634093437977,20.734391699711903,15.181628533384494,1542500,17.91
3934,2010-03-08,20.734391699711903,21.21740877908019,20.41630728159132,21.09959973533183,15.449033857065404,1154900,17.889999
3935,2010-03-09,20.911105265334445,21.53549437529121,20.805077125960917,21.076036748491717,15.431783078789332,2155400,17.940001000000002
3936,2010-03-10,21.01713340470797,21.205627874705353,20.934667074084118,21.13494362654678,15.474912969705603,2151400,17.77
3937,2010-03-11,21.04069639154808,21.06425584411688,20.757954686552015,20.934667074084118,15.328272518680707,1240000,17.75
3938,2010-03-12,21.111380639706663,21.15850307911557,20.722610795337065,20.911105265334445,15.311015849952446,1831000,17.75
3939,2010-03-15,20.887543456584773,21.14672453092161,20.49877361221517,20.911105265334445,15.311015849952446,1628800,17.92
3940,2010-03-16,20.922886169709283,21.13494362654678,20.76973323474597,21.111380639706663,15.45765983524866,2621500,18.35
3941,2010-03-17,21.13494362654678,21.72398884528859,21.09959973533183,21.617959527824627,15.828574540947756,1753900,18.25
3942,2010-03-18,21.594397719074948,21.70042585844848,21.382341440327895,21.50015048407626,15.742314759115203,1957800,17.950001
3943,2010-03-19,21.14672453092161,21.57083473223484,21.09959973533183,21.14672453092161,15.483540125979298,3111000,18.110001
3944,2010-03-22,20.922886169709283,21.394122344702733,20.840421017175867,21.335219000918993,15.621556955001816,1686700,18.27
3945,2010-03-23,21.382341440327895,21.594397719074948,21.13494362654678,21.523712292825934,15.759569071662588,1726200,18.5
3946,2010-03-24,21.41768415345241,21.936045124035644,21.34699990529383,21.79467309344717,15.957967747967892,2858200,18.77
3947,2010-03-25,21.865357341605744,22.583993686561204,21.865357341605744,22.112757511567747,16.19085973419228,2835100,18.66
3948,2010-03-26,22.13632049840786,22.277690172815458,21.65330106285869,21.98316756344455,16.095979864628664,2487500,18.379998999999998
3949,2010-03-29,22.14809904660182,22.14809904660182,21.60617862344979,21.65330106285869,15.854452475497517,2342100,18.48
3950,2010-03-30,21.66508196723353,21.84179788903695,21.594397719074948,21.771111284697497,15.94071696969182,1822800,18.41
3951,2010-03-31,21.66508196723353,21.95960457660444,21.547275279666046,21.68864495407364,15.880330410047284,2109800,18.6
3952,2010-04-01,21.89801079950369,21.956812012348117,21.627517458504006,21.874488667899033,16.016404166717887,1622600,19.43
3953,2010-04-05,22.003852747414097,22.862369977335803,21.862728190120592,22.85060832350958,16.73111897855593,1734000,20.17
3954,2010-04-06,23.003493358581522,23.720883679114166,22.55659637904857,23.720883679114166,17.36833224183405,2941000,19.5
3955,2010-04-07,23.62679985688664,23.791446545784805,22.721243067946734,22.932931667958663,16.791392603218213,2256700,19.52
3956,2010-04-08,22.815326890174255,22.968214277341765,22.674202332880757,22.956452623515542,16.808613470829183,1949500,19.92
3957,2010-04-09,22.9799747551202,23.579756769725105,22.85060832350958,23.426871734653158,17.1530566960997,1677800,19.75
3958,2010-04-12,23.53271603465912,23.56799864404222,23.12109931241371,23.22694361241967,17.006659916618116,1400300,20.42
3959,2010-04-13,23.191661003036568,24.097218968024254,23.16814239957525,24.014895623575175,17.5835972031384,1505900,20.4
3960,2010-04-14,24.156022532964236,24.191302790251775,23.873768714186113,23.991374668018288,17.56637751157521,2021000,19.690001000000002
3961,2010-04-15,23.791446545784805,24.003135145796733,23.15638192179681,23.15638192179681,16.954996137737435,2112800,19.190001000000002
3962,2010-04-16,23.12109931241371,23.273986699581208,22.486034688425708,22.568358032874794,16.52445092650762,3299300,19.389999
3963,2010-04-19,22.391950866198183,22.85060832350958,21.79216649949773,22.80356523634804,16.69666783495177,1772400,19.950001
3964,2010-04-20,22.956452623515542,23.52095555688068,22.697720936342076,23.462154344036257,17.17888623344449,1575600,20.52
3965,2010-04-21,23.379828647491614,24.532357821874328,23.321027434647192,24.132500401359575,17.669715653766588,2192300,21.360001
3966,2010-04-22,23.92081180134765,25.226226010802307,23.732644156892604,25.120381710796345,18.393030903004004,2036100,22.110001
3967,2010-04-23,25.108620056970125,26.096501366406894,24.814608112509116,26.00241754417937,19.03885283601594,3837400,22.139999
3968,2010-04-26,25.24974461426363,26.284667834814158,25.24974461426363,26.037696625419134,19.06469178174296,2439900,21.67
3969,2010-04-27,25.873051112568746,26.202345666412857,25.449672736497117,25.484955345880216,18.6599725797146,3247300,21.83
3970,2010-04-28,25.69664394589214,26.04945827924535,25.426154133035794,25.67312299033526,18.797745400841247,2910900,23.129998999999998
3971,2010-04-29,25.873051112568746,27.401912047718213,25.5319960809462,27.201983925484726,19.917175886564312,3910300,22.41
3972,2010-04-30,25.99065589035315,27.131422234861862,25.67312299033526,26.355230701484803,19.297178786706052,4205600,23.68
3973,2010-05-03,26.522837912163464,28.25029020519484,26.452329703269807,27.827239776696096,20.37498275026813,4808700,23.84
3974,2010-05-04,27.4159418914831,28.25029020519484,27.274924298558975,28.015261667079173,20.51265237840662,4232100,23.32
3975,2010-05-05,27.4159418914831,28.450061113453238,26.922384429227513,27.40419052333416,20.065226086956525,3066000,22.110001
3976,2010-05-06,27.227920001100024,27.639217886313013,23.831775781192427,25.982276152448918,19.024105399843247,4310600,21.23
3977,2010-05-07,25.88826520725738,26.56984455989605,24.572110799438992,24.948154580205156,18.266930671039244,3446900,22.42
3978,2010-05-10,26.428826966971922,26.699107259260785,25.7825028939169,26.346567389929326,19.29084265463521,4080000,22.35
3979,2010-05-11,26.005776538473174,26.93413579737646,25.853009927673735,26.26430781288673,19.230609842050985,3806000,22.98
3980,2010-05-12,26.475833614704513,27.251423912534722,26.405323055537224,27.004644006270112,19.77267695202541,2725300,22.290001
3981,2010-05-13,26.88712914964387,27.004644006270112,26.05278318620576,26.193800779129887,19.178986081772685,2260300,21.379998999999998
3982,2010-05-14,25.853009927673735,25.87651266397162,24.736628778387374,25.124423927302477,18.395988896598194,2115000,21.440001000000002
3983,2010-05-17,25.230186240642958,25.7825028939169,24.172564282374946,25.19493448646977,18.447624408244646,2354100,20.709999
3984,2010-05-18,25.758998982482193,25.87651266397162,24.21957093010753,24.337082261323324,17.819505554725957,2789900,20.43
3985,2010-05-19,24.196067018672828,24.84239109172786,23.29121167120425,24.008045128289748,17.66387043496136,2257300,19.049999
3986,2010-05-20,23.255958741894233,23.56149196349311,22.339350851139898,22.386355148598852,16.470718772694774,3249600,19.99
3987,2010-05-21,22.057318015565272,23.549742945617798,21.669524041786985,23.49098492973627,17.283452794970163,3159900,19.15
3988,2010-05-24,23.079685869386466,23.408725352693676,22.50387000522509,22.50387000522509,16.557184164397874,1834500,19.450001
3989,2010-05-25,21.634268762203337,22.96217453817067,21.316980647045074,22.856412224830184,16.816566237865413,2615800,19.549999
3990,2010-05-26,23.255958741894233,23.79652050160878,22.785901665662898,22.973923556045982,16.903022228474,2604700,20.91
3991,2010-05-27,23.6084986112257,24.619117447171575,23.361718704961085,24.572110799438992,18.07888645305668,2677900,20.629998999999998
3992,2010-05-28,24.489851222396393,25.15967920688612,24.125559984915988,24.243071316131783,17.83679651782031,2548900,20.459999
3993,2010-06-01,23.949167510329644,24.772564786139974,23.92564063037644,24.066793676099373,17.70709961380497,2584000,21.040001
3994,2010-06-02,24.18442219443947,24.79609166609318,23.77272238024912,24.749041435042326,18.20906284782878,1879400,21.290001
3995,2010-06-03,24.89019448076526,25.395997109627693,24.654936267799876,25.043112730892577,18.425419334182095,2171400,19.77
3996,2010-06-04,24.219711926226687,24.7019888514211,23.125766705663754,23.255158075837866,17.109943148744065,3148400,19.58
3997,2010-06-07,23.443363705182026,23.93740348221045,22.996374159204457,23.031663890991673,16.945505537815706,2448600,20.139999
3998,2010-06-08,23.149292409331775,23.77272238024912,22.667015484137362,23.69038241741105,17.43015620651022,2525300,20.43
3999,2010-06-09,23.93740348221045,25.196028628449525,23.878588046755212,24.031506296882526,17.681131942096208,2590300,21.76
4000,2010-06-10,24.537310102030144,25.65477867369073,24.38439185190283,25.595965590805864,18.83218933716881,2908900,22.02
4001,2010-06-11,25.231318360236738,25.948849969540976,25.09016296194343,25.901799738490126,19.057205635042322,2028900,21.879998999999998
4002,2010-06-14,26.313500728965664,26.3252612282293,25.454810192512557,25.7371186365288,18.936037674585368,3566400,22.34
4003,2010-06-15,26.03118993237905,26.395840691803734,25.81946095193724,26.278210997178448,19.334139632055606,3124000,22.27
4004,2010-06-16,26.078242516000277,26.43112689473539,25.81946095193724,26.195871034340374,19.273568002821555,2875600,22.440001000000002
4005,2010-06-17,26.195871034340374,26.501706358309825,25.948849969540976,26.395840691803734,19.42069069585025,2158500,22.25
4006,2010-06-18,26.513469210143832,26.53699256124148,25.984139701328196,26.172345330672357,19.25626249520336,1790600,21.879998999999998
4007,2010-06-21,26.525229709407473,26.72519819058564,25.67830555364393,25.7371186365288,18.936037674585368,1792900,20.780001000000002
4008,2010-06-22,25.72535813726516,25.866511182988095,24.41968040740486,24.443207287358067,17.984044197384904,2322400,21.0
4009,2010-06-23,24.443207287358067,24.99606014727135,24.1138462597206,24.7019888514211,18.174443598596106,1598200,20.43
4010,2010-06-24,24.466730638455715,24.654936267799876,23.949167510329644,24.031506296882526,17.681131942096208,1998300,21.190001000000002
4011,2010-06-25,24.207949074392676,25.043112730892577,23.960930362163655,24.92548421255248,18.3388788569541,2769600,20.950001
4012,2010-06-28,25.113688665611452,25.113688665611452,24.43144325923887,24.643175768536235,18.13116924298397,1020600,19.84
4013,2010-06-29,24.19618622255867,24.26676215727754,23.102239825710548,23.337498038675935,17.1705230119744,2085400,19.370001000000002
4014,2010-06-30,23.36102491862914,23.878588046755212,22.714065715188216,22.78464517876265,16.763757714128413,2740300,19.299999
4015,2010-07-01,22.779837652178106,22.968003570411586,21.90956792827426,22.69751271087698,16.699654681002336,2497100,18.74
4016,2010-07-02,22.873920611294842,22.873920611294842,21.791966581452314,22.03893317309677,16.215105096848326,2335000,18.42
4017,2010-07-06,22.532868708459667,22.897438999000048,21.309791415979014,21.662601336629805,15.938223652315711,3303300,19.540001
4018,2010-07-07,21.76844466563614,22.991521958116792,21.662601336629805,22.979763940301176,16.90732399666072,2729000,19.91
4019,2010-07-08,23.273773187540996,23.59130082248602,22.826877955699484,23.41489645017912,17.22746948994317,1968600,20.290001
4020,2010-07-09,23.426656820068715,23.87354969983625,23.20320979216645,23.861791682020634,17.556272967538334,1084600,20.43
4021,2010-07-12,23.779466740719506,24.10875827366509,23.391374534362946,24.026435684437942,17.677401249290174,1463900,21.139999
4022,2010-07-13,24.379246781125726,24.955503729678778,24.36748523519914,24.861420770562038,18.2917523879896,1512500,21.02
4023,2010-07-14,24.74381942374009,24.990786015384547,24.296924191898576,24.720297507923913,18.18791655412342,1232400,20.879998999999998
4024,2010-07-15,24.79085972726147,24.79085972726147,23.955874641137378,24.555651153432624,18.066776512001688,1243800,20.110001
4025,2010-07-16,24.261641906192803,24.532132765727418,23.520739779185455,23.650105024007967,17.40051980475756,2500800,20.469998999999998
4026,2010-07-19,23.79122828664609,24.36748523519914,23.191448246239865,24.07347598795932,17.71202142617116,1536400,20.950001
4027,2010-07-20,23.614822738302195,24.696776768144726,23.23849090183523,24.637976094733755,18.12734359297008,1623200,20.540001
4028,2010-07-21,24.931985341973572,24.931985341973572,24.038197230364524,24.155800929260455,17.772586155065568,1549600,21.66
4029,2010-07-22,24.567411523322217,25.814013083693027,24.473328564205474,25.472961180857848,18.741684147336603,2406700,21.24
4030,2010-07-23,25.34359593603534,25.34359593603534,24.520371219800836,24.979025645494954,18.378268725119373,3630200,21.92
4031,2010-07-26,24.979025645494954,25.79049116787685,24.7320590538505,25.77873079798726,18.966656495213545,1367600,21.719998999999998
4032,2010-07-27,26.03745775952131,26.155062634454225,25.261274522845177,25.543522224158412,18.793605004362163,1916300,21.809998999999998
4033,2010-07-28,25.543522224158412,26.143302264564635,25.30831600240355,25.649365553164746,18.87147629358611,1786300,21.32
4034,2010-07-29,26.025697389631716,26.07274004522708,24.82614201296724,25.073108604611697,18.44749496643747,2312400,21.469998999999998
4035,2010-07-30,24.602693809027986,26.143302264564635,24.602693809027986,25.249512976918595,18.577285936649986,3121500,22.42
4036,2010-08-02,25.754932252922423,26.541790648246547,25.57877110002657,26.330395855472904,19.372540599628053,2150800,21.84
4037,2010-08-03,26.18946481920829,26.31865170031881,25.57877110002657,25.6492348565356,18.871385789984064,2349000,21.75
4038,2010-08-04,25.696210302736446,25.77842173764612,25.320397337805524,25.543537460148777,18.793618343384697,1772800,21.51
4039,2010-08-05,25.308653182651433,25.59051525518066,25.109002545031878,25.261677736450583,18.586231830765144,1463500,21.309998999999998
4040,2010-08-06,24.991563342322,25.46132837407014,24.5570284272051,25.02679345895324,18.413422459750265,1929500,21.66
4041,2010-08-09,25.22644527098831,25.484817858793836,24.850632306057385,25.437840063761957,18.71584385029224,1742900,21.4
4042,2010-08-10,25.06202709883103,25.449584218916048,24.850632306057385,25.13249202975558,18.49118638310308,1664200,20.6
4043,2010-08-11,24.568772582359195,24.768423219978747,24.05202975557917,24.19295961742827,17.799930108395323,2492300,20.27
4044,2010-08-12,23.758425876726886,24.05202975557917,23.570519394261424,23.805402497343252,17.51478202125399,1958200,20.26
4045,2010-08-13,23.770170031880976,24.099006376195536,23.570519394261424,23.79365834218916,17.506140671891604,1673300,20.15
4046,2010-08-16,23.594007704569606,24.110751705765146,23.453076668304995,23.664472635494153,17.411095224229545,1628100,20.440001000000002
4047,2010-08-17,24.040284426009563,24.310402343384695,23.82889198206695,24.005054309378323,17.661676739505847,2103200,20.33
4048,2010-08-18,23.82889198206695,24.06377391073326,23.570519394261424,23.875867428267796,17.65299546001594,2142400,19.84
4049,2010-08-19,23.664472635494153,23.723194585680126,23.077264877789585,23.30040382571732,17.22751646293836,2175500,19.709999
4050,2010-08-20,23.077264877789585,23.26517018583953,22.73668555273645,23.14772863429862,17.114625771519663,988300,19.59
4051,2010-08-23,23.288659670563227,23.382612911795963,23.006799946865037,23.006799946865037,17.010436324654624,1830400,19.6
4052,2010-08-24,22.595754516471835,23.20645058448459,22.325638947927736,23.01854410201913,17.019119952975558,2166600,19.959999
4053,2010-08-25,22.88935839532412,23.570519394261424,22.854124755446335,23.441332513150904,17.331714130712005,1647200,19.85
4054,2010-08-26,23.617497189293307,23.934587029622737,23.312147980871416,23.312147980871416,17.236196568012755,2570000,20.09
4055,2010-08-27,23.488310308182783,23.723194585680126,22.795405154091394,23.594007704569606,17.444593077975558,1818400,20.0
4056,2010-08-30,23.441332513150904,23.969820669500532,23.42959070682784,23.488310308182783,17.36644746958023,1648200,20.440001000000002
4057,2010-08-31,23.488310308182783,24.439585701248667,23.406101222104144,24.005054309378323,17.74850362739107,3334500,21.290001
4058,2010-09-01,24.484065557839944,25.094404220908352,24.460589729855933,24.98877062424292,18.475835785628938,2931900,21.709999
4059,2010-09-02,24.953557469133262,25.493473343180472,24.789236063106863,25.481736016054825,18.84031148366363,1820300,22.1
4060,2010-09-03,25.73995838655185,25.9864410824578,25.563899653399805,25.939492947687913,19.17875965879719,1354900,21.66
4061,2010-09-07,25.693007904316538,25.998179583316166,25.364365092263743,25.423050554159282,18.796932670072653,1695100,21.790001
4062,2010-09-08,25.50521184403884,25.892542465452593,25.434787881284937,25.575636980525456,18.90974364227542,1588100,21.76
4063,2010-09-09,25.86907015866672,25.951231448546274,25.352626591405382,25.54042382541579,18.8837079032453,1933700,22.120001000000002
4064,2010-09-10,25.52868649829014,26.021654237567468,25.352626591405382,25.96296877567193,19.196122686814167,1466000,22.5
4065,2010-09-13,26.209451471577875,26.573307438740333,26.092078200321367,26.408986032713937,19.525892282271023,2029600,22.360001
4066,2010-09-14,26.31508741570873,26.444199187823603,26.033391564693115,26.24466462668754,19.404392166797138,1163300,22.360001
4067,2010-09-15,25.751696887410215,26.362035550478623,25.68127057719088,26.24466462668754,19.404392166797138,1648400,22.25
4068,2010-09-16,26.162503336807987,26.50288464971914,25.939492947687913,26.115552854572673,19.308936006482355,1546800,22.18
4069,2010-09-17,26.279874260599065,26.338563243692747,25.857332831541072,26.033391564693115,19.248190643676267,1979500,22.67
4070,2010-09-20,26.068602372337352,26.73763236596487,25.939492947687913,26.60852059385,19.67342344184418,2092900,22.370001000000002
4071,2010-09-21,26.620257920975646,26.78458050073476,25.9864410824578,26.256401953813192,19.413076615137406,2201200,22.01
4072,2010-09-22,26.092078200321367,26.326824742834383,25.833857003557057,25.833857003557057,19.10065478917226,2029800,21.299999
4073,2010-09-23,25.563899653399805,25.68127057719088,24.930082814881953,25.000505603903147,18.48450967037479,1491000,21.959999
4074,2010-09-24,25.387837399049616,25.822119676431406,25.258727974400173,25.77516919419609,19.05726658571958,1465600,21.48
4075,2010-09-27,25.763434214535863,25.763434214535863,25.164830531127684,25.21177866589757,18.64071940962465,1047300,21.620001000000002
4076,2010-09-28,25.21177866589757,25.434787881284937,24.77749873598121,25.376102419389394,18.762218351365828,1519500,21.32
4077,2010-09-29,25.20004016503921,25.246990647274526,24.918345487756305,25.02398143188716,18.501866829728204,1326400,21.379998999999998
4078,2010-09-30,25.246990647274526,25.54042382541579,24.707072425761883,25.094404220908352,18.553933612857595,2453800,21.530001000000002
4079,2010-10-01,25.285928599841807,25.309374059832383,24.87563187773363,25.239038852133646,18.66087111710431,1651700,21.629998999999998
4080,2010-10-04,25.098364919917156,25.485215009761742,25.0397524422137,25.356263807540543,18.747544293597493,1537500,22.24
4081,2010-10-05,25.67277868968639,26.223748171738052,25.53210710201591,26.07135150952627,19.27625582820709,2474700,22.26
4082,2010-10-06,26.02446176181811,26.329250397149668,25.907233289592206,26.094796969516857,19.293593745870123,1821200,22.379998999999998
4083,2010-10-07,26.317530011700374,26.39958794939441,26.141686717225017,26.23546855718734,19.39760015093434,1510600,22.57
4084,2010-10-08,26.317530011700374,26.58715162931906,26.11824360178044,26.458201599370863,19.562283406454178,1457500,22.6
4085,2010-10-11,26.458201599370863,26.63404137702722,26.35269702941325,26.493369789356734,19.588280904764733,758300,22.99
4086,2010-10-12,26.458201599370863,27.056060829130683,26.270637919446212,26.950556259173066,19.926304651905944,1467400,22.889999
4087,2010-10-13,27.1615653990883,27.64219732889521,26.79816194150729,26.83332778694716,19.83963733677776,2459100,22.75
4088,2010-10-14,26.727823216989545,26.950556259173066,26.505093691625024,26.669210739286093,19.71828715268551,1575200,22.620001000000002
4089,2010-10-15,26.891943781469617,27.091230191389553,26.46992432936615,26.516816421620316,19.605615305608776,1352900,22.959999
4090,2010-10-18,26.481647059361443,26.915386896914196,26.481647059361443,26.915386896914196,19.900309498141386,1051700,22.629998999999998
4091,2010-10-19,26.46992432936615,27.126396036829423,26.329250397149668,26.528536807069603,19.61427957534829,1979300,23.27
4092,2010-10-20,26.58715162931906,27.57186094892347,26.57542889932377,27.2787926990412,20.168996814179447,2333800,23.309998999999998
4093,2010-10-21,27.372574539003526,27.689089421149376,27.24362450905533,27.325682446749365,20.203665615867514,2247300,23.57
4094,2010-10-22,27.4077415567164,27.735979168857536,27.149842669093008,27.63047459889992,20.429016343658986,2148100,23.84
4095,2010-10-25,27.911818946513893,28.310392938626777,27.77114853111641,27.946988308772767,20.66303954710097,2559900,23.700001
4096,2010-10-26,27.677366691154084,27.946988308772767,27.372574539003526,27.7828712611117,20.541696396646717,1743700,23.18
4097,2010-10-27,27.524970028942306,27.712532536593958,27.02089146687181,27.173288129083588,20.090983218333786,1992400,23.02
4098,2010-10-28,27.384298441271817,27.454633648970564,26.80988467150258,26.985724449158937,19.952308011581497,2387000,23.309998999999998
4099,2010-10-29,26.82160505695187,27.454633648970564,25.98929239955924,27.325682446749365,20.203665615867514,2225900,23.809998999999998
4100,2010-11-01,27.900082876427653,28.673457738746727,27.712599233100093,27.900082876427653,20.628358942007196,1625500,23.620001000000002
4101,2010-11-02,28.239900275590376,28.310207081255744,27.548550019880903,27.677447002047508,20.463747274342676,2344200,23.790001
4102,2010-11-03,27.806341640653923,27.993825283981483,27.58370459449368,27.876649618099385,20.61103300153106,1660900,24.83
4103,2010-11-04,28.310207081255744,29.142172120076054,28.08756769153531,29.095299744519043,21.512061587336557,1821000,25.440001000000002
4104,2010-11-05,29.095299744519043,29.9038280096708,28.86094255385438,29.810086773897073,22.040541440601825,2016800,25.459999
4105,2010-11-08,29.66947199078623,29.962417014391942,29.43511714368176,29.833520032225337,22.057877927098808,1326600,24.74
4106,2010-11-09,29.974134815336168,30.009289389948954,28.767200146300556,28.989839536020988,21.434083137393,3192600,25.01
4107,2010-11-10,29.1187353464075,29.587447384176635,29.07186297085049,29.306220161515157,21.66800559764263,1734000,24.76
4108,2010-11-11,29.060145169906264,29.294502360570924,28.778917947244782,29.013275137909446,21.4514172803298,914000,24.629998999999998
4109,2010-11-12,28.931251703079944,29.329656935183706,28.614869905805683,28.86094255385438,21.3387799187534,1177700,24.4
4110,2010-11-15,28.97812173507676,29.317937962459382,28.5797153311929,28.59143430391722,21.139515198356516,1186700,23.6
4111,2010-11-16,28.36879491419679,28.497691896363396,27.279041769943742,27.654010228378958,20.446428364547103,1785800,23.49
4112,2010-11-17,27.61885682554627,27.923519650096203,27.20873262071818,27.52511441799244,20.43772086666545,1195600,23.73
4113,2010-11-18,27.993825283981483,28.20474687275769,27.712599233100093,27.806341640653923,20.646532079491603,1160500,23.91
4114,2010-11-19,27.712599233100093,28.06413443320704,27.513396617048212,28.017262057650033,20.803144004451493,1214000,23.9
4115,2010-11-22,27.876649618099385,28.20474687275769,27.806341640653923,28.005544256705804,20.7944435372504,1050400,23.68
4116,2010-11-23,27.58370459449368,27.876649618099385,27.50167764432389,27.74775263593278,20.603025056365773,1388400,24.43
4117,2010-11-24,28.017262057650033,28.68517671147105,27.982107483037254,28.62658770674991,21.255576501368807,814400,24.280001000000002
4118,2010-11-26,28.357079456812748,28.5797153311929,28.18131009908914,28.450821864366578,21.125068321572375,451800,24.17
4119,2010-11-29,28.18131009908914,28.39223168786534,27.782904866985373,28.321924882199973,21.029359667020106,1181700,24.120001000000002
4120,2010-11-30,27.935237451040436,28.56799753024867,27.923519650096203,28.263337049258926,20.985859674574847,1716300,24.41
4121,2010-12-01,28.5657813020408,28.64766519602699,28.02768597179018,28.554083602899915,21.201745138658357,1556700,25.059998999999998
4122,2010-12-02,28.5657813020408,29.37292371253177,28.437105441721148,29.314432877287512,21.766308852755056,1551100,25.18
4123,2010-12-03,29.115571991892473,29.618574224720437,28.916711106497427,29.454806436748047,21.87053301256051,1458700,25.379998999999998
4124,2010-12-06,29.337829445339196,29.82913280925636,29.057084665957962,29.688759249795826,22.04424384480265,1254000,25.360001
4125,2010-12-07,30.063087961843973,30.23855227918733,29.641969623002204,29.665366191053888,22.026876270888174,1216200,24.77
4126,2010-12-08,29.688759249795826,29.75894778418097,28.624268627975304,28.975200771971767,21.514425806464125,1419700,24.620001000000002
4127,2010-12-09,29.115571991892473,29.349527144480085,28.706154861501332,28.799736454628412,21.384146191592258,1354400,25.059998999999998
4128,2010-12-10,28.834828382281145,29.641969623002204,28.834828382281145,29.314432877287512,21.766308852755056,922600,25.09
4129,2010-12-13,29.396316771273707,29.665366191053888,29.17406282713673,29.349527144480085,21.792364307821458,966000,24.85
4130,2010-12-14,29.337829445339196,29.78234084292291,28.94010767454911,29.068782365098848,21.583904290511406,1084900,24.4
4131,2010-12-15,28.963503072830886,29.408014470414596,28.495596276965404,28.542385903759026,21.193052578426766,1146200,24.49
4132,2010-12-16,28.624268627975304,28.905013407356545,28.273338823518678,28.64766519602699,21.27122362270564,987700,24.52
4133,2010-12-17,28.600875569233366,28.881620348614607,28.507293976106293,28.68275829344965,21.297287266161447,1697200,25.0
4134,2010-12-20,28.71785022110239,29.291039818545574,28.706154861501332,29.24424785221212,21.714195603082416,914800,25.34
4135,2010-12-21,29.349527144480085,29.735551216129284,29.150666259085042,29.641969623002204,22.00951571559319,913700,25.4
4136,2010-12-22,29.595177656668753,30.074783321445032,29.56008572901601,29.71215581784751,22.061623116416264,956900,25.52
4137,2010-12-23,29.641969623002204,30.03969139379229,29.641969623002204,29.852528207538132,22.16585078553146,690400,25.700001
4138,2010-12-27,29.770645483321854,30.13327298691937,29.735551216129284,30.063087961843973,22.32219053454939,425800,25.75
4139,2010-12-28,30.20345918176468,30.20345918176468,29.700456948936715,30.121575287778484,22.365624091459495,509100,25.9
4140,2010-12-29,30.144970686060255,30.343832741225214,29.887620135190872,30.29704077489175,22.49590253656144,479200,25.93
4141,2010-12-30,30.29704077489175,30.449112033493176,30.121575287778484,30.33213387231441,22.521960331167676,726100,25.84
4142,2010-12-31,30.285341905980957,30.694762545681836,30.156669554971057,30.226854580046446,22.443792796198537,736200,26.280001000000002
4143,2011-01-03,30.31640571779061,30.607461829095964,30.211625517720677,30.595819584643753,22.717756086739353,1038200,25.66
4144,2011-01-04,30.58417617596709,30.654029642680374,29.757575655635424,29.873999264382018,22.181794885361658,1149800,25.66
4145,2011-01-05,29.72265125072768,30.188339864591804,29.72265125072768,29.873999264382018,22.181794885361658,1072000,25.459999
4146,2011-01-06,29.827431450797608,29.897283753286445,29.454877299877854,29.641153211113284,22.00890406257294,1094800,25.26
4147,2011-01-07,29.66443886424216,30.09520190897409,29.08232664163144,29.408309486293447,21.836012075559776,1098100,25.309998999999998
4148,2011-01-10,29.513089686363376,29.61787105065775,28.942620872429313,29.46651954433007,21.87923157963973,1232800,24.58
4149,2011-01-11,29.39666724184123,29.629513295109962,28.44200319675965,28.616636863542865,21.248184675147467,2204100,24.889999
4150,2011-01-12,28.90769297484822,29.30352928622351,28.77962712164942,28.977545277337065,21.516170514846316,1308300,24.799999
4151,2011-01-13,29.000830930465938,29.47816295300673,28.698132574708364,28.872765077267136,21.43835957404994,1485000,24.85
4152,2011-01-14,28.872765077267136,28.930977463752654,28.651564761123954,28.930977463752654,21.481582570803234,1042300,25.290001
4153,2011-01-18,28.91933521930044,29.489805197458942,28.837839508134937,29.44323738387453,21.861950996199305,1026900,24.57
4154,2011-01-19,29.46651954433007,29.524733095040034,28.54678339682958,28.60499461909065,21.239546129763923,794900,24.73
4155,2011-01-20,28.500214419020722,29.15218127256917,28.500214419020722,28.79127053032608,21.377854829631787,1055100,24.709999
4156,2011-01-21,28.977545277337065,28.977545277337065,28.55842680550624,28.767984877197208,21.360569589293586,718300,25.030001000000002
4157,2011-01-24,28.73305930806501,29.291887041771297,28.511856663472933,29.140539028116958,21.63719048170264,683200,25.35
4158,2011-01-25,29.070683232954778,29.559657499947786,28.767984877197208,29.513089686363376,21.913810209887252,1017400,25.540001
4159,2011-01-26,29.676081108694373,29.897283753286445,29.291887041771297,29.73429349517989,22.078060158843538,1024700,25.700001
4160,2011-01-27,29.80414579766873,30.01370736203304,29.47816295300673,29.92056940641532,22.2163688587114,819000,24.91
4161,2011-01-28,29.90892716196311,30.083559664521875,28.977545277337065,29.000830930465938,21.53345575518452,1161300,25.559998999999998
4162,2011-01-31,29.19874908615358,29.839071366800926,29.128895619440296,29.757575655635424,22.09534539918174,1627400,25.75
4163,2011-02-01,29.820083503156216,29.947519757443214,29.252412915877798,29.83166861718231,22.150364977212856,950400,25.52
4164,2011-02-02,29.820083503156216,29.993859055036168,29.46094496834742,29.56521099458223,21.952514399875287,890100,25.67
4165,2011-02-03,29.449359854321333,29.878010231798072,29.379850328676195,29.73898770497359,22.081540131806662,1000600,24.35
4166,2011-02-04,29.657891906790958,29.657891906790958,27.87378318826166,28.20975265352968,20.94607152099553,3457300,24.299999
4167,2011-02-07,28.19816753950359,28.3024335657384,27.89695457482524,28.151825924887824,20.903060626662263,1553800,23.9
4168,2011-02-08,28.128658013858452,28.20975265352968,27.537816040016445,27.688422522355616,20.558976947530375,1558300,23.969998999999998
4169,2011-02-09,27.584155337609403,27.850615277232283,27.526230925990355,27.769517162026848,20.619185943635365,1193200,23.99
4170,2011-02-10,27.607326724172985,27.95487898644429,27.584155337609403,27.792688548590426,20.636395630521122,1655500,24.32
4171,2011-02-11,27.70000763638171,28.256091951122634,27.5957416101469,28.174997311451406,20.920273789082238,1264200,24.549999
4172,2011-02-14,28.163411038913914,28.44145377554008,28.012805715086145,28.44145377554008,21.118115098328584,774400,24.559998999999998
4173,2011-02-15,28.40669959197321,28.568891188338473,28.186582425477496,28.45303888956617,21.126711252935937,1049700,24.66
4174,2011-02-16,28.534134687748796,28.63840071398361,28.256091951122634,28.568891188338473,21.316894801811042,1151300,24.459999
4175,2011-02-17,28.38352936392103,28.661572100547197,28.29084845171231,28.33718774930527,21.143997401574264,907800,24.59
4176,2011-02-18,28.37194424989494,28.487795390155846,28.221338926067173,28.487795390155846,21.25638227571857,1092700,24.24
4177,2011-02-22,28.105486627294866,28.534134687748796,27.920124802877424,28.082316399242686,20.953827754835995,1175200,24.1
4178,2011-02-23,28.117071741320956,28.418285864510704,27.653668338788755,27.920124802877424,20.83280501967385,934300,23.780001000000002
4179,2011-02-24,27.885369460799154,28.093901513268776,27.22501796131201,27.54940231255394,20.556190727607103,1557500,24.74
4180,2011-02-25,27.7115927504078,28.696327442625467,27.572570223583313,28.661572100547197,21.38604403040997,1134500,25.65
4181,2011-02-28,28.88168926704291,29.76215909153717,28.812179741397774,29.7158174769214,22.172674431292894,1603600,24.32
4182,2011-03-01,29.509166112271608,29.54358697257313,27.811128086026123,27.90291398730014,20.819969231873166,2160600,24.110001
4183,2011-03-02,27.914387224959388,28.12090550282592,27.535770382204085,27.66197714377962,20.640188187047748,2020300,24.620001000000002
4184,2011-03-03,28.017646363892656,28.41920968196646,28.006173126233403,28.247112264401455,21.07679536222798,1483400,24.4
4185,2011-03-04,28.155326363127443,28.293004067714698,27.696394562109838,27.99469988857415,20.88845184013747,1671500,24.01
4186,2011-03-07,28.086485789848165,28.212691404099935,27.271885916041292,27.547243619863337,20.55457947692948,1052500,24.24
4187,2011-03-08,27.570191242505604,28.040593986534926,27.52429714454483,27.811128086026123,20.75147859234249,1055500,24.549999
4188,2011-03-09,27.673450381438872,28.25858320741317,27.593135423176577,28.166797306139163,21.01686146334358,1409000,24.219998999999998
4189,2011-03-10,27.776707225724603,28.006173126233403,27.547243619863337,27.788180463383853,20.73435249048853,1111200,24.52
4190,2011-03-11,27.535770382204085,28.178270543798412,27.535770382204085,28.13237874048517,20.991187799433472,914200,24.209999
4191,2011-03-14,27.914387224959388,28.0635381672059,27.63902952113735,27.776707225724603,20.725795749842256,804200,24.059998999999998
4192,2011-03-15,26.82442850000671,27.822601323685376,26.82442850000671,27.604608660835826,20.59737924269355,1204100,23.790001
4193,2011-03-16,27.547243619863337,27.71934218475211,27.04242116285626,27.294833538683566,20.366246280752865,1611200,24.299999
4194,2011-03-17,27.742288660070614,28.017646363892656,27.46693210357234,27.87996636465787,20.80284083537167,1353800,24.58
4195,2011-03-18,28.235639026742206,28.430684066949485,28.040593986534926,28.20121816644068,21.04254660049135,1286200,24.780001000000002
4196,2011-03-21,28.64867328782773,28.64867328782773,28.14385312546819,28.430684066949485,21.213766315375423,1101300,24.58
4197,2011-03-22,28.465101485279703,28.499522345581227,28.075011404865144,28.20121816644068,21.04254660049135,734100,24.33
4198,2011-03-23,28.0635381672059,28.097959027507414,27.489876284243312,27.914387224959388,20.82852597251943,1453500,24.469998999999998
4199,2011-03-24,28.0635381672059,28.166797306139163,27.627556283478096,28.075011404865144,20.948378855079277,1266100,24.6
4200,2011-03-25,28.10943226516667,28.545414148894466,28.017646363892656,28.224164641759188,21.059668113050243,1113100,24.559998999999998
4201,2011-03-28,28.327424928016217,28.442157304608735,28.13237874048517,28.178270543798412,21.025423940608675,841300,24.65
4202,2011-03-29,28.13237874048517,28.37331673132946,27.650502758796602,28.28153083005544,21.102471320785618,905100,24.99
4203,2011-03-30,28.430684066949485,28.786353287062518,28.14385312546819,28.67162091047,21.393541623582006,1560900,25.469998999999998
4204,2011-03-31,29.096131851186083,29.45180107129912,28.866665950677284,29.222335170790316,21.80446021964317,1601600,25.41
4205,2011-04-01,29.240562057037163,29.26336171556117,28.76176922803305,28.966966154749098,21.61391668314763,1010800,25.469998999999998
4206,2011-04-04,28.978365984011106,29.286162514068106,28.88716734991508,29.035363990338187,21.664950298804836,979100,25.459999
4207,2011-04-05,28.966966154749098,29.12656262443421,28.875767520653074,29.023964161076186,21.65644716615831,1229500,25.559998999999998
4208,2011-04-06,29.12656262443421,29.206363709234086,28.88716734991508,29.13796245369621,21.74150243226504,920600,25.219998999999998
4209,2011-04-07,29.05816478884512,29.05816478884512,28.567970990596073,28.750368258788118,21.452297883751434,1036800,25.030001000000002
4210,2011-04-08,28.875767520653074,28.989765813273102,28.53377378277592,28.53377378277592,21.290687064235726,855400,24.809998999999998
4211,2011-04-11,28.613571447627013,28.784568886557054,28.203177594194912,28.282975259046,21.103549747036546,1444400,24.82
4212,2011-04-12,28.191777764932908,28.62497241687194,28.157579417129828,28.294376228290936,21.112060859563556,1575500,24.860001
4213,2011-04-13,28.351376514583876,28.499573155006985,28.203177594194912,28.339976685321872,21.146082510013077,1169600,24.99
4214,2011-04-14,28.180376795687977,28.62497241687194,28.100579130836884,28.48817332574498,21.256660853854502,1562900,25.110001
4215,2011-04-15,28.567970990596073,28.68197042319903,28.385574862386957,28.62497241687194,21.358731505117696,1649700,24.790001
4216,2011-04-18,28.191777764932908,28.419774350172965,28.157579417129828,28.260177880487852,21.08654462172641,1406900,25.26
4217,2011-04-19,28.305776057552933,28.898567179177086,28.305776057552933,28.795968715819058,21.486324094132662,1091200,25.870001000000002
4218,2011-04-20,29.206363709234086,29.61675642268326,28.921367977684014,29.491359440784155,22.00519644285613,1651600,25.99
4219,2011-04-21,29.62815625194526,29.707953916796352,29.32035972188826,29.62815625194526,22.107272794033957,1684500,26.299999
4220,2011-04-25,29.6737567089762,30.02715027611536,29.593955624176328,29.98154981908442,22.37095768476164,1226900,26.75
4221,2011-04-26,30.084148282442445,30.950536446337583,29.878951355726397,30.494543275857474,22.753729751891903,2900000,26.860001
4222,2011-04-27,30.56294111144656,30.688340373311522,30.380544983237442,30.619942537722434,22.847296130525645,1256000,27.370001000000002
4223,2011-04-28,30.585741909953494,31.37233012903169,30.51734293438148,31.201333830084575,23.281097253381414,2111300,26.959999
4224,2011-04-29,30.722541001080454,31.543327567961732,30.47174361733347,30.733938550376607,22.93235823652993,2500000,26.610001
4225,2011-05-02,31.248133846050695,31.293518525074788,29.965983475243842,30.192913678236355,22.528670325436792,1982000,26.450001
4226,2011-05-03,29.920598796219753,30.499265651214348,29.67097568639252,30.011370423558617,22.393207287377635,1623100,26.24
4227,2011-05-04,30.045408649165353,30.158873183338937,29.52347179196686,29.773093767148747,22.215414035554335,1270900,26.24
4228,2011-05-05,29.568856470990948,30.192913678236355,29.568856470990948,29.773093767148747,22.215414035554335,1657700,25.860001
4229,2011-05-06,30.272337717512524,30.272337717512524,29.341929671934466,29.341929671934466,21.893697830003894,1670800,25.889999
4230,2011-05-09,29.375966762895857,29.54616583344692,29.114999468941953,29.375966762895857,21.919090058106597,1392400,26.67
4231,2011-05-10,29.534819380029564,30.306375943119257,29.46673839023472,30.260991264095164,22.579459320223574,1214400,26.16
4232,2011-05-11,30.12483268844152,30.204260131653715,29.59155051247101,29.68232213980988,22.147682516524757,1328000,26.299999
4233,2011-05-12,29.580204059053653,29.954637021826482,29.319235630454408,29.841171353007557,22.266213242149192,1257600,26.110001
4234,2011-05-13,29.818480715463526,29.909252342802393,29.42135371121063,29.625591007368428,22.10535116811527,957100,25.940001000000002
4235,2011-05-16,29.455391936817367,29.943289433763784,29.387314350958558,29.432701299273337,21.96142140651608,810900,26.139999
4236,2011-05-17,29.330582083871764,29.67097568639252,29.285195135556986,29.65962809832982,22.13074793479935,1191600,26.43
4237,2011-05-18,29.61424341930573,30.06810155600007,29.444047752690693,29.98867638207856,22.4794686994831,860600,26.549999
4238,2011-05-19,30.07944800941743,30.46522742560762,29.818480715463526,30.12483268844152,22.58153685584429,1102100,26.129998999999998
4239,2011-05-20,29.375966762895857,29.841171353007557,29.375966762895857,29.648281644912462,22.22431078967888,1500800,25.73
4240,2011-05-23,29.194424642863464,29.41000725779328,29.035574295020446,29.194424642863464,21.88409986505815,1446700,25.65
4241,2011-05-24,29.330582083871764,29.478085978297425,28.978843162578993,29.103653015524593,21.816058587850275,911200,25.82
4242,2011-05-25,29.01288138818573,29.478085978297425,28.876725081822766,29.29654272361969,21.96064190516631,1048700,26.190001000000002
4243,2011-05-26,29.239810456532894,29.85251780642491,29.114999468941953,29.7163626347073,22.27533805998743,844800,26.290001
4244,2011-05-27,29.87521184790497,29.931942980346424,29.568856470990948,29.829827168880882,22.360393344094636,592000,26.73
4245,2011-05-31,30.113488504314844,30.329069984599315,29.818480715463526,30.329069984599315,22.734625474641977,1530500,25.75
4246,2011-06-01,30.31615290662408,30.31615290662408,29.180291094306273,29.248441667183524,21.924590982695527,1447300,25.35
4247,2011-06-02,29.305233621937603,29.566484110494326,28.760021087886873,28.794096942256406,21.58401076930472,1947800,25.610001
4248,2011-06-03,28.36246831771382,29.305233621937603,28.339753353191092,29.089422149320846,21.805393644110897,1387800,25.25
4249,2011-06-06,29.055345159089498,29.22572443093717,28.646433770793273,28.68051076102462,21.498867703715188,1407100,25.82
4250,2011-06-07,28.88496588724183,29.60055769314023,28.771379706010045,29.327951994045772,21.984186244402405,1469500,26.0
4251,2011-06-08,29.203006058829004,29.64599330149476,29.157572722198104,29.532407120262977,22.13745489390932,2250700,25.799999
4252,2011-06-09,29.64599330149476,29.64599330149476,29.203006058829004,29.305233621937603,21.967164219283013,1978200,25.200001
4253,2011-06-10,29.157572722198104,29.23708304906035,28.498772871053774,28.623718806270546,21.45630128229858,2593100,25.23
4254,2011-06-13,28.646433770793273,28.907684259349995,28.4419809162997,28.657793524778267,21.48183772756311,1180600,25.559998999999998
4255,2011-06-14,29.0099118224586,29.29387727553805,28.873607269118654,29.03262678698133,21.762811320628916,1018900,24.959999
4256,2011-06-15,28.725946369379148,28.964476214104074,28.214807417974324,28.351109699590648,21.251947247782674,1338000,25.1
4257,2011-06-16,28.555564825807853,28.828171660764124,27.828614401786268,28.510131489176953,21.371153673261794,1647100,25.379998999999998
4258,2011-06-17,28.828171660764124,28.998553204335423,28.54420620768467,28.828171660764124,21.609551758016497,1744200,25.99
4259,2011-06-20,28.74866133390188,29.589199075017056,28.725946369379148,29.5210485021398,22.128940473764185,1465700,26.09
4260,2011-06-21,29.65735305547975,29.907241518327854,29.396102566923027,29.634634683371583,22.21407899590647,1414200,25.66
4261,2011-06-22,29.532407120262977,29.64599330149476,29.123495731966756,29.146214104074925,21.847955522080262,1348700,25.18
4262,2011-06-23,28.725946369379148,28.794096942256406,28.05578790011164,28.601000434162376,21.439267898561063,1764600,25.02
4263,2011-06-24,28.623718806270546,28.816815314364575,28.19209018172797,28.41926254419153,21.303039447962536,1708100,25.190001000000002
4264,2011-06-27,28.385186689821992,28.725946369379148,28.36246831771382,28.61236018814737,21.447784590429823,1238400,25.58
4265,2011-06-28,28.760021087886873,29.089422149320846,28.521491243161943,29.055345159089498,21.779845840228248,1463400,25.719998999999998
4266,2011-06-29,29.248441667183524,29.327951994045772,29.021268168858153,29.214364676952176,21.89904431467469,1192100,25.530001000000002
4267,2011-06-30,29.29387727553805,29.5210485021398,28.98719345035043,28.998553204335423,21.73727487536439,1246000,26.059998999999998
4268,2011-07-01,29.063670410092865,29.619748851373487,28.836698019670507,29.574353465403988,22.16889308381654,1265600,26.43
4269,2011-07-05,29.540310046781634,29.99425142305752,29.38142789817282,29.99425142305752,22.483647742185354,1080600,26.77
4270,2011-07-06,29.914812618465668,30.425495673776787,29.80132585582635,30.38010255751985,22.772880617722045,1234500,27.440001000000002
4271,2011-07-07,30.811347943095406,31.219896203114352,30.720559440868975,31.140457398522503,23.34283948613681,2093000,27.17
4272,2011-07-08,30.731908003647273,30.947530696435056,30.573029259607303,30.834045068652017,23.113157058922994,1117400,26.84
4273,2011-07-11,30.493589320159174,30.70920974323439,30.34605686918494,30.459542496967984,22.832429931188642,1029700,27.120001000000002
4274,2011-07-12,30.38010255751985,31.219896203114352,30.357405431963247,30.777303389616776,23.070623780486184,1398100,26.6
4275,2011-07-13,30.936182133656754,30.99292381269199,30.175828427510382,30.187176990288688,22.62826474738184,1520300,26.379998999999998
4276,2011-07-14,30.33470830640664,30.391452255154437,29.80132585582635,29.937507474309715,22.441111059179715,1139400,26.83
4277,2011-07-15,30.119086748475137,30.47089105974629,29.85806753486159,30.44819393418968,22.8239241833863,1040500,26.629998999999998
4278,2011-07-18,30.33470830640664,30.48224075738087,29.81267441860465,30.221221543767317,22.6537797210763,1309400,27.139999
4279,2011-07-19,30.312010045993752,30.913485008100142,30.277965492515115,30.799998245460824,23.087633006378308,1750600,27.66
4280,2011-07-20,31.02697063588318,31.605747337576688,30.75460512920389,31.390124644788912,23.529998848620323,1353800,27.969998999999998
4281,2011-07-21,31.560351951607192,31.912159667447174,31.526308532984842,31.741928956060054,23.79370540189977,1431100,27.969998999999998
4282,2011-07-22,31.75327865369464,31.84406602106479,31.526308532984842,31.741928956060054,23.79370540189977,1087700,27.73
4283,2011-07-25,31.424171467980102,31.651140453833627,31.174500817144853,31.469564584237038,23.589539083236698,850200,27.65
4284,2011-07-26,31.390124644788912,31.526308532984842,31.19719907755774,31.378776082010607,23.5214817522552,1305800,26.799999
4285,2011-07-27,31.24259446352724,31.35607782159772,30.391452255154437,30.414147110998485,22.79839445656023,1672000,26.92
4286,2011-07-28,30.312010045993752,30.958880394069638,30.096388488062253,30.550330999194415,22.900482722745018,1218700,27.299999
4287,2011-07-29,30.130433041540886,31.24259446352724,29.914812618465668,30.98157524991369,23.223745398628733,3002300,27.309998999999998
4288,2011-08-01,31.33775482305503,31.51883135800835,30.624759246997286,30.907693101198436,23.168366854532213,2149300,26.389999
4289,2011-08-02,30.647395087068794,31.439611010567443,29.843864072872943,29.8664965177382,22.387879105157918,2579900,26.379998999999998
4290,2011-08-03,29.957035351082567,29.957035351082567,29.029013441038206,29.855179163570153,22.37939787994438,2759800,24.82
4291,2011-08-04,29.41380348275177,29.71937204528902,28.03308627425015,28.089673045090382,21.05598269906641,2499100,24.190001000000002
4292,2011-08-05,28.632904913421175,28.66685810766073,26.79949466993313,27.3766808642389,20.521526307157522,4586900,21.99
4293,2011-08-08,26.573147586572205,27.059793815798187,24.88686181553334,24.88686181553334,18.655154269655032,5693700,23.77
4294,2011-08-09,25.486681586439783,26.969254982453815,24.807640336357018,26.901350857445543,20.16521299200159,5766600,23.32
4295,2011-08-10,26.199674899026682,27.80673919088923,26.04123194067404,26.39206991988347,19.783459396411313,3948500,24.98
4296,2011-08-11,26.607099649076346,28.712128656068337,26.27889524646759,28.27075071177912,21.191709464132956,3160700,24.65
4297,2011-08-12,28.610272468555923,28.927156121790375,27.852009739296832,27.897278024233596,20.9117588644905,2278200,25.879998999999998
4298,2011-08-15,28.180211878434747,29.311947295239356,28.044404760153615,29.289311455167848,21.95523249960935,2087000,26.07
4299,2011-08-16,28.995062510269488,29.787276170297297,28.610272468555923,29.504342316096142,22.116414257670662,2802400,26.120001000000002
4300,2011-08-17,29.549612864503743,29.945717996914524,29.10823378847911,29.560930218671793,22.261300157465406,1703800,24.99
4301,2011-08-18,28.497097795140043,28.91583876762233,28.010451565914057,28.282068065947165,21.29823066503344,2779600,24.110001
4302,2011-08-19,27.818056545057274,28.429194801867183,27.218235642415415,27.286142030894528,20.54823299952327,2949000,24.24
4303,2011-08-22,27.897278024233596,28.05572211432166,26.92398669751705,27.433266503343706,20.65902876509303,1874300,24.709999
4304,2011-08-23,27.569075885095682,28.021768920082106,27.206920551718202,27.965181017506456,21.05959972545852,2535800,25.33
4305,2011-08-24,27.919912732569692,28.689492815996825,27.704883003376818,28.66685810766073,21.587999069416675,1627200,24.49
4306,2011-08-25,28.904523676925116,29.22140846189499,27.467218565847848,27.71620035754486,20.872096065073166,1794700,25.02
4307,2011-08-26,27.54644004502417,28.440509892564393,26.8900335032775,28.316020128451303,21.323803358511555,1963600,25.950001
4308,2011-08-29,28.76871429517315,29.379850288512216,28.632904913421175,29.368535197815007,22.11641199419983,1184000,25.99
4309,2011-08-30,29.27799636447064,29.583562663537048,28.700811301900288,29.41380348275177,22.150505523631068,1576400,26.57
4310,2011-08-31,29.696737336952925,30.17206621201086,29.323264649407406,30.070210024498447,22.644823787247567,1784900,26.139999
4311,2011-09-01,30.171522446610457,30.23932248808889,29.4822094063617,29.538709252590472,22.244563171180623,1614800,25.719998999999998
4312,2011-09-02,28.781596170863285,29.52740905734081,28.758998040403018,29.06410105210477,21.88715381570724,1593600,25.49
4313,2011-09-06,28.024483089136094,29.041502921644504,28.024483089136094,28.804197691382125,21.69143330396361,1821900,26.950001
4314,2011-09-07,29.27880589186783,30.499226978831057,28.917199643878725,30.454027327851943,22.933862651195078,2206000,26.92
4315,2011-09-08,30.171522446610457,30.7591303395537,30.002017257826516,30.420125612083442,22.90832873000895,1407900,26.059998999999998
4316,2011-09-09,30.024618778345356,30.408825416833782,29.19970452512021,29.448307690593193,22.17649305503572,2110400,26.389999
4317,2011-09-12,29.007601205876004,29.900315500579577,28.996301010626343,29.821214133831962,22.457308557087384,2719800,26.709999
4318,2011-09-13,29.900315500579577,30.261924008607735,29.56131077310932,30.182820381821067,22.729622922252734,2826500,26.48
4319,2011-09-14,30.374923701065278,30.374923701065278,29.52740905734081,29.92291702109842,22.533897890431003,3544600,26.860001
4320,2011-09-15,30.228022292839228,30.408825416833782,29.93421721634808,30.35232557060501,22.85727218783194,2204100,26.57
4321,2011-09-16,30.386223896314934,30.781731860072544,29.855115849600466,30.024618778345356,22.610490613833196,2305700,25.969998999999998
4322,2011-09-19,29.516111122130205,29.708214441374416,29.23360624088872,29.346605933346257,22.099899201614004,1890000,25.85
4323,2011-09-20,29.493509601611365,29.821214133831962,29.15450261410205,29.211004720369875,21.997778207123304,1406300,24.190001000000002
4324,2011-09-21,29.244904176099322,29.301406282367147,27.278670202658567,27.33517343894592,20.585158879275767,2450000,23.24
4325,2011-09-22,26.566759031949545,27.06396875295409,25.888747316969972,26.261653760208738,19.776725960822255,3032600,23.52
4326,2011-09-23,26.126052547232348,26.691062309715328,25.92264903273848,26.578059227199205,20.015003007876096,2347200,23.75
4327,2011-09-26,26.691062309715328,26.883165628959535,26.148650677692615,26.83796371794137,20.2107269096783,1570600,23.459999
4328,2011-09-27,27.493375042421622,27.65157664589733,26.28425415070806,26.51025692568172,19.963945335679565,2605600,22.65
4329,2011-09-28,26.623258878178316,26.849263913191034,25.549742589499715,25.594942240478822,19.27465376580178,2416500,22.870001000000002
4330,2011-09-29,26.182552393461123,26.272953955458394,25.28983583871849,25.84354766599086,19.461873140659087,2319200,22.120001000000002
4331,2011-09-30,25.481939157962707,25.820946145472014,24.984732827016735,24.9960330222664,18.82363811295832,1928700,20.709999
4332,2011-10-03,24.77593095874941,25.18357996828916,23.428430518322067,23.451075357899665,17.66018021785965,2407900,22.16
4333,2011-10-04,23.043428613070347,25.17225641614515,22.73769270518194,25.092991551137043,18.896653229514936,3200000,21.85
4334,2011-10-05,25.070343314493797,25.126963339924302,23.67754753313518,24.741961434672582,18.632304904712903,2349200,22.43
4335,2011-10-06,24.628725913232433,25.42137569566869,24.33431355748804,25.398727459025444,19.12688482406226,1983500,21.6
4336,2011-10-07,25.51196411282081,25.60255252997293,24.368284213920088,24.45887263107221,18.419112991431895,2697000,22.610001
4337,2011-10-10,24.99107958184091,25.60255252997293,24.877842928045546,25.60255252997293,19.280383499860882,1783100,22.139999
4338,2011-10-11,25.342108565950156,25.545932504542424,24.79857919539265,25.070343314493797,18.87959203349954,1865800,22.76
4339,2011-10-12,25.35343211809417,26.236670317682552,25.217550624721206,25.77240467977794,19.408297741945315,1855300,22.709999
4340,2011-10-13,25.432696983102275,25.930934409794144,24.911814716832804,25.715785786702646,19.36565211221574,1856700,23.35
4341,2011-10-14,26.1234347962424,26.531082673426933,25.77240467977794,26.44049425627482,19.91140882547997,1414800,22.76
4342,2011-10-17,26.191374976751273,26.214023213394515,25.60255252997293,25.77240467977794,19.408297741945315,1973700,23.66
4343,2011-10-18,25.795052916421184,27.051964939696408,25.636520921694544,26.791524372739282,20.175757150282,2061000,23.549999
4344,2011-10-19,26.678287718943913,27.108584965126916,26.49711201699489,26.6669641667999,20.081957373741833,2238900,23.93
4345,2011-10-20,26.63299464272307,27.17652514563579,26.259318554325798,27.09726028062768,20.405994406605398,2517200,24.67
4346,2011-10-21,27.2671135627879,27.935203139284788,27.233141774000647,27.935203139284788,21.037021996934914,1884600,25.48
4347,2011-10-24,27.901231350497525,28.999618173177403,27.776674541623795,28.852410862949995,21.72773942768118,2369000,25.219998999999998
4348,2011-10-25,28.61461626792568,28.852410862949995,28.172996601953884,28.557997374850387,21.506020879635727,2495400,25.66
4349,2011-10-26,28.942998147746895,29.22608695134727,28.21829194288516,29.056234801542264,21.881230176993306,1981900,26.799999
4350,2011-10-27,30.211237120231782,30.766091175288516,29.83755989947929,30.34711861360475,22.85334580500484,2836900,25.030001000000002
4351,2011-10-28,30.48300237168814,30.868003144584648,27.810642933345406,28.34285214882454,21.34400462791437,4310100,24.67
4352,2011-10-31,27.131229804704514,28.252263731672418,26.98402475918753,27.935203139284788,21.037021996934914,4074600,23.200001
4353,2011-11-01,27.063471085227423,27.403465588118287,26.258821243866866,26.292821714136057,19.800201797387615,5307200,23.5
4354,2011-11-02,26.74614507359767,27.17680334173187,26.156823232992974,26.632813950404458,20.056244004150646,3626200,23.200001
4355,2011-11-03,26.984139298992176,26.99547354462273,25.78283052645538,26.292821714136057,19.800201797387615,4481600,22.790001
4356,2011-11-04,26.134155875043096,26.168156345312294,25.034845113380193,25.828164109043897,19.450284021349955,5837700,23.08
4357,2011-11-07,25.873495425009946,26.236155019228217,25.46550224820316,26.156823232992974,19.697791261225305,2001000,23.549999
4358,2011-11-08,26.360819254740758,26.780143277244395,25.78283052645538,26.68947837868983,20.098912038721654,3195200,22.120001000000002
4359,2011-11-09,26.032157864169207,26.156823232992974,25.000844643110995,25.068845583649388,18.87847070596738,3034600,22.82
4360,2011-11-10,25.43150517786766,25.907495895279144,25.318172921363217,25.862162312690625,19.475879855523143,2592800,23.52
4361,2011-11-11,26.213487661278347,26.99547354462273,26.043492109799764,26.6554801750431,20.073306004747383,2321800,22.67
4362,2011-11-14,26.315485672152235,26.462817265614643,25.556167146757726,25.692165627900813,19.347870085253945,1569000,22.610001
4363,2011-11-15,25.567500259077047,25.88482853732927,25.182174440220127,25.624168087296116,19.296661417239093,1469500,22.49
4364,2011-11-16,25.204841798170005,25.70349874022013,25.114176899615437,25.48816960615303,19.296661417239093,2358800,21.9
4365,2011-11-17,25.38617159527914,25.454169135883834,24.592854866237904,24.819515979313092,18.7904316895372,2158800,21.52
4366,2011-11-18,24.989511530791674,25.000844643110995,24.343525261901608,24.388857711178893,18.46439504777881,3148700,21.1
4367,2011-11-21,23.992198780002656,24.162195464792468,23.708870972019632,23.91286699376741,18.104027008871505,2513900,20.940001000000002
4368,2011-11-22,23.89020076912876,24.0715305662379,23.640873431414935,23.731538329969503,17.966744486102645,1523600,20.49
4369,2011-11-23,23.48220759232197,23.538874287229813,23.085550927768203,23.221547142288824,17.580642349051853,1859100,20.559998999999998
4370,2011-11-25,23.11954913141493,23.788202758254872,23.01754998722981,23.300877795212834,17.64069991116563,496200,20.4
4371,2011-11-28,24.003531892321973,24.105529903195862,22.91555197635592,23.11954913141493,17.50341398846307,2640000,20.290001
4372,2011-11-29,23.2102140299695,23.346211377801357,22.858887548070552,22.994886029213635,17.40903976224639,1751400,21.780001000000002
4373,2011-11-30,24.150861219161914,24.944180214825625,23.91286699376741,24.68351976479247,18.687473764049862,5103700,21.75
4374,2011-12-01,24.72182920344571,24.858161684263,24.33555062214187,24.71046806870148,18.707875012828353,2250600,21.889999
4375,2011-12-02,24.960411896961077,25.255802536424547,24.812718281399555,24.86952281900723,18.828292816095928,1875000,21.92
4376,2011-12-05,25.301247075401466,25.301247075401466,24.67638352835531,24.9036073593534,18.854101905894396,1577100,21.66
4377,2011-12-06,24.824079416143785,24.824079416143785,24.380994025005318,24.608217856003407,18.630462512908117,1283600,21.84
4378,2011-12-07,24.551413318395728,24.949050762216846,24.210577003841856,24.812718281399555,18.785287512748592,989600,21.1
4379,2011-12-08,24.608217856003407,24.6536635310938,23.881105232372647,23.971994310326497,18.148791299837818,1416800,21.91
4380,2011-12-09,24.096965656399554,24.99449643730724,24.096965656399554,24.892246224609167,18.84549584632564,1886500,21.41
4381,2011-12-12,24.54005104753802,24.630940125491865,24.051522253536106,24.324189487397643,18.415423498923218,1242300,20.940001000000002
4382,2011-12-13,24.471885375186112,24.68774579921302,23.608439134624593,23.790217290532283,18.011169330227055,1387400,21.219998999999998
4383,2011-12-14,23.74477161544188,24.221939274699565,23.551632324789963,24.10832679114378,18.251996983967885,1889800,21.66
4384,2011-12-15,24.460524240441885,24.949050762216846,24.301466081795706,24.608217856003407,18.630462512908117,1479100,21.799999
4385,2011-12-16,24.778633741053387,25.05130097491492,24.52868991279379,24.767272606309156,18.75088258840264,1805000,21.66
4386,2011-12-19,24.801357146655324,24.914968494097632,24.49460537244762,24.608217856003407,18.630462512908117,1277700,22.51
4387,2011-12-20,25.039942112397643,25.607998849609167,24.98313530256301,25.573914309263007,19.361576528195794,1648000,22.709999
4388,2011-12-21,25.61935771212645,25.880666083470704,25.40349842421302,25.80113586803414,19.533603422152506,1106700,22.99
4389,2011-12-22,25.926109486334152,26.289664662036053,25.869303812612998,26.119248776986066,19.774441300914603,879300,22.950001
4390,2011-12-23,26.14197104647453,26.198775584082206,25.744331330426462,26.07380537412262,19.740036376568654,757400,22.93
4391,2011-12-27,26.028359699032226,26.35783374272839,25.85794267786877,26.051081968520688,19.72282880188504,725700,22.58
4392,2011-12-28,26.07380537412262,26.10788764224184,25.528468634172604,25.653442252472615,19.421783725659363,772700,22.9
4393,2011-12-29,25.76705359991492,26.164694452076468,25.71024679008029,26.01699856428799,19.697033345448258,596100,22.91
4394,2011-12-30,26.062444239378394,26.210137854939916,25.982916296168778,26.028359699032226,19.705631452222693,858100,23.209999
4395,2012-01-03,26.445964589199917,26.694815697174246,26.072689623942825,26.2536714252796,19.87620643136788,1195000,22.709999
4396,2012-01-04,26.140560061716634,26.16318052461121,25.688103296102177,25.688103296102177,19.448028374402757,1206200,23.110001
4397,2012-01-05,25.620236251737143,26.151871424300182,25.507121494765407,26.140560061716634,19.790580547746675,951800,22.950001
4398,2012-01-06,26.072689623942825,26.2876066441665,25.857775997127924,25.95957826037986,19.65355696368209,813200,22.68
4399,2012-01-09,25.914331678909406,26.061380523631794,25.60892375801734,25.65417033948779,19.422341401111776,839700,22.889999
4400,2012-01-10,25.936954404076502,26.072689623942825,25.81252941565747,25.89170782260605,19.602172836873798,1581500,22.93
4401,2012-01-11,25.81252941565747,25.993511216994243,25.733349877572632,25.936954404076502,19.636424773913046,1327300,22.4
4402,2012-01-12,26.219738468665213,26.36678505111508,25.314828330845078,25.337452187148436,19.182555219111908,2144900,22.6
4403,2012-01-13,25.09991470403018,25.59761239543379,25.09991470403018,25.56367943881941,19.35383074021574,2390700,23.129998999999998
4404,2012-01-17,25.89170782260605,26.276295281582957,25.778596459043083,26.16318052461121,19.807700295016875,1807400,23.57
4405,2012-01-18,26.197115743498117,26.683504334590697,26.16318052461121,26.6608816094236,20.184499880855004,1627000,23.76
4406,2012-01-19,26.64956911570379,27.147270200516182,26.604324796505857,26.87579749851102,20.34721609389187,2065700,23.809998999999998
4407,2012-01-20,26.80793045414599,26.96628839917941,26.615637290225667,26.932353180292502,20.3900296012706,2134300,23.879998999999998
4408,2012-01-23,26.909732717397926,27.41874290252134,26.887108861094568,27.01153271837734,20.449978691827145,1469200,23.83
4409,2012-01-24,26.80793045414599,27.203825882297668,26.717439553477604,26.954977036595857,20.407152741949574,1539900,24.41
4410,2012-01-25,26.898421354814378,27.65628264791212,26.841863410760375,27.611036066441667,20.90384598435577,1237300,24.75
4411,2012-01-26,27.80332923036199,28.199226920786185,27.792017867778444,27.995622394282314,21.19500837521011,1889900,24.639999
4412,2012-01-27,27.984311031698763,28.02955761316922,27.59972470385812,27.871196274727023,21.1008107410231,1394600,24.25
4413,2012-01-30,27.59972470385812,27.633658791608763,27.237761101184567,27.430054265104893,20.766829187108737,1549800,24.559998999999998
4414,2012-01-31,27.611036066441667,27.82595195552909,27.3056281455496,27.780705374058634,21.032297817854545,2393500,24.83
4415,2012-02-01,27.85037520370021,27.96299297646082,27.658923863829433,27.96299297646082,21.170307861655168,1552400,24.73
4416,2012-02-02,27.951731199184763,27.996779434466735,27.670186767283223,27.85037520370021,21.08504269354265,1160100,25.02
4417,2012-02-03,28.131919635601747,28.26706096291449,27.82785052297036,28.176966744705993,21.33230514923813,1793500,24.85
4418,2012-02-06,28.03056251393947,28.188229648159787,27.81659099804975,27.985516531012948,21.187357066273396,3362000,24.91
4419,2012-02-07,27.839112300246416,28.1093949548719,27.78280454004384,28.053087194669317,21.238515941905366,2451700,25.48
4420,2012-02-08,28.1093949548719,28.717532053956948,27.951731199184763,28.695008499404825,21.724506678476523,2429800,25.24
4421,2012-02-09,28.616176058472394,28.728793831233013,28.27832386636828,28.424725844779346,21.51987342830412,1994100,25.07
4422,2012-02-10,28.22201272763251,28.481035857337385,28.154443190153874,28.233275631086304,21.37493210240575,1076500,25.15
4423,2012-02-13,28.43598762205541,28.593651377742543,28.255799185638423,28.323369849294792,21.44313793030049,1121300,24.66
4424,2012-02-14,28.233275631086304,28.233275631086304,27.636402561632767,27.77154276276778,21.02536428340134,1209700,24.780001000000002
4425,2012-02-15,27.77154276276778,27.996779434466735,27.58009254907473,27.906685216258246,21.12767865613209,1617800,24.950001
4426,2012-02-16,27.81659099804975,28.154443190153874,27.749018082037928,28.09813542995129,21.428269005762903,1320200,25.33
4427,2012-02-17,28.24453740836236,28.672483818674976,28.21075095035645,28.526081840263902,21.754634185045443,1801800,24.969998999999998
4428,2012-02-21,28.57113007554588,28.683745595951034,27.974254753736886,28.120656732147953,21.445451099352997,2514800,24.459999
4429,2012-02-22,28.1093949548719,28.30084516856494,27.512521885418362,27.546306091068818,21.00743666015558,1619000,24.879998999999998
4430,2012-02-23,27.535046566148214,28.019300736663403,27.535046566148214,28.019300736663403,21.368153638663287,1274900,25.48
4431,2012-02-24,28.131919635601747,28.706270276680886,27.996779434466735,28.695008499404825,21.883457655306312,1404200,25.42
4432,2012-02-27,28.447249399331476,28.830149826717566,28.233275631086304,28.627437835748456,21.831930519557417,1338300,24.82
4433,2012-02-28,28.717532053956948,28.8188880494415,27.92920651845491,27.951731199184763,21.316621998203487,1685500,24.84
4434,2012-02-29,28.04182541739325,28.199491425435845,27.805329220773693,27.974254753736886,21.33379733472721,1493500,24.549999
4435,2012-03-01,27.707520603983575,27.964588041431263,27.327506218128793,27.439272919766168,20.92580734549592,1875900,24.59
4436,2012-03-02,27.450449813467777,27.673988805189374,27.316329324427183,27.48398161226198,20.95990357742206,1561400,25.120001000000002
4437,2012-03-05,27.48398161226198,28.22165659656832,27.4057433563507,28.076358096136747,21.411670267773072,1317400,24.620001000000002
4438,2012-03-06,27.841642210713538,28.31107174618121,27.48398161226198,27.51751341105619,20.985478545590084,2019400,24.549999
4439,2012-03-07,27.673988805189374,27.685165698890984,27.238091068515907,27.439272919766168,20.92580734549592,1319200,24.32
4440,2012-03-08,27.56221986817326,27.618103218991944,27.115144120108813,27.18220548231848,20.729769100727136,1928800,24.83
4441,2012-03-09,27.204559269721702,27.908702455233836,27.204559269721702,27.75222706110065,21.164477615910755,1205700,25.32
4442,2012-03-12,27.85281910441515,28.38931000209249,27.718695262306447,28.2998948524796,21.582135779752566,1556100,26.040001
4443,2012-03-13,29.026391825394956,29.261107710818166,28.6016709824231,29.104632316684977,22.195851189082447,2080600,25.93
4444,2012-03-14,29.13816188010044,29.283462615910757,28.81403308044309,28.981685368277883,22.102089345508997,1242800,25.799999
4445,2012-03-15,28.970508474576278,29.071100517890773,28.78050128164888,28.836384632467567,21.991281621351224,1601300,25.969998999999998
4446,2012-03-16,28.847561526169176,29.071100517890773,28.802855069052104,29.026391825394956,22.136181106677654,1746000,26.139999
4447,2012-03-19,29.004040273370478,29.462292915136537,28.85873953756016,29.21639901832235,22.281088415829675,843700,26.030001000000002
4448,2012-03-20,28.99286337966887,29.339345966729443,28.981685368277883,29.093455422983368,22.187329925324338,972800,25.889999
4449,2012-03-21,29.115806975007846,29.22757702971333,28.903448230055975,28.93697667578207,22.067986407446643,699100,25.35
4450,2012-03-22,28.679909238334382,28.769324387947268,28.076358096136747,28.333425533584435,21.60770851254185,951500,25.59
4451,2012-03-23,28.344603544975417,28.791678175350494,28.2998948524796,28.6016709824231,21.812282551030556,946900,25.809998999999998
4452,2012-03-26,28.925799782080457,28.99286337966887,28.568139183628897,28.847561526169176,21.999804002798705,687800,25.940001000000002
4453,2012-03-27,28.914625123757588,29.32816907302783,28.81403308044309,28.99286337966887,22.110606138509628,1115200,25.690001000000002
4454,2012-03-28,28.99286337966887,28.99286337966887,28.47872515170538,28.71344103712859,21.897517542399036,1114900,25.799999
4455,2012-03-29,28.523432726511825,28.959331580874665,28.322248639882822,28.836384632467567,21.991281621351224,1135200,26.41
4456,2012-03-30,29.048746730487547,29.55170806474943,28.959331580874665,29.518176265955223,22.511230716350177,1288200,26.82
4457,2012-04-02,29.306692933528915,29.886141991003328,29.195262865414957,29.886141991003328,22.791850505026403,1359500,26.66
4458,2012-04-03,29.78585292391942,29.930716024030254,29.54070187104766,29.707850316187496,22.655879702197016,1103900,26.709999
4459,2012-04-04,29.395838770936827,29.830425842623377,29.328980507203863,29.763565350244473,22.698371065597495,1263300,26.34
4460,2012-04-05,29.66327851180651,29.8081393832714,29.306692933528915,29.35126696655584,22.38394143950714,842500,25.950001
4461,2012-04-09,28.9723971575722,29.13954560271204,28.82753628610731,28.916682123515223,22.05252061680683,952700,25.290001
4462,2012-04-10,28.849820516813352,28.983540387248194,28.04750909446509,28.181228964899926,21.49164175158746,1405800,25.6
4463,2012-04-11,28.51552474085664,28.548955544207576,28.248087228632897,28.52666797053263,21.755081073003453,681900,26.16
4464,2012-04-12,28.53781231453159,29.184119635738966,28.34837741003977,29.15068883238803,22.230973868452963,1152200,25.91
4465,2012-04-13,28.9723971575722,29.094973798331054,28.727247219023408,28.872108090488297,22.018520394419454,1010400,26.309998999999998
4466,2012-04-16,29.10611702800704,29.529558641371665,29.016971190599126,29.3178361632049,22.358444615685503,999100,26.299999
4467,2012-04-17,29.551845100723643,29.57413267439859,29.239834669795943,29.306692933528915,22.349945674411632,1105500,26.049999
4468,2012-04-18,29.184119635738966,29.3178361632049,29.02811219162918,29.02811219162918,22.137494429024056,1304000,25.92
4469,2012-04-19,29.083829454332097,29.306692933528915,28.82753628610731,28.88325132016429,22.027021564339268,2717800,26.200001
4470,2012-04-20,28.994683616924178,29.328980507203863,28.994683616924178,29.195262865414957,22.26496294761067,3265800,26.139999
4471,2012-04-23,28.95011069822022,29.13954560271204,28.82753628610731,29.128401258713083,22.213979328874114,1859100,26.889999
4472,2012-04-24,29.562989444722607,30.031005091114153,29.3178361632049,29.964143484412283,22.851331950713867,1910200,27.15
4473,2012-04-25,30.242724226312014,30.2984426033379,29.953000254736292,30.25386857031097,23.07228659466719,1221500,27.18
4474,2012-04-26,30.20929676592998,30.387587326422842,29.752424349214422,30.28729825933894,23.09777004661321,1620500,27.17
4475,2012-04-27,30.32072683404394,30.37644409674686,30.00871751743921,30.276155029662952,23.08928113424604,1172100,27.15
4476,2012-04-30,30.16472273290306,30.2984426033379,29.953000254736292,30.25386857031097,23.07228659466719,1007900,27.389999
4477,2012-05-01,30.345195293557865,30.791447033483454,30.233630964036294,30.55716316868351,23.303586290777364,1500500,27.09
4478,2012-05-02,30.334038972168923,30.36750570507147,30.110911428757912,30.22247464264735,23.048345276248284,1136900,27.110001
4479,2012-05-03,30.267098812570982,30.423288427648327,30.133224071535803,30.244788401057374,23.065355319470008,1720200,27.16
4480,2012-05-04,30.14438039292474,30.57947692709353,29.82084707264539,30.300568892369952,23.107896604190326,2902300,27.51
4481,2012-05-07,30.20016199986946,30.780290712094512,30.20016199986946,30.691040140982967,23.40568336596828,829400,27.35
4482,2012-05-08,30.54600684729456,30.7356643109066,30.412132106259385,30.512538998759876,23.269555048012535,1304700,27.73
4483,2012-05-09,30.043973500424254,31.170763076339668,30.010504536257425,30.936479211539716,23.59285743243914,1938100,27.77
4484,2012-05-10,31.170763076339668,31.2153872462633,30.791447033483454,30.98110449709549,23.626893137732527,1018600,27.469998999999998
4485,2012-05-11,30.32288153514784,30.757978069316625,30.122067750146858,30.64641373979505,23.37165100757131,6461300,27.219998999999998
4486,2012-05-14,30.345195293557865,30.84722864042817,30.345195293557865,30.36750570507147,23.15894012144116,1987400,27.129998999999998
4487,2012-05-15,30.456756276183018,30.60178956987142,30.110911428757912,30.267098812570982,23.082376519013117,1469600,26.700001
4488,2012-05-16,30.345195293557865,30.345195293557865,29.765065465700673,29.787379224110698,22.868256589491548,1582000,25.84
4489,2012-05-17,29.698128652999156,29.809689635624306,28.805621826251553,28.827934469029437,22.131673857372235,1721400,25.75
4490,2012-05-18,28.827934469029437,29.196093074864567,28.604806925618433,28.72752757652895,22.054588139103195,1352800,26.15
4491,2012-05-21,28.861404548828407,29.274187324587167,28.682901175341037,29.17378043208668,22.397182034475556,1330900,26.25
4492,2012-05-22,29.20724939625351,29.620032172012273,29.10684250375302,29.285343645976113,22.482827998146337,1438300,26.559998999999998
4493,2012-05-23,29.117998825141964,29.731596501533843,28.850248227439465,29.631188493401215,22.74834510030677,1600000,26.75
4494,2012-05-24,29.74275282292279,29.88778611661119,29.396906859865545,29.843159715423276,22.911080129143002,1007500,26.709999
4495,2012-05-25,29.898940206735855,30.066287258834283,29.67581489458913,29.798533314235364,22.876823528686117,1268400,27.35
4496,2012-05-29,29.977036687722737,30.70219646237191,29.92125396514588,30.512538998759876,23.42497264564976,2949700,26.799999
4497,2012-05-30,30.211318321258403,30.244788401057374,29.898940206735855,29.898940206735855,22.95390032189805,1799900,27.07
4498,2012-05-31,29.965880366333796,30.423288427648327,29.57540800208864,30.20016199986946,23.185156361073037,3164700,26.23
4499,2012-06-01,29.59649556820262,29.864640488412835,29.227796302913575,29.306005237974887,22.49869617842669,2111000,25.99
4500,2012-06-04,29.35069605800992,29.384213055765695,28.836750510336504,29.037860317764668,22.29283797136981,1914200,26.549999
4501,2012-06-05,28.892616269921305,29.775258848342762,28.84792433261577,29.66353068098467,22.773174905106373,1103400,27.129998999999998
4502,2012-06-06,29.998712948517944,30.322720276501453,29.775258848342762,30.311547571492692,23.27066864465439,1610400,26.940001000000002
4503,2012-06-07,30.624384429008447,30.691419541790502,30.043402651282477,30.09926841086728,23.107694631232626,1913600,27.17
4504,2012-06-08,29.976367538500426,30.412101916571526,29.875813193421592,30.356239508798236,23.304976669924788,2177000,26.700001
4505,2012-06-11,30.63555713401721,30.71376606907852,29.786431553351523,29.83112349065706,22.901839775987245,1465900,27.1
4506,2012-06-12,29.93167783573589,30.28920439601618,29.56297633590584,30.27803057373692,23.24493678774872,1549400,26.709999
4507,2012-06-13,30.16630352364933,30.356239508798236,29.69704991328145,29.842293961124817,22.910419296163468,1333900,27.32
4508,2012-06-14,29.954021011212404,30.64672983902597,29.886985898430357,30.523830083929617,23.433637071723652,965900,27.389999
4509,2012-06-15,30.63555713401721,30.71376606907852,30.322720276501453,30.60203790172043,23.49368254025223,1547000,27.68
4510,2012-06-18,30.579694726243915,31.16067315215838,30.378586036086254,30.926047464244945,23.74243499637874,1024100,27.75
4511,2012-06-19,31.071291512088308,31.21653891174318,30.791973886869332,31.004256399306254,23.80247823036631,980600,27.77
4512,2012-06-20,31.06011880707955,31.25005479222845,30.769630711392818,31.026601809323775,23.819624980743257,1065400,26.65
4513,2012-06-21,30.4456211488683,30.467966558885824,29.69704991328145,29.775258848342762,22.85894887872912,12874200,26.58
4514,2012-06-22,30.09926841086728,30.16630352364933,29.227796302913575,29.69704991328145,22.79890676201205,3993300,26.48
4515,2012-06-25,29.361869880289184,29.752912321054744,29.238969007922332,29.58532286319386,22.713130553848302,1947800,26.5
4516,2012-06-26,29.685877208272693,29.83112349065706,29.328350647992405,29.60766827321138,22.73029182874176,1622000,26.469998999999998
4517,2012-06-27,29.70822261829021,29.786431553351523,29.384213055765695,29.574149040914598,22.704562206377084,1369500,26.68
4518,2012-06-28,29.428904993071235,29.83112349065706,29.12724195783474,29.80877696336904,22.884687439257796,1617600,27.030001000000002
4519,2012-06-29,30.27803057373692,30.34506680378947,30.03222994627372,30.19982275594611,23.184889084679146,2539900,27.35
4520,2012-07-02,30.405794442698515,30.62961443880945,30.07006724626807,30.60723143201341,23.497669567358052,2749700,27.549999
4521,2012-07-03,30.674377095118373,30.831049189935573,30.4841310496543,30.831049189935573,23.669493081054892,1425700,27.370001000000002
4522,2012-07-05,30.752713702074168,30.96534163523989,30.50651293735596,30.62961443880945,23.514852142546616,1418400,27.370001000000002
4523,2012-07-06,30.30507594804106,30.730330695278127,30.26031329173214,30.62961443880945,23.514852142546616,1557900,27.620001000000002
4524,2012-07-09,30.730330695278127,30.90938803508014,30.54008688800283,30.90938803508014,23.729634332403624,1413400,27.129998999999998
4525,2012-07-10,31.032487298344854,31.066060129897338,30.249122347881315,30.361029548200815,23.308656763906345,1477600,27.190001000000002
4526,2012-07-11,30.32745783574272,30.596040488162583,30.126020846427824,30.428177449494555,23.360207846755188,1931200,27.530001000000002
4527,2012-07-12,30.32745783574272,30.987724642035932,30.159594797074693,30.80866954042269,23.652311624960713,1961800,28.030001000000002
4528,2012-07-13,30.842240133786397,31.401787326327778,30.831049189935573,31.368216732964072,24.081891671996125,1270700,28.049999
4529,2012-07-16,31.25630617536141,31.48012393328357,31.032487298344854,31.390596382476954,24.099072008995915,1254700,28.27
4530,2012-07-17,31.502506940079613,31.670369978747644,31.043678242195682,31.636798266289542,24.288078097881307,1462400,27.969998999999998
4531,2012-07-18,31.4913148771344,31.536079771632096,31.222733343808926,31.301068831670328,24.030340589147283,1548500,27.620001000000002
4532,2012-07-19,31.45774428377069,31.45774428377069,30.4841310496543,30.90938803508014,23.729634332403624,2033800,27.4
4533,2012-07-20,30.719141989616066,30.976532579090716,30.50651293735596,30.663186151267546,23.540623767140687,1896200,27.24
4534,2012-07-23,30.372220492051646,30.60723143201341,30.215548397234443,30.4841310496543,23.403162046537815,1256600,26.969998999999998
4535,2012-07-24,30.50651293735596,30.517703881206785,29.95815668866541,30.18197444658757,23.171192805114707,1522200,27.040001
4536,2012-07-25,30.31626689189189,30.428177449494555,29.879821200804003,30.26031329173214,23.23133405646344,837800,26.950001
4537,2012-07-26,30.707951045765242,30.707951045765242,29.98053969546145,30.159594797074693,23.154010229926147,1165600,27.200001
4538,2012-07-27,30.31626689189189,30.74152163912895,30.31626689189189,30.43936839334538,23.368792419783155,1288400,27.639999
4539,2012-07-30,30.450557099007437,31.010104291548817,30.405794442698515,30.93176768459302,23.74682138396972,1003300,27.43
4540,2012-07-31,30.87581408443327,31.077251073748165,30.60723143201341,30.69675898282003,23.5663998681123,1591500,27.08
4541,2012-08-01,30.63816331518498,30.905258421991586,30.12622778117797,30.13735679033245,23.136935145638276,1637300,26.879998999999998
4542,2012-08-02,30.059453726251093,30.28203279643978,29.69219642415324,29.914775494341928,22.966055887476724,2056400,26.700001
4543,2012-08-03,30.13735679033245,30.304291927649654,29.614294472972794,29.71445555536312,22.812271900277366,1339600,26.77
4544,2012-08-06,29.836872430260566,29.970421653015247,29.391713176982275,29.792357506543564,22.872076969671713,1560800,26.48
4545,2012-08-07,29.82574342110609,29.903648710989284,29.269292963382078,29.46961624106364,22.624300709856367,1062600,26.16
4546,2012-08-08,29.38058416782779,29.402842186136755,28.979940951167425,29.11348794812027,22.350894341958252,1017500,26.110001
4547,2012-08-09,29.03558488403891,29.24703717087495,28.868650859622623,29.057844015248783,22.30818009192244,984800,26.040001
4548,2012-08-10,28.94655281080307,29.169131880991756,28.868650859622623,28.979940951167425,22.24837057092443,1161400,26.0
4549,2012-08-13,29.002196743674553,29.04671389319339,28.757359655176902,28.935423801648586,22.214200061216516,629000,26.030001000000002
4550,2012-08-14,28.991067734520072,29.04671389319339,28.902035661284227,28.968811942012945,22.239829056398367,1416100,25.9
4551,2012-08-15,28.757359655176902,28.924294792494106,28.401231362233535,28.82413371010378,22.300098205474455,819900,26.209999
4552,2012-08-16,28.81300358804839,29.169131880991756,28.545908481241778,29.169131880991756,22.567007457828183,2485300,26.379998999999998
4553,2012-08-17,29.15800509763911,29.402842186136755,29.10235893896579,29.358325036617916,22.713377299128826,1392700,26.280001000000002
4554,2012-08-20,29.235907048819556,29.347198253265272,29.08009980775591,29.24703717087495,22.627278832706107,969200,26.35
4555,2012-08-21,29.258166180029427,29.402842186136755,29.124616957274753,29.324939122055397,22.687544643079445,819700,26.65
4556,2012-08-22,29.224778039665072,29.69219642415324,29.08009980775591,29.6588093966898,22.945848945554932,1381700,26.700001
4557,2012-08-23,29.54751819224408,29.803487628598962,29.425101317346634,29.71445555536312,22.988909307775447,1300000,26.860001
4558,2012-08-24,29.669938405844285,29.981551775070646,29.480745250218117,29.8925197018348,23.12665861858503,774800,26.860001
4559,2012-08-27,29.937034625551806,30.059453726251093,29.636550265479922,29.8925197018348,23.12665861858503,859900,26.860001
4560,2012-08-28,29.781228497389083,30.103968649968095,29.681067414998765,29.8925197018348,23.12665861858503,809900,26.68
4561,2012-08-29,29.914775494341928,29.937034625551806,29.669938405844285,29.69219642415324,22.971677150000648,622100,26.559998999999998
4562,2012-08-30,29.491874259372597,29.6588093966898,29.480745250218117,29.55864720139856,22.86835988061412,512500,26.48
4563,2012-08-31,29.725582338715768,29.725582338715768,29.24703717087495,29.46961624106364,22.79947576555155,1207200,26.690001000000002
4564,2012-09-04,29.294383559654637,29.593529727324583,29.183586754073993,29.571372803713807,22.878203602311082,899000,26.73
4565,2012-09-05,30.158587785205285,30.9119996370032,29.471655567895525,29.615689974806294,22.91249154685467,1067500,26.950001
4566,2012-09-06,29.792961983047185,29.88159854114612,29.648928684093395,29.85944161753534,23.101074687865964,1549100,27.209999
4567,2012-09-07,29.914838358390195,30.180748032686996,29.85944161753534,30.14750821544292,23.323945773420856,1083600,26.66
4568,2012-09-10,30.025634056013867,30.058871657343982,29.53813298646973,29.53813298646973,22.85249013680658,1317500,26.57
4569,2012-09-11,29.48273624561487,29.704325424948248,29.394099687515936,29.438416858608424,22.77534087663727,1063500,26.6
4570,2012-09-12,29.48273624561487,29.626769544568656,29.305463129417003,29.471655567895525,22.801056558055723,1334200,26.809998999999998
4571,2012-09-13,29.53813298646973,29.826201800291262,29.449496428370793,29.704325424948248,22.98106411207094,1604000,27.42
4572,2012-09-14,29.826201800291262,30.535293157125754,29.804042660766527,30.3801802884096,23.503944463780265,1141900,27.440001000000002
4573,2012-09-17,30.42449745950209,30.63501039294403,30.369100718647232,30.402340535891312,23.521091205944504,845500,27.18
4574,2012-09-18,30.291543730310664,30.4798964162709,29.89267921886546,30.114270614112794,23.298222336303567,962500,27.16
4575,2012-09-19,30.081031904825693,30.2804641605483,29.948078175634276,30.092111474588066,23.281075594139335,1535700,26.27
4576,2012-09-20,29.903758788627826,29.925917928152565,29.006313637876122,29.10602976573742,22.518184062452736,2151100,26.65
4577,2012-09-21,29.25006417264819,29.527053416707357,28.9398373272589,29.527053416707357,22.843914549810503,4047600,26.35
4578,2012-09-24,29.32762005302778,29.51597273898802,29.09495019597506,29.19466632383636,22.586757735625973,1539700,25.9
4579,2012-09-25,29.294383559654637,29.338700730747124,28.67392543704814,28.69608568452985,22.20103248596196,1657300,25.950001
4580,2012-09-26,28.729324393816952,29.028473885357833,28.68500500681051,28.751484641298664,22.243891585673726,997100,26.08
4581,2012-09-27,28.873357692770746,29.261143742410557,28.729324393816952,28.895517940252454,22.35532435855873,1307600,25.99
4582,2012-09-28,28.81796095191589,29.028473885357833,28.662848083199734,28.79580181239115,22.278179530217326,1524200,25.48
4583,2012-10-01,28.94001325621982,28.94001325621982,28.053300594469924,28.241727672414914,21.84951298692703,1371800,25.57
4584,2012-10-02,28.263895433539258,28.352566478036632,28.064385583420155,28.34148259747446,21.926690047281433,1504100,25.440001000000002
4585,2012-10-03,28.430153641971838,28.574245197668137,28.075469463982323,28.197393258554282,21.81521059336322,1882200,25.280001000000002
4586,2012-10-04,28.363650358598807,28.44123752253401,27.898127374987574,28.020051169559526,21.678010994600484,1140100,25.48
4587,2012-10-05,28.153056627917532,28.352566478036632,28.020051169559526,28.241727672414914,21.84951298692703,1068100,25.35
4588,2012-10-08,28.17522438904188,28.17522438904188,27.842709080564767,28.097637225106673,21.73802688268048,1406600,25.43
4589,2012-10-09,28.21955880290251,28.263895433539258,28.064385583420155,28.18630826960405,21.806636103360326,2225200,25.809998999999998
4590,2012-10-10,28.1087222140569,28.651831253215285,28.097637225106673,28.607494622578535,22.132489999619565,2655800,25.43
4591,2012-10-11,28.762671167225065,28.762671167225065,28.17522438904188,28.18630826960405,21.806636103360326,2636900,25.450001
4592,2012-10-12,28.13088775840513,28.34148259747446,28.053300594469924,28.20847713911645,21.82378730014223,1194000,25.719998999999998
4593,2012-10-15,28.308232064176,28.540992447593563,27.964630658360605,28.507739697518986,22.055315156041274,1176700,25.959999
4594,2012-10-16,28.563160208717907,28.795921700523525,28.507739697518986,28.773752831011123,22.26111510837941,1170300,25.950001
4595,2012-10-17,28.751587286662897,28.795921700523525,28.51882468646922,28.762671167225065,22.252546160316797,1283800,26.530001000000002
4596,2012-10-18,28.685081786513745,29.427701784179288,28.640747372653113,29.405536239831058,22.749903157290642,1211300,26.860001
4597,2012-10-19,29.383367370318656,29.92647751786509,29.283612445259106,29.77130429838274,23.03287906159513,2970100,26.68
4598,2012-10-22,29.76021930943251,29.793469842730968,29.405536239831058,29.571793339875583,22.87852604927437,1969300,26.5
4599,2012-10-23,29.27252856469693,29.538541698189064,29.17277363963738,29.37228348975648,22.724185229222236,1522500,26.66
4600,2012-10-24,29.427701784179288,29.605043873174044,29.228194150836302,29.549625578751236,22.861381502820805,1925000,26.6
4601,2012-10-25,29.71588267879576,29.77130429838274,29.250359695184528,29.483122295378205,22.80992791247509,1851400,26.360001
4602,2012-10-26,29.460954534253858,29.460954534253858,29.028684300717202,29.217110270274127,22.604124634972788,768700,26.690001000000002
4603,2012-10-31,29.37228348975648,29.649380503810786,29.18385752019955,29.582878328825814,22.887104972829494,1316600,26.940001000000002
4604,2012-11-01,29.74598291906907,30.068946794601715,29.53438774047546,30.002128026500632,23.211466221547994,1530600,26.16
4605,2012-11-02,30.102357849149303,30.213722091429542,29.022100866606436,29.13346844988077,22.539415237706383,4241600,25.940001000000002
4606,2012-11-05,28.97755539242728,29.178016151389322,28.6657292775203,28.88846333040427,22.34986727910139,1683500,26.280001000000002
4607,2012-11-06,29.066648568114992,29.289380393669568,28.832777868270057,29.267109327077033,22.642807868091968,1954500,26.120001000000002
4608,2012-11-07,29.07778632874065,29.278245974037993,28.94414545154439,29.088922975701614,22.50494954269159,1156000,25.700001
4609,2012-11-08,29.010964219645476,29.066648568114992,28.621183803341143,28.621183803341143,22.143084245659608,1274100,25.379998999999998
4610,2012-11-09,28.532090627653435,28.68800257144223,28.264808873260915,28.264808873260915,21.867369822188248,1125600,25.34
4611,2012-11-12,28.331630982356092,28.331630982356092,28.019803753784412,28.220263399081755,21.832907468167548,807700,25.25
4612,2012-11-13,28.04207704770634,28.253674453629344,27.85275404936996,28.120033576433084,21.755360768048966,874200,24.360001
4613,2012-11-14,28.131170223394047,28.131170223394047,27.006368880336723,27.12887311057202,21.156111159055868,872000,24.299999
4614,2012-11-15,27.11773534994636,27.27364840739985,26.783634827452754,27.062051001476846,21.104003901590215,1239300,24.51
4615,2012-11-16,27.12887311057202,27.29592170132178,26.80590923503938,27.29592170132178,21.286383200546435,907900,24.629998999999998
4616,2012-11-19,27.58547452230683,27.7191131721737,27.240237352852265,27.42956035118864,21.390599942807132,902700,24.75
4617,2012-11-20,27.44069699814961,27.618883349525024,27.22910293322069,27.5632012283849,21.494820026061916,875300,24.5
4618,2012-11-21,27.5632012283849,27.618883349525024,27.21796628625973,27.284785054360814,21.277695502252186,1125000,24.690001000000002
4619,2012-11-23,27.418425931557078,27.552064581423938,27.27364840739985,27.496382460283822,21.442711654931568,367100,24.84
4620,2012-11-26,27.36274158308756,27.763660873682248,27.36274158308756,27.663431051033573,21.572985923751528,1361600,25.190001000000002
4621,2012-11-27,27.552064581423938,28.376176456535248,27.329332755869366,28.053214808332,21.87694956590407,1969200,25.059998999999998
4622,2012-11-28,27.975258279605256,28.08662252188549,27.65229440407261,27.908436170510075,21.764042898019735,1641000,25.26
4623,2012-11-29,28.331630982356092,28.498679573105846,27.886165103917545,28.131170223394047,21.937737839675794,3503400,25.07
4624,2012-11-30,28.20912675212079,28.331630982356092,27.86389069633092,27.91957393113574,21.772730596313984,1463500,25.030001000000002
4625,2012-12-03,28.073132101388932,28.218300573603774,27.894465703546587,27.95030041850428,21.796689717200714,1079900,25.26
4626,2012-12-04,27.983798344131777,28.3746346488038,27.916799142860878,28.207133853946633,21.99697711764322,1289000,25.09
4627,2012-12-05,28.22946840993289,28.2741341718895,27.95030041850428,28.017299619775176,21.848939915148456,1174400,25.469998999999998
4628,2012-12-06,28.218300573603774,28.45280168640381,28.106633377032335,28.441633850074695,22.1798600688281,1268400,25.48
4629,2012-12-07,28.51980312101864,28.609136878275795,28.430467130417554,28.45280168640381,22.18855782676905,869900,25.49
4630,2012-12-10,28.45280168640381,28.63146808424615,28.352300092817543,28.46396840606095,22.197280151493242,865500,25.559998999999998
4631,2012-12-11,28.59797015861865,28.743136397489558,28.430467130417554,28.542134326988993,22.258229224053903,1051600,25.65
4632,2012-12-12,28.620301364589004,28.843636874403856,28.441633850074695,28.64263592057526,22.336606195983467,968400,25.5
4633,2012-12-13,28.66496935988955,28.731969677832417,28.441633850074695,28.475135125718097,22.205974559418294,869300,25.559998999999998
4634,2012-12-14,28.396968088118083,28.66496935988955,28.396968088118083,28.542134326988993,22.258229224053903,525700,25.790001
4635,2012-12-17,28.66496935988955,28.91063607567476,28.609136878275795,28.798971112447248,22.45851662449641,1214900,26.08
4636,2012-12-18,28.81013559876046,29.13397158548961,28.81013559876046,29.122804865832464,22.7110531062147,921800,26.15
4637,2012-12-19,29.156306141475866,29.256806618390165,29.022304388918165,29.200971903432478,22.772007762135182,1038500,26.690001000000002
4638,2012-12-20,29.212138623089622,29.81514260124738,29.10047030984621,29.80397588159024,23.24226401035274,1617900,26.73
4639,2012-12-21,29.658806292703428,30.071976036689733,29.59180709143253,29.848641643546852,23.27708630893158,1976700,26.9
4640,2012-12-24,29.826307087560593,30.094310592675992,29.681140848689683,30.0384758777183,23.425125744770273,483700,26.73
4641,2012-12-26,30.071976036689733,30.250643551204046,29.80397588159024,29.848641643546852,23.27708630893158,998500,26.99
4642,2012-12-27,29.870975082861136,30.194811069590294,29.792808045261125,30.1389763546326,23.503504950043773,1224900,26.76
4643,2012-12-28,30.027308041389194,30.22831011188976,29.882141802518284,29.882141802518284,23.30321531625733,682400,27.059998999999998
4644,2012-12-31,29.859808363203992,30.217142275560644,29.73697333030344,30.217142275560644,23.564462955980158,1106600,27.370001000000002
4645,2013-01-02,30.595664929650862,30.762670720909327,30.22824973944763,30.473194312962484,23.764145064538823,1574000,27.459999
4646,2013-01-03,30.46206051931996,30.807207008858782,30.3952555307061,30.573396228986454,23.842280914942677,1099300,27.450001
4647,2013-01-04,30.65133501124284,30.67360037176915,30.417524231370507,30.56226466210266,23.833597669280877,1206700,27.530001000000002
4648,2013-01-07,30.45092561229807,30.740405360383015,30.45092561229807,30.65133501124284,23.903060294437203,678400,27.43
4649,2013-01-08,30.58453002262897,30.82947570952319,30.473194312962484,30.539995961438247,23.816235631474726,637500,27.540001
4650,2013-01-09,30.65133501124284,30.874009770713915,30.539995961438247,30.662468804885357,23.911740199960917,882100,27.450001
4651,2013-01-10,30.695869072433563,30.840609503165712,30.372990170179783,30.56226466210266,23.833597669280877,1077700,27.25
4652,2013-01-11,30.617932516935902,30.662468804885357,30.22824973944763,30.339587675872853,23.659950570114646,1224700,27.4
4653,2013-01-14,30.295051387923397,30.662468804885357,30.205981038783218,30.506594580510683,23.790193688144868,1040900,27.559998999999998
4654,2013-01-15,30.473194312962484,30.718136659718603,30.372990170179783,30.684734165411673,23.929106691284524,917300,27.780001000000002
4655,2013-01-16,30.662468804885357,30.963079006474725,30.58453002262897,30.929679852305892,24.12012696205055,944700,27.700001
4656,2013-01-17,30.951945212832207,31.085551849921835,30.807207008858782,30.840609503165712,24.05066433689422,1456600,27.59
4657,2013-01-18,30.929679852305892,30.929679852305892,30.629066310578427,30.718136659718603,23.95515642826993,955000,27.549999
4658,2013-01-22,30.617932516935902,30.729270453361128,30.606798723293384,30.67360037176915,23.92042567238145,1251500,27.93
4659,2013-01-23,30.718136659718603,31.14121970475508,30.629066310578427,31.096685643564356,24.250363399804588,1323200,27.84
4660,2013-01-24,31.15235461177697,31.23029005389526,30.951945212832207,30.996481500781655,24.172216415607085,1167600,27.99
4661,2013-01-25,31.085551849921835,31.23029005389526,30.951945212832207,31.16348840541949,24.302452853361128,696900,27.84
4662,2013-01-28,31.13008591111256,31.219158487011466,30.773804514551852,30.996481500781655,24.172216415607085,771900,28.030001000000002
4663,2013-01-29,31.052149355614905,31.39729918529182,31.018750201446068,31.208024693368944,24.33718917614643,924900,27.6
4664,2013-01-30,31.13008591111256,31.13008591111256,30.695869072433563,30.729270453361128,23.963836333793648,882700,27.280001000000002
4665,2013-01-31,30.629066310578427,30.695869072433563,30.283919821039603,30.372990170179783,23.68599696696196,1797000,27.389999
4666,2013-02-01,30.214602036426523,30.788853939039306,30.192514235503907,30.247729872638544,23.588321393722595,2689400,27.6
4667,2013-02-04,30.148339737993506,30.556944729202385,30.026865115430343,30.479641291145132,23.769166161048563,1776900,27.15
4668,2013-02-05,30.567988077496274,30.567988077496274,29.971646165291215,29.982690617919936,23.38162635671029,3363600,27.549999
4669,2013-02-06,29.861214891021945,30.82198508825582,29.861214891021945,30.424423445340835,23.72610814605067,1697800,27.57
4670,2013-02-07,30.45755459455734,30.556944729202385,30.104167449152765,30.44651124626345,23.74332472604085,1783800,28.57
4671,2013-02-08,30.258774325267265,31.6612795585917,30.115210797446654,31.550846075652768,24.604532512396304,1801900,28.92
4672,2013-02-11,31.550846075652768,32.03675340058407,31.550846075652768,31.937363265939027,24.905955182403968,2555600,29.16
4673,2013-02-12,31.882147628804393,32.20240362499246,31.782757494159355,32.20240362499246,25.112643593407306,1558900,28.9
4674,2013-02-13,32.05884120150668,32.147187987857826,31.705451847432442,31.91527656935124,25.095280136884814,772500,28.969998999999998
4675,2013-02-14,31.826929783000097,32.05884120150668,31.76066969323674,31.992578903073664,25.156061621559576,990500,29.120001000000002
4676,2013-02-15,32.04779674887796,32.15823133615172,31.882147628804393,32.15823133615172,25.286314601681557,884700,29.58
4677,2013-02-19,32.25761926212709,32.71039875084638,32.16927247577595,32.666224253335976,25.685748092132357,1445100,29.700001
4678,2013-02-20,32.599964163572615,33.196303867108014,32.599964163572615,32.798745537197526,25.789957543972847,1708500,29.58
4679,2013-02-21,32.67726760162987,32.93126461238941,32.401183894282546,32.666224253335976,25.685748092132357,1442800,29.83
4680,2013-02-22,32.721439890470606,32.9533513089772,32.68831094992376,32.94230796068331,25.902842650233023,995500,29.450001
4681,2013-02-25,33.085870384169084,33.26256616554104,32.50057402892757,32.52266182985019,25.57286409020701,1369800,29.5
4682,2013-02-26,32.622051964495235,32.98648245819371,32.401183894282546,32.57787746698483,25.616284327028936,1183100,29.52
4683,2013-02-27,32.50057402892757,32.721439890470606,32.434315043499055,32.599964163572615,25.63365551389523,1428000,29.620001000000002
4684,2013-02-28,32.63309310411947,32.89813567184256,32.61100861620134,32.71039875084638,25.720490465864945,2020400,29.76
4685,2013-03-01,32.51495353842585,32.8453900581253,32.305677075949525,32.77930275418541,25.77466755430398,1253200,29.950001
4686,2013-03-04,32.71321655170059,33.1427829258548,32.64712704485056,32.988580318116796,25.939228245479505,910800,30.360001
4687,2013-03-05,33.054666520601614,33.51727764818085,32.933506463378485,33.44017689503938,26.294315329548535,918100,30.459999
4688,2013-03-06,33.55032019869573,33.67148135737393,33.26394408453301,33.55032019869573,26.380922741361754,615400,30.219998999999998
4689,2013-03-07,33.53930785094921,33.737567559858746,33.18684002702633,33.28597098293616,26.17306385155495,1248700,30.41
4690,2013-03-08,33.37408738818935,33.51727764818085,33.06568107125827,33.49524854686755,26.337624542730474,1186600,30.219998999999998
4691,2013-03-11,33.484233996210904,33.51727764818085,33.1427829258548,33.28597098293616,26.17306385155495,972400,30.07
4692,2013-03-12,33.19785457768298,33.26394408453301,32.988580318116796,33.12075382454151,26.043153835290177,1181600,30.07
4693,2013-03-13,33.20887022979469,33.26394408453301,32.92249081126677,33.12075382454151,26.043153835290177,1395100,30.85
4694,2013-03-14,33.087711274026624,33.97988877576008,33.087711274026624,33.97988877576008,26.718694951798536,1068800,30.74
4695,2013-03-15,33.8477141678803,33.93582947167842,33.58336495212074,33.858728718536945,26.623427900259053,1287000,30.42
4696,2013-03-18,33.6274242562024,33.74858211051539,33.40713214161436,33.506263097524204,26.346284182456728,1480800,30.280001000000002
4697,2013-03-19,33.484233996210904,33.69351045868722,33.054666520601614,33.35206048978619,26.225034907373278,1007400,30.370001000000002
4698,2013-03-20,33.484233996210904,33.6274242562024,33.30800118570453,33.451191445696026,26.302985983825447,769000,30.110001
4699,2013-03-21,33.28597098293616,33.70452500934387,33.15379747651146,33.164813128623166,26.077792394195203,734900,29.950001
4700,2013-03-22,33.18684002702633,33.47321834409919,32.8453900581253,32.988580318116796,25.939228245479505,1039100,30.07
4701,2013-03-25,33.021622868631674,33.29698663504788,32.988580318116796,33.12075382454151,26.043153835290177,1082300,30.549999
4702,2013-03-26,33.252929533876355,33.70452500934387,33.15379747651146,33.64945115460556,26.458873817813924,891300,30.469998999999998
4703,2013-03-27,33.451191445696026,33.737567559858746,33.37408738818935,33.561334749352376,26.389584583998147,1028900,30.66
4704,2013-03-28,33.6274242562024,33.83669851576858,33.44017689503938,33.77061231328376,26.554136463533144,1150300,30.83
4705,2013-04-01,33.71755000408548,34.02627949128934,33.45292567442621,33.99320034748055,26.72916657201406,843600,30.709999
4706,2013-04-02,34.070382443631175,34.24679756080265,33.76165516163007,33.860887080049544,26.62512841420714,1213000,30.879998999999998
4707,2013-04-03,33.92704426506574,34.14756343718042,33.81678412770771,34.04832931355819,26.77251424241499,1289300,31.43
4708,2013-04-04,34.081408457366976,34.68783811023477,33.949097395138715,34.654761171628735,27.249362874055503,941600,31.6
4709,2013-04-05,34.268850690875624,35.08477570732505,34.1806425809892,34.84220340513739,27.39674649706061,1179200,31.719998999999998
4710,2013-04-08,34.7980982475928,34.974514467365644,34.588606191815295,34.974514467365644,27.50078465486753,1221600,31.66
4711,2013-04-09,34.95246464509679,35.10682773479665,34.588606191815295,34.908359487552204,27.448762819460633,1168200,31.540001
4712,2013-04-10,34.94143863136099,35.01861962491023,34.69886412397057,34.77604842532394,27.344730174660587,1039600,31.690001000000002
4713,2013-04-11,34.787072233856996,35.184009830947275,34.787072233856996,34.94143863136099,27.474775391066142,843000,31.639999
4714,2013-04-12,34.87528034374342,34.985541583702826,34.67681430170172,34.88630635747922,27.43142000245559,921900,31.34
4715,2013-04-15,34.84220340513739,35.15093068713849,34.5445010342707,34.5555270480065,27.17133177484723,1601000,31.4
4716,2013-04-16,34.70989124030775,34.74296928151516,34.40116395830664,34.621683130421324,27.22334589204451,1553000,31.02
4717,2013-04-17,34.1585905535176,34.52244790419772,33.81678412770771,34.20269460846082,26.893894114625578,1404900,30.83
4718,2013-04-18,34.20269460846082,34.357058800762054,33.88294021012253,33.99320034748055,26.72916657201406,1121000,31.120001000000002
4719,2013-04-19,34.092434471102784,34.423213780575495,34.059355327294,34.312955848420216,26.98060048144119,1078100,30.99
4720,2013-04-22,34.379110828233664,34.39013794457084,34.04832931355819,34.1696165672534,26.86788374822282,774300,31.02
4721,2013-04-23,34.32397965695327,34.346032787026246,33.904992237594136,34.20269460846082,26.893894114625578,964600,31.129998999999998
4722,2013-04-24,34.301929834684415,34.48937206819306,34.12551361491157,34.32397965695327,26.98926031262929,569300,30.93
4723,2013-04-25,34.346032787026246,34.43424089691268,33.871913093785345,34.103460484838585,26.81586191281593,524800,30.74
4724,2013-04-26,34.12551361491157,34.23577154706685,33.83883725778069,33.89396622385832,26.651135472805784,638800,31.030001000000002
4725,2013-04-29,34.00422636121636,34.24679756080265,33.84986327151649,34.21372172479799,26.902562766624666,866300,31.110001
4726,2013-04-30,34.20269460846082,34.41218776683969,34.070382443631175,34.301929834684415,26.97192080342836,1044000,30.93
4727,2013-05-01,34.2409669509498,34.40606211766726,33.99882355753933,34.04285032947692,26.768203595050334,1628500,30.93
4728,2013-05-02,34.17492624272253,34.549144448736826,34.04285032947692,34.04285032947692,26.768203595050334,1138600,30.459999
4729,2013-05-03,33.965806505351054,33.965806505351054,33.11831123226513,33.525547591109486,26.36144381409775,1988700,31.09
4730,2013-05-06,33.55856794522312,34.31801077507566,33.525547591109486,34.218953014660116,26.906678639618796,1431100,31.309998999999998
4731,2013-05-07,34.284991521603814,34.51612739654854,34.1529156083582,34.46109310614523,27.097077560913522,1025300,31.360001
4732,2013-05-08,34.42807605395694,34.604178739140146,34.2409669509498,34.51612739654854,27.140350393230165,872700,31.450001
4733,2013-05-09,34.4390824717809,34.75826748803366,34.27398400313808,34.615185156964095,27.218238409603124,1046300,31.889999
4734,2013-05-10,34.71424291737964,35.198524200991656,34.571158385026514,35.09946533993432,27.59903405090901,926700,32.189999
4735,2013-05-13,35.08845892211037,35.48469326569792,34.989403362978386,35.42965787465282,27.85866664224173,1025300,32.73
4736,2013-05-14,35.50670169877868,36.06803120908369,35.44066649376033,36.024005537787886,28.326003545613773,1237400,33.0
4737,2013-05-15,35.68280438396188,36.321178819034536,35.46267932940824,36.321178819034536,28.770643014149265,1292000,32.939999
4738,2013-05-16,36.2001071223293,36.59633926463328,36.07903652626585,36.255139211449055,28.718330610873814,1108800,33.080002
4739,2013-05-17,36.24413389426689,36.49728150421773,36.233125275159374,36.4092323629097,28.840392885183203,951500,33.080002
4740,2013-05-20,36.34319165468244,36.49728150421773,36.255139211449055,36.4092323629097,28.840392885183203,810900,33.200001
4741,2013-05-21,36.54130827615532,36.739423796986415,36.48627728767735,36.54130827615532,28.945017691734105,741900,32.34
4742,2013-05-22,36.530299657047806,36.80546010264655,35.363621568992684,35.59475524265385,28.1952252890296,1199800,31.870001000000002
4743,2013-05-23,35.48469326569792,35.48469326569792,34.604178739140146,35.077454705569984,27.78546295729464,1967700,31.610001
4744,2013-05-24,35.00040757951878,35.01141399734272,34.571158385026514,34.79128784214729,27.558789084135743,907700,31.219998999999998
4745,2013-05-28,35.1434921118719,35.26456380857714,34.229959432484065,34.36203534572968,27.21877001958402,1507500,30.219998999999998
4746,2013-05-29,34.11989525424457,34.218953014660116,33.07428446032755,33.26139356333469,26.34693405348044,1958300,30.33
4747,2013-05-30,33.31642675309622,33.70165247757626,33.21736899268068,33.38246526003992,26.442838475189422,1893500,30.26
4748,2013-05-31,33.228376511146415,33.602594717160706,33.15133158637877,33.30542033527228,26.38181339156453,1954200,30.99
4749,2013-06-03,33.39038941517062,34.12605402905303,33.19274817562012,34.027233409277784,26.953569997242017,2433300,30.360001
4750,2013-06-04,34.0382134781417,34.22487464882828,33.30254886425928,33.335490168857916,26.405623934677777,2293600,29.959999
4751,2013-06-05,33.2586296868105,33.59901072358504,32.73158418532873,32.896285218287474,26.05772813877278,1275700,30.02
4752,2013-06-06,32.86334610970262,33.028047142661364,32.49002376832945,32.962166729477865,26.10991530807609,1021700,29.790001
4753,2013-06-07,33.00608590692664,33.203728244484026,32.501003837193366,32.70962624361467,25.90986943344439,1538500,29.52
4754,2013-06-10,32.742565352199534,32.81942473624006,32.336303902241504,32.41316328628203,25.6750397986587,855500,28.879998999999998
4755,2013-06-11,32.1276814958202,32.336303902241504,31.710437780984474,31.710437780984474,25.11839642354735,8304200,28.25
4756,2013-06-12,31.875141009957,31.88612107882092,30.96379529425192,31.018694540564614,24.57045255699688,2015300,29.16
4757,2013-06-13,30.941834058517195,32.11670142695628,30.875954743340586,32.01788080718104,25.36192556689393,1325100,28.93
4758,2013-06-14,32.02886087604495,32.35826184395556,31.512798737447753,31.76533922331095,25.16188628030355,1192200,28.809998999999998
4759,2013-06-17,31.941020325133614,32.14964273155492,31.37005674420995,31.63357729893706,25.05751633372448,942700,28.879998999999998
4760,2013-06-18,31.622597230073143,32.083760122357646,31.545737846032615,31.710437780984474,25.11839642354735,1037100,28.139999
4761,2013-06-19,31.776320390181752,31.908079020534977,30.81007213414331,30.897912685054646,24.474782118978688,1478400,27.559998999999998
4762,2013-06-20,30.656352268055368,30.7441928189667,30.129310060594253,30.26106869094747,23.97032591317065,1825900,27.889999
4763,2013-06-21,30.37087047759353,31.128495229203782,30.359890408729612,30.623410963456728,24.257340521245887,2975700,28.07
4764,2013-06-24,30.326951300144753,31.556717914896527,29.986566969349557,30.821053301014114,24.4139031271627,1809900,28.92
4765,2013-06-25,31.051635845163254,32.03984094490887,30.930853989653283,31.754359154447034,25.15318896775644,2073800,29.42
4766,2013-06-26,32.05082211177967,32.380223079690275,31.83121963649445,32.30336259764287,25.588071065215154,1393000,29.98
4767,2013-06-27,32.457082463730806,33.19274817562012,32.347281775091645,32.918246454022196,26.07511946984634,1196100,30.040001
4768,2013-06-28,32.87432727657342,33.2586296868105,32.5998255549755,32.984127965212586,26.127308835163422,1250700,29.959999
4769,2013-07-01,33.267480323340294,33.421142940756695,32.74064568742616,32.88332926767154,26.04746550161818,907200,30.27
4770,2013-07-02,32.82845164300759,33.508948896338126,32.795523312090104,33.22357844312403,26.316977101679825,1456900,29.99
4771,2013-07-03,33.13577358511704,33.256504578892624,32.576009520710976,32.91625759858902,26.073546065574757,920600,29.9
4772,2013-07-05,32.97113741840186,32.97113741840186,31.950393184767723,32.81747589855991,25.9953010809817,1086100,29.870001000000002
4773,2013-07-08,32.81747589855991,33.15772287886351,32.74064568742616,32.78454976279132,25.969218321876234,1413800,30.43
4774,2013-07-09,32.927233343036704,33.82724438774637,32.88332926767154,33.399190354286894,26.456093564979717,1587700,30.43
4775,2013-07-10,33.37723886539153,33.497972054316,33.03699078751349,33.399190354286894,26.456093564979717,769500,31.219998999999998
4776,2013-07-11,33.71748584569513,34.299201398996566,33.71748584569513,34.26627306807908,27.142915042261002,711500,30.889999
4777,2013-07-12,34.31017714344424,34.31017714344424,33.73943843216494,33.904073501305675,26.856013472696453,599300,31.09
4778,2013-07-15,33.87114846311153,34.332129729914044,33.73943843216494,34.123589487833705,27.02989560653436,752400,31.129998999999998
4779,2013-07-16,34.101637998938344,34.50774164107691,33.86017162108941,34.16749136804997,27.064672252816834,1197600,31.280001000000002
4780,2013-07-17,34.222371187862805,34.58457075463622,33.93700183222316,34.332129729914044,27.195081658046373,1018300,31.459999
4781,2013-07-18,34.365054768108195,34.858964365828186,34.28822565454888,34.52969093482338,27.351573822381383,734900,30.77
4782,2013-07-19,34.123589487833705,34.189443954519774,33.47602056542065,33.77236566550798,26.75168792414682,1384800,31.01
4783,2013-07-22,33.78334250753011,34.20041969896745,33.64065673213583,34.035783532252275,26.960342313969424,622700,31.18
4784,2013-07-23,34.057736118722076,34.365054768108195,33.79431825197778,34.222371187862805,27.108140591127423,925800,30.43
4785,2013-07-24,34.211395443415135,34.277249910101204,33.09186950975188,33.399190354286894,26.456093564979717,972500,30.629998999999998
4786,2013-07-25,33.30040865425779,33.61870414566602,33.17967546533332,33.61870414566602,26.62996582064762,868500,30.75
4787,2013-07-26,33.53089819008459,33.750414176612615,33.256504578892624,33.750414176612615,26.73429575949503,724200,30.379998999999998
4788,2013-07-29,33.65163247658351,33.72846268771726,33.30040865425779,33.344310534474054,26.41261205577579,912600,30.209999
4789,2013-07-30,33.58577800989744,33.77236566550798,33.08089266772976,33.15772287886351,26.264820364064455,728900,29.379998999999998
4790,2013-07-31,33.212602698676356,33.35528627892173,32.136980840378264,32.24673608970616,25.543201386586247,1991300,29.42
4791,2013-08-01,32.29569253757744,32.61360779384035,32.18606915767262,32.25184340486666,25.54726179150579,1552200,29.01
4792,2013-08-02,32.31761874831642,32.78900870970639,31.747564675496093,31.802378557959955,25.191228627458024,901000,29.18
4793,2013-08-05,31.791416000718325,32.08740504624226,31.681790428302055,31.98874203106761,25.33884932701805,694500,29.23
4794,2013-08-06,31.98874203106761,32.33954386279968,31.868153901409713,32.04355481727575,25.382265438717788,751600,29.0
4795,2013-08-07,32.01066824180659,32.09836869973961,31.626977642093923,31.791416000718325,25.182540800844034,784000,28.969998999999998
4796,2013-08-08,31.857190247912364,32.01066824180659,31.47350074445542,31.75852723273772,25.156489379815028,478000,29.209999
4797,2013-08-09,31.70371554278531,32.131254178953036,31.583126316871688,32.02162860653677,25.364897459279877,962800,29.01
4798,2013-08-12,31.857190247912364,31.857190247912364,31.550240837658258,31.802378557959955,25.191228627458024,659100,28.76
4799,2013-08-13,31.824304768698934,31.824304768698934,31.33098859656999,31.52831462691928,24.974136010146356,828500,28.74
4800,2013-08-14,31.320026039328365,31.52831462691928,31.111736355481725,31.506389512436023,25.166778836042024,1042200,28.25
4801,2013-08-15,31.133662566220703,31.199436813414742,30.640348586603213,30.9692242075963,24.737701056837565,1224300,27.639999
4802,2013-08-16,30.85959863518003,30.95826165035467,30.278584197629524,30.300507119601328,24.203542781449226,1526900,27.450001
4803,2013-08-19,30.300507119601328,30.399171231031698,29.883931040675225,30.092220724521866,24.037164050193052,1687700,28.1
4804,2013-08-20,30.114143646493666,30.95826165035467,30.114143646493666,30.804785848971896,24.606347695968395,931000,28.18
4805,2013-08-21,30.629386029361587,31.177513891442942,30.190883739696506,30.89248630690491,24.676409399299633,1239300,28.27
4806,2013-08-22,30.903449960402263,31.067887222770942,30.486870592708986,30.991149322079554,24.75521703079824,808500,28.43
4807,2013-08-23,31.01307553281853,31.18847644868457,30.72804904453623,31.166550237945586,24.89532070485768,1247500,28.120001000000002
4808,2013-08-26,31.155587680703963,31.26521325312023,30.739011601777857,30.826712059710875,24.62386366992907,681000,28.09
4809,2013-08-27,30.5526481286702,30.903449960402263,30.453985113495555,30.79382329173027,24.59759519026668,1117300,27.76
4810,2013-08-28,30.79382329173027,31.078849780012572,30.32243333034031,30.43205890275658,24.308621085121665,932300,27.690001000000002
4811,2013-08-29,30.32243333034031,30.486870592708986,30.103181089252043,30.355322098320915,24.24732504256083,626100,27.530001000000002
4812,2013-08-30,30.43205890275658,30.519759360689594,30.103181089252043,30.179921182454883,24.107219175989943,943900,27.24
4813,2013-09-03,30.396707395718114,30.49525579865812,29.509772864240293,29.82731662317584,23.825561206684633,1005400,27.65
4814,2013-09-04,29.871117008353657,30.41860813579815,29.783518427962537,30.276259347680323,24.18417337007205,718900,27.33
4815,2013-09-05,30.33100955540703,30.385757573169222,29.903964286035812,29.925865026115847,23.90428714586439,504500,27.719998999999998
4816,2013-09-06,30.210560412386982,30.65950313689147,30.17770984975806,30.352907010540296,24.245402587800932,856600,28.200001
4817,2013-09-09,30.47335615356034,30.96609926324264,30.32005973285814,30.878500682851517,24.665233019094682,895300,28.200001
4818,2013-09-10,30.998946540924795,31.053697843633756,30.62665257426254,30.878500682851517,24.665233019094682,760200,28.440001000000002
4819,2013-09-11,30.93324870061371,31.196044441787066,30.65950313689147,31.141296424024876,24.87514768725043,464200,28.469998999999998
4820,2013-09-12,31.17414370170703,31.360290685038162,31.02084728100483,31.17414370170703,24.901387842006585,1028500,28.559998999999998
4821,2013-09-13,31.11939568394484,31.360290685038162,31.064647666182648,31.27269210464704,24.980109401257316,577900,28.76
4822,2013-09-16,31.787335954409375,32.03918077805159,31.360290685038162,31.491689650607093,25.155043766298384,501500,28.48
4823,2013-09-17,31.42599181029601,31.73258574668267,31.163193879158143,31.18509461923818,24.910137845205405,476000,29.77
4824,2013-09-18,31.141296424024876,32.59762172804496,30.900398137984784,32.59762172804496,26.038440410110653,1190400,29.639999
4825,2013-09-19,32.707121048516115,33.12321321039167,32.42242566224498,32.45527293992714,25.924735262798478,950700,29.01
4826,2013-09-20,32.49907332510496,32.553822437849405,31.743535569231558,31.76543521432934,25.37370843765295,1163000,28.450001
4827,2013-09-23,31.644987166291546,31.853033794720456,31.11939568394484,31.152246246573764,24.88389440550248,857400,28.110001
4828,2013-09-24,31.141296424024876,31.206994264335957,30.7361518947337,30.779952279911512,24.58651912471973,847300,28.209999
4829,2013-09-25,30.779952279911512,31.239844826964884,30.604755119129276,30.8894483154359,24.673979737346734,650600,28.309998999999998
4830,2013-09-26,30.878500682851517,31.11939568394484,30.714251154653663,30.998946540924795,24.761444729902752,627700,28.190001000000002
4831,2013-09-27,30.878500682851517,31.09749603884706,30.539053993871423,30.867550860302632,24.656490680771643,552100,27.940001000000002
4832,2013-09-30,30.769001362380365,31.141296424024876,30.41860813579815,30.593805296580385,24.437827104399336,816600,28.26
4833,2013-10-01,30.606925674646536,31.441260837740746,30.508125022004233,31.02409435400307,24.781534990785545,798800,28.08
4834,2013-10-02,30.79355327691761,30.925291505741914,30.376386793179936,30.826488657480756,24.62368756040352,1216700,27.629998999999998
4835,2013-10-03,30.760620091973315,30.87040213229514,30.156823810345713,30.332473318365547,24.229070082257884,1335900,27.76
4836,2013-10-04,30.277583944918774,30.51910092063662,30.11291253115018,30.47518964144109,24.343073199819308,1417600,27.860001
4837,2013-10-07,30.299540133421257,30.760620091973315,30.222694571472005,30.584971681762912,24.43076621669821,789200,27.370001000000002
4838,2013-10-08,30.541058206948524,30.628882960958443,30.047045063452174,30.047045063452174,24.001085803323544,828200,27.58
4839,2013-10-09,30.11291253115018,30.497146927752993,30.079978248396465,30.277583944918774,24.185230160674987,876000,28.23
4840,2013-10-10,30.51910092063662,31.01311625975183,30.39834407949184,30.99116007124935,24.75522049886532,999200,28.700001
4841,2013-10-11,30.8594240380439,31.518107497499425,30.760620091973315,31.507131598867034,25.167378776005584,775100,28.65
4842,2013-10-14,31.40832875060588,31.48517431255513,31.068005633198602,31.45224002980141,25.123527876328435,671200,28.65
4843,2013-10-15,31.331482090847203,31.562020972313807,30.969202784937444,31.45224002980141,25.123527876328435,1155200,29.1
4844,2013-10-16,31.551042878062567,31.990165550302724,31.463218124052652,31.946254271107193,25.51813108295154,991500,29.42
4845,2013-10-17,31.80353794803165,32.39635613540802,31.781583955148026,32.29755328714686,25.798758617248854,788100,29.34
4846,2013-10-18,32.440267414603554,32.46222470091545,32.045058217177775,32.209728533136946,25.728595421270327,617600,29.129998999999998
4847,2013-10-21,32.25363981233247,32.3085313813981,31.836473328594796,31.979187456051484,25.544444477062335,1218600,29.290001
4848,2013-10-22,32.01212283661463,32.517116269981074,31.979187456051484,32.15483915969018,25.68475330406858,982600,29.42
4849,2013-10-23,32.15483915969018,32.42929151597116,32.00114474236339,32.29755328714686,25.798758617248854,1094800,28.879998999999998
4850,2013-10-24,32.28657519289562,32.28657519289562,31.583977160816286,31.704735099770495,25.325215228293356,670400,29.370001000000002
4851,2013-10-25,31.693759201138107,32.3085313813981,31.671801914826204,32.242663913700085,25.75490113071515,749900,29.24
4852,2013-10-28,32.27559709864438,32.27559709864438,31.68278110688687,32.09994759062455,25.64090240439143,741000,28.65
4853,2013-10-29,31.935276176855954,32.045058217177775,31.243655141218433,31.45224002980141,25.123527876328435,1006800,28.190001000000002
4854,2013-10-30,31.331482090847203,31.551042878062567,30.925291505741914,30.947248792053816,24.720152074589162,1197000,27.98
4855,2013-10-31,30.958226886305056,31.089962919510505,30.299540133421257,30.71670771496836,24.535993445715192,1367200,27.65
4856,2013-11-01,30.768570996619022,30.768570996619022,29.327498466119476,30.416554110585274,24.296238497736724,1603600,27.84
4857,2013-11-04,30.537560293303702,30.77957265874054,30.29554902792306,30.625564789826186,24.463191828089535,1021000,27.540001
4858,2013-11-05,30.471558020968036,30.54856085536901,30.19654396933526,30.29554902792306,24.199578758981243,1251100,27.52
4859,2013-11-06,30.416554110585274,30.515559169173073,30.218542893353465,30.27354680373623,24.182004261025707,764100,26.58
4860,2013-11-07,29.987532190038145,30.25154567960561,29.228493407531673,29.23949396959698,23.356028158408023,2307300,26.5
4861,2013-11-08,29.085487200738836,29.250494531662294,28.51345687328645,29.1514894730745,23.285731266642067,1373600,26.48
4862,2013-11-11,29.250494531662294,29.305496241932648,28.99748270421635,29.129488348943877,23.268147968236875,568400,26.4
4863,2013-11-12,28.975480480029518,29.1514894730745,28.766469800788606,29.041483852421383,23.197854376639537,966800,26.43
4864,2013-11-13,28.75546813866709,29.107486124757045,28.667463642144597,29.074485538617317,23.43728271004724,845800,26.290001
4865,2013-11-14,29.1514894730745,29.470506873024725,28.90947820769386,28.920478769759168,23.313131466634346,750600,26.24
4866,2013-11-15,28.931477131712068,29.140488911009186,28.744467576601778,28.865474859376405,23.26879590134252,831100,25.9
4867,2013-11-18,28.810473149106063,29.019481628234555,28.469453524968998,28.491455749155826,22.96729469636889,833700,25.84
4868,2013-11-19,28.502456311221138,28.667463642144597,28.249443383718983,28.425452376763964,22.9140893778838,883800,25.5
4869,2013-11-20,28.414451814698648,28.77747036285392,27.930425983768753,28.051433266543384,22.612582672629134,1071300,25.719998999999998
4870,2013-11-21,28.150438325131184,28.31544675611085,28.00742991822593,28.293444531924017,22.807676540801225,602800,25.6
4871,2013-11-22,28.337447880241474,28.425452376763964,27.985430994207725,28.161438887196496,22.701271404112084,605800,25.540001
4872,2013-11-25,28.205440035401534,28.238442821653674,27.908427059750547,28.095436614860834,22.64806168540218,770100,25.16
4873,2013-11-26,28.17244054931801,28.183441111383324,27.61141078393094,27.677414156322804,22.311090268105154,1221400,25.33
4874,2013-11-27,27.699415280453426,27.985430994207725,27.644411370070664,27.864423711433094,22.461836470367142,1055800,25.110001
4875,2013-11-29,28.00742991822593,28.00742991822593,27.468402377025686,27.622412446052454,22.266744802307468,654300,25.0
4876,2013-12-02,27.514766808696887,27.789804461722646,27.404751747486582,27.503765302575854,22.171106454385132,1076600,25.0
4877,2013-12-03,27.47075968406215,27.65778528811967,27.2617332680638,27.503765302575854,22.171106454385132,942800,25.83
4878,2013-12-04,27.371746128972873,28.933959998159185,27.283734080004635,28.416890310621373,22.907189725177968,3573600,25.76
4879,2013-12-05,28.416890310621373,28.427891816742402,28.009833483992637,28.33987976777416,22.84510712598638,1516100,25.85
4880,2013-12-06,28.526905371831674,28.724933582160833,28.317876755532097,28.438893322863436,22.924927453496903,1090900,26.040001
4881,2013-12-09,28.372885386287862,28.691927963647128,28.306875249411068,28.64792303931362,23.093424320945385,1011400,26.08
4882,2013-12-10,28.62591892692095,29.021972047127427,28.515903865710644,28.691927963647128,23.128895376980804,942500,25.52
4883,2013-12-11,28.680926457526102,28.801943024857437,27.99883417817283,28.07584362086943,22.632271988568927,1393400,25.450001
4884,2013-12-12,27.99883417817283,28.416890310621373,27.76780144948058,27.99883417817283,22.57018938937734,1542200,25.67
4885,2013-12-13,28.13085115147458,28.427891816742402,27.96582855965913,28.24086621268489,22.765291199078302,1331000,25.719998999999998
4886,2013-12-16,28.328878261653127,28.350881273895187,28.05384060862737,28.295872643139422,22.809633869649733,1147600,25.790001
4887,2013-12-17,28.306875249411068,28.449895929135078,28.108847039081912,28.372885386287862,22.871712068238867,1288000,26.059998999999998
4888,2013-12-18,28.328878261653127,28.724933582160833,27.76780144948058,28.669923851254453,23.111157648661873,2253800,25.700001
4889,2013-12-19,28.61491742079992,28.61491742079992,27.580775845423066,28.27387183119859,22.791900541933245,1237400,25.889999
4890,2013-12-20,28.284871137018392,28.515903865710644,27.877816510690884,28.48289824719694,22.960396309231108,1721600,25.77
4891,2013-12-23,28.570910296165184,28.61491742079992,28.317876755532097,28.350881273895187,22.853977640371767,668000,25.870001000000002
4892,2013-12-24,28.317876755532097,28.504902359589614,28.26287032507756,28.460897435256108,22.942662981514616,274800,25.91
4893,2013-12-26,28.460897435256108,28.77994001261537,28.207860594171184,28.504902359589614,22.978139538303104,529700,26.059998999999998
4894,2013-12-27,28.48289824719694,28.691927963647128,28.229864706563855,28.669923851254453,23.111157648661873,1012100,26.120001000000002
4895,2013-12-30,28.680926457526102,28.801943024857437,28.58191290243683,28.735935088281867,23.16437413407052,511400,25.91
4896,2013-12-31,28.70292946976816,28.84594794919094,28.438893322863436,28.504902359589614,22.978139538303104,870700,25.91
4897,2014-01-02,28.388289385933412,28.651345797683785,28.125231878110093,28.399250115426053,22.892972012440364,844900,25.91
4898,2014-01-03,28.355408293528452,28.607503975786184,28.256761728094702,28.399250115426053,22.892972012440364,1206200,25.950001
4899,2014-01-06,28.377327560367824,28.574621787308267,28.092348593559226,28.443094129469554,22.92830940432463,2265300,25.84
4900,2014-01-07,28.4978966808598,28.607503975786184,28.322525008977582,28.322525008977582,22.83111842376751,856200,25.75
4901,2014-01-08,28.26772245758734,28.278680994934078,27.971781665213154,28.22387844354384,22.751598331298418,1577400,25.719998999999998
4902,2014-01-09,28.333485738470223,28.388289385933412,28.04850677166162,28.19099515899297,22.72509090309342,1764400,26.41
4903,2014-01-10,28.26772245758734,29.144579720925464,28.234839173036477,28.94728659005797,23.334746406787055,1605700,26.290001
4904,2014-01-13,28.85960075411686,29.002089141448216,28.771914918175757,28.81575893221926,23.22871559789412,1214400,26.690001000000002
4905,2014-01-14,28.914403305507104,29.44052051329965,28.914403305507104,29.254188111924798,23.58214651253014,1657700,26.719998999999998
4906,2014-01-15,29.210344097881293,29.418597958241424,29.210344097881293,29.28706810825681,23.60864955644334,1297000,26.889999
4907,2014-01-16,29.308990663315036,29.48436233519725,29.22130482737393,29.473400509631663,23.75885210519161,1295600,27.129998999999998
4908,2014-01-17,29.55012561608013,29.83510458288873,29.363795406851178,29.736458017454982,23.970909338685683,1521700,27.17
4909,2014-01-21,29.82414385339609,30.065280998307088,29.68165546606474,29.78030203149849,24.006253307007647,889300,27.33
4910,2014-01-22,29.878948596932236,30.076242823872676,29.813185316049353,29.9556737033807,24.147620411711895,868300,27.049999
4911,2014-01-23,29.83510458288873,29.9118318814831,29.55012561608013,29.64877218151388,23.900224690260607,953200,26.73
4912,2014-01-24,29.604930359616276,29.626852914674505,29.27610737876417,29.2980299338224,23.61747732797671,1647100,26.610001
4913,2014-01-27,29.319951392807674,29.462439780139025,28.991130604101475,29.16650227598369,23.51145967195917,1453700,27.08
4914,2014-01-28,29.210344097881293,29.68165546606474,29.144579720925464,29.68165546606474,23.926728830246756,1170500,27.309998999999998
4915,2014-01-29,29.49532306468989,29.97759516236598,29.462439780139025,29.933751148322475,24.129949523623868,2388500,27.83
4916,2014-01-30,30.065280998307088,30.755805860270353,29.9556737033807,30.50371017801262,24.589401382496284,2345300,27.969998999999998
4917,2014-01-31,30.196808656145794,30.79964987431386,30.142006104755556,30.657159294836607,24.713095406966602,2207000,27.719998999999998
4918,2014-02-03,30.576971731102603,30.631572374302014,30.205679931510645,30.271200921756872,24.401973038665822,1906400,28.02
4919,2014-02-04,30.40224617835345,30.686175201570833,30.140157849229713,30.59881242519625,24.666060883333834,2354800,28.360001
4920,2014-02-05,30.5223710879032,30.970105316822917,30.358563698131455,30.970105316822917,24.9653548348461,2057500,28.75
4921,2014-02-06,30.970105316822917,31.417838453707926,30.948263530694568,31.395997759614282,25.308682901755258,2194400,29.52
4922,2014-02-07,31.1120687363969,32.30238656450054,30.566051384055783,32.2368644822196,25.986515395159746,3177300,30.16
4923,2014-02-10,32.29146621745372,33.12141259301222,32.20410344107914,32.93576669321624,26.549902651513545,3352600,30.17
4924,2014-02-11,32.94668704026306,33.59098751602558,32.76104114046708,32.94668704026306,26.558708819372104,3288900,29.75
4925,2014-02-12,32.509873158390164,32.771961487513906,32.24778592130113,32.488032464296516,26.416636196327648,2315500,29.99
4926,2014-02-13,32.34606904472254,32.8702446109353,32.26962443132536,32.75012079342026,26.629747860981087,1892700,29.74
4927,2014-02-14,32.64091623091733,32.73920044637343,32.38974934087512,32.477112117249696,26.407756862143874,1884600,29.780001000000002
4928,2014-02-18,32.488032464296516,32.58631558771792,32.356987207699945,32.52079459747169,26.443275290913665,2088100,29.76
4929,2014-02-19,32.40066968792194,32.79380327364225,32.335148697675706,32.498952811343344,26.425514438476714,3067400,29.280001000000002
4930,2014-02-20,32.40066968792194,32.64091623091733,31.865572682627647,31.974777245130575,25.99929875341276,1808900,29.469998999999998
4931,2014-02-21,32.00753610220163,32.37882899382829,31.7454488651126,32.182261654950786,26.168006102904414,1518900,29.57
4932,2014-02-24,32.26962443132536,32.56447489362427,32.171341307903965,32.29146621745372,26.256803812880946,1134200,29.799999
4933,2014-02-25,32.40066968792194,32.69552015022085,32.2368644822196,32.542633107495924,26.461033959281206,1259300,29.76
4934,2014-02-26,32.542633107495924,32.804723620689074,32.43343182109711,32.498952811343344,26.425514438476714,1484100,29.809998999999998
4935,2014-02-27,32.488032464296516,32.64091623091733,32.356987207699945,32.553553454542744,26.469916569569087,1464600,29.889999
4936,2014-02-28,32.553553454542744,32.815641783666486,32.46619177020287,32.64091623091733,26.540947966935146,1868200,30.4
4937,2014-03-03,32.2041936070895,32.99627788381374,32.2041936070895,32.98542741426957,26.82107710263529,2411500,31.09
4938,2014-03-04,33.28924056150627,33.820913569170486,33.28924056150627,33.73410981281714,27.42984703659863,2319900,31.08
4939,2014-03-05,33.69070684959351,33.94026981920328,33.28924056150627,33.723259343272964,27.421022349718356,1348200,30.68
4940,2014-03-06,33.70155731913768,33.70155731913768,33.15903384192929,33.28924056150627,27.06811191284126,1333200,30.639999
4941,2014-03-07,33.267539622417935,33.34349290922711,32.800969432018725,33.24583759828264,27.032826185883632,1244900,30.389999
4942,2014-03-10,33.22413882928822,33.22413882928822,32.81181990156289,32.97457585967845,26.81225241575502,1004200,30.42
4943,2014-03-11,32.99627788381374,33.16988539652042,32.95287709068403,33.00712835335791,26.838724306301923,718500,30.299999
4944,2014-03-12,32.89862365791623,33.12648460339071,32.81181990156289,32.87692163378094,26.732853019818613,918100,30.15
4945,2014-03-13,33.01797882290207,33.07223117062291,32.55140863250286,32.714165675665384,26.600508757741448,1026400,30.42
4946,2014-03-14,32.72501614520955,33.104782579255414,32.72501614520955,33.00712835335791,26.838724306301923,896000,30.469998999999998
4947,2014-03-17,33.11563304879958,33.397746341994896,32.887772103325105,33.061379616031786,26.882836890233733,641100,30.34
4948,2014-03-18,33.12648460339071,33.14818337238513,32.833520840651225,32.92032459700457,26.768145257057974,546200,29.67
4949,2014-03-19,32.95287709068403,33.321790885091815,31.998034685750316,32.19334313754534,26.17701818657345,1645500,30.200001
4950,2014-03-20,32.171642198457,32.76841910843317,31.987184216206153,32.76841910843317,26.644621341673265,1080000,30.33
4951,2014-03-21,32.97457585967845,33.24583759828264,32.7901178774276,32.90947412746039,26.759320570177707,1278200,29.98
4952,2014-03-24,32.97457585967845,33.00712835335791,32.33439815657256,32.52970769341454,26.450521632185463,559700,30.51
4953,2014-03-25,32.75756863888901,33.18073586606459,32.73586661475372,33.104782579255414,26.918131297567008,860700,29.85
4954,2014-03-26,33.18073586606459,33.22413882928822,32.388651589340355,32.388651589340355,26.335828913962747,714600,29.84
4955,2014-03-27,32.35610018070785,32.486306900284816,32.09568891164783,32.37780111979619,26.32700422708248,989200,29.93
4956,2014-03-28,32.50800566927924,32.800969432018725,32.475455345693696,32.475455345693696,26.40641338844147,825100,30.219998999999998
4957,2014-03-31,32.67076488253567,32.85522286478651,32.399503143931476,32.7901178774276,26.662266375245988,1797200,30.01
4958,2014-04-01,32.44444725652966,32.801336176351484,32.18489167847743,32.45526207228184,26.389990035470237,1434200,30.040001
4959,2014-04-02,32.45526207228184,32.53096578254707,32.087558336707836,32.48770760101995,26.41637061553452,1820800,30.16
4960,2014-04-03,32.585038779826384,32.73644728183843,32.336299099007896,32.617484308564485,26.52189509875481,1140500,30.200001
4961,2014-04-04,32.77970546336556,32.844596520841776,32.49852025380897,32.66074465305477,26.557069205507194,1622200,30.01
4962,2014-04-07,32.617484308564485,32.758077994824355,32.412001727791555,32.45526207228184,26.389990035470237,1662200,30.209999
4963,2014-04-08,32.48770760101995,32.73644728183843,32.34711391476008,32.6715573058438,26.565867058121583,1303300,29.99
4964,2014-04-09,32.714817650334076,32.714817650334076,32.34711391476008,32.43363244077749,26.3724051450572,1395700,29.6
4965,2014-04-10,32.53096578254707,32.617484308564485,31.925336100425188,32.011854626442606,26.029447870887324,2223100,29.110001
4966,2014-04-11,31.882076837416484,32.00103981069042,31.460299023081596,31.481929736067528,25.598551003910206,1842300,29.18
4967,2014-04-14,31.62252125936424,31.698223888147904,31.3088926840327,31.557632364851184,25.660110016653167,1283400,29.23
4968,2014-04-15,31.557632364851184,31.730669416886013,31.525187917594653,31.611706443612068,25.704076568612066,2021500,29.780001000000002
4969,2014-04-16,31.752300129871937,32.24978057299049,31.471113838833777,32.20652239146335,26.187734595717757,2276500,29.629998999999998
4970,2014-04-17,32.03348533942853,32.141631333987135,31.806373127151247,32.04429799221755,26.055826287988463,1159000,29.879998999999998
4971,2014-04-21,32.10918904969377,32.47689278526777,32.03348533942853,32.31466838602197,26.275676351488155,647200,30.35
4972,2014-04-22,32.32548320177414,32.86622398938297,31.914521284673015,32.822965807855844,26.688977513236487,1223200,30.049999
4973,2014-04-23,32.844596520841776,32.87703988661672,32.368743546264426,32.49852025380897,26.42515981629632,1553900,30.5
4974,2014-04-24,32.57422612703736,33.00681767564284,32.46607688803402,32.98518804413849,26.82088257652106,1053900,30.43
4975,2014-04-25,32.95274251540038,33.09333620166026,32.81215099210367,32.90948433387325,26.759332215630693,575300,30.67
4976,2014-04-28,33.0176335728766,33.26637325369508,32.92030023110701,33.169039911925495,26.970374693181817,818000,30.719998999999998
4977,2014-04-29,33.277188069447256,33.374522492698425,33.06089175440373,33.2231129092048,27.014344489585444,703100,30.83
4978,2014-04-30,33.19067062491142,33.385337308450595,33.05007585716997,33.34207696396032,27.111074364636064,1277500,31.15
4979,2014-05-01,33.25836400331652,33.592455359394705,32.83805201181589,33.570901008827235,27.29713330818411,1368100,31.370001000000002
4980,2014-05-02,33.430797730138714,33.94810214375788,33.23680857503153,33.80799994278689,27.489927274552333,1481900,31.469998999999998
4981,2014-05-05,33.700227112232035,33.99121192261034,33.51701513240858,33.91576954018915,27.577560797654474,760600,31.41
4982,2014-05-06,33.82955213791929,33.88344016977302,33.635562982812104,33.851107566204284,27.524978959445143,897800,31.790001
4983,2014-05-07,33.90499236490542,34.37918915510719,33.872661916771754,34.26064130470366,27.8579753545145,880900,31.780001000000002
4984,2014-05-08,34.20675435056746,34.680950063051704,34.14209129886507,34.249864129419926,27.849222132749055,1048800,31.5
4985,2014-05-09,34.20675435056746,34.32530327868853,33.764890163934425,33.94810214375788,27.603847405889027,1227300,31.559998999999998
4986,2014-05-12,34.06665214959647,34.163646727150066,33.86188474148802,34.01276411774275,27.65642277779319,1215900,31.25
4987,2014-05-13,34.01276411774275,34.29297175283733,33.56012275582598,33.678672761664565,27.384766831286257,1384200,30.940001000000002
4988,2014-05-14,33.420020554854986,33.58167818411097,33.15059117276167,33.34458140558638,27.340578257187893,1116400,30.92
4989,2014-05-15,33.333803152585126,33.44157598313998,33.04281941992434,33.32302597730139,27.32291015602774,1038600,31.299999
4990,2014-05-16,33.32302597730139,33.743334735649434,33.17214660104666,33.7325575603657,27.658704305800757,1179900,31.16
4991,2014-05-19,33.484683606557375,33.88344016977302,33.36613360071879,33.58167818411097,27.53499311071879,1302000,31.209999
4992,2014-05-20,33.58167818411097,33.82955213791929,33.463128178272385,33.635562982812104,27.57917414079445,984500,31.09
4993,2014-05-21,33.66789558638083,33.764890163934425,33.45235315842371,33.506237957124846,27.473133202307693,692100,31.049999
4994,2014-05-22,33.45235315842371,33.64634015809584,33.30147162673392,33.463128178272385,27.437782989659524,1097300,31.24
4995,2014-05-23,33.484683606557375,33.764890163934425,33.40924337957125,33.66789558638083,27.605687069709962,1006900,31.440001000000002
4996,2014-05-27,33.700227112232035,33.99121192261034,33.700227112232035,33.88344016977302,27.782421967187894,806900,31.33
4997,2014-05-28,33.81877496263556,33.851107566204284,33.430797730138714,33.764890163934425,27.685212923846155,1011100,31.41
4998,2014-05-29,33.82955213791929,33.96965649432535,33.700227112232035,33.851107566204284,27.755909038272385,633600,31.48
4999,2014-05-30,33.872661916771754,34.05587389659521,33.80799994278689,33.92654779319042,27.81776355809584,835700,31.459999
5000,2014-06-02,33.863489676642494,34.014090769978566,33.777432523715824,33.841974312696415,27.748416838262507,620600,31.530001000000002
5001,2014-06-03,33.777432523715824,33.98181826191665,33.68061715095891,33.91727647293607,27.81015639120092,381700,31.6
5002,2014-06-04,33.874246820758316,34.089390778789394,33.777432523715824,33.992575406032486,27.87190347414021,579700,31.93
5003,2014-06-05,33.90651825310582,34.37983151848807,33.874246820758316,34.347561161854976,28.16296920391201,1440100,31.799999
5004,2014-06-06,34.42286117066581,34.42286117066581,34.057118270727486,34.20771721263474,28.0483045019237,908000,31.34
5005,2014-06-09,34.19696221994773,34.30453150967723,33.60531821786249,33.712889659020824,27.64258052445006,1149800,31.49
5006,2014-06-10,33.659105014156076,33.874246820758316,33.43320391200916,33.874246820758316,27.774878337073044,1234800,31.559998999999998
5007,2014-06-11,33.841974312696415,34.02484576266557,33.61607536197833,33.949545753854736,27.83662004144028,1172100,31.540001
5008,2014-06-12,33.91727647293607,34.02484576266557,33.72364680313666,33.9280336170519,27.818986930805607,786300,32.07
5009,2014-06-13,33.98181826191665,34.5089204750213,33.69137537078916,34.49816117947664,28.286455839789717,1501200,31.860001
5010,2014-06-16,34.48740511107522,34.5089204750213,34.057118270727486,34.27226222875856,28.101229650973597,995500,31.58
5011,2014-06-17,34.18620507583189,34.26150400892831,33.85273145681224,33.971061117800815,27.854262833504656,894700,31.780001000000002
5012,2014-06-18,33.971061117800815,34.25074686481248,33.85273145681224,34.18620507583189,28.03067139128903,1404900,31.99
5013,2014-06-19,34.22923257658081,34.444375458897476,34.11090291559224,34.41210402654997,28.215890050104267,1274500,32.060001
5014,2014-06-20,34.5089204750213,34.54119083165439,34.33680401773914,34.48740511107522,28.277638208757967,1720700,32.049999
5015,2014-06-23,34.49816117947664,34.68103478087463,34.40134688243415,34.47664581553057,28.268813047725338,783900,32.09
5016,2014-06-24,34.455131527298896,34.551945824341395,34.40134688243415,34.51967546770831,28.304097556139684,672600,32.25
5017,2014-06-25,34.465890822843555,34.777849077917125,34.465890822843555,34.69178977356164,28.445223756938532,793800,32.240002000000004
5018,2014-06-26,34.702544766248636,34.702544766248636,34.530430460395316,34.68103478087463,28.436395368762668,473600,32.540001000000004
5019,2014-06-27,34.67027548532997,35.24040197204029,34.551945824341395,35.00374802863521,28.70100067543834,704600,32.27
5020,2014-06-30,35.01450302132222,35.05753267349996,34.6164897647508,34.7133040617933,28.4628568675732,1176000,32.27
5021,2014-07-01,34.73761453771668,34.87751307450157,34.543909285296955,34.72685427072403,28.473967237725077,972400,32.380001
5022,2014-07-02,34.69457239361176,34.866753883643234,34.39325155765373,34.845230121254986,28.571030248193075,705600,32.290001000000004
5023,2014-07-03,34.845230121254986,34.845230121254986,34.46858095954249,34.74837803311228,28.49161261205037,393800,32.439999
5024,2014-07-07,34.71609077532843,35.06045805992865,34.71609077532843,34.90979602774817,28.62397067570619,857100,32.799999
5025,2014-07-08,35.23263954996013,35.5339550052466,35.189593101317946,35.297204380318995,28.941622925993702,1184900,32.889998999999996
5026,2014-07-09,35.31872814270724,35.4048210399916,35.08197644164533,35.3940564684617,29.021034105330536,608900,33.049999
5027,2014-07-10,35.23263954996013,35.66309004663588,35.17882960592235,35.56623795849318,29.162214318081844,674500,33.139998999999996
5028,2014-07-11,35.56623795849318,35.72766025766632,35.3940564684617,35.66309004663588,29.241627649687306,596900,33.380001
5029,2014-07-14,35.68461380902413,35.94288819633998,35.55547876763484,35.92136443395173,29.453399044948583,1135700,33.630001
5030,2014-07-15,35.87831798530956,36.28725010026863,35.73841944852465,36.190398012125925,29.673989360902414,1998900,33.759997999999996
5031,2014-07-16,36.211921774514174,36.47019078115845,36.11506861023715,36.33029224437355,29.788686984352573,961800,33.669998
5032,2014-07-17,36.16887532587199,36.427144332516264,36.16887532587199,36.233440156230856,29.70928333795593,1188300,33.959998999999996
5033,2014-07-18,36.26572741401469,36.62084958493599,36.14735156348374,36.545520183047216,29.96516440256034,951700,33.77
5034,2014-07-21,36.43790890404618,36.523997496793285,36.27648660487303,36.34105573976915,29.797515590253937,773400,33.860001000000004
5035,2014-07-22,36.38410218841133,36.63161308033159,36.37333869301574,36.43790890404618,29.876928921859392,532900,33.970001
5036,2014-07-23,36.38410218841133,36.577807440831066,36.37333869301574,36.55628367844282,29.973990856193076,825000,33.93
5037,2014-07-24,36.5885666316894,36.663896033578176,36.3625795021574,36.51323722980063,29.93869903140818,1399000,33.669998
5038,2014-07-25,36.44866809490451,36.577807440831066,36.17963451673033,36.233440156230856,29.70928333795593,777500,33.889998999999996
5039,2014-07-28,36.26572741401469,36.53476099218888,36.254963918619104,36.47019078115845,29.903398597548797,772300,33.889998999999996
5040,2014-07-29,36.459431590300106,36.64237227118993,36.24420365162645,36.47019078115845,29.903398597548797,530700,34.32
5041,2014-07-30,36.459431590300106,37.105111101783834,36.459431590300106,36.932929611752364,30.282823109653727,897600,34.18
5042,2014-07-31,36.83607752360965,36.94369310714796,36.211921774514174,36.78227080797482,30.159289347362016,2412800,33.549999
5043,2014-08-01,36.69290910477524,37.08096678933959,36.12160031121033,36.164718789881945,29.652929512663338,2321500,33.959998999999996
5044,2014-08-04,36.164718789881945,36.69290910477524,35.981471992621465,36.606672147432015,30.015305395413957,859400,33.580002
5045,2014-08-05,36.53121669614298,36.5527764744463,36.10004592258211,36.197060074239445,29.679452103791437,1040600,33.380001
5046,2014-08-06,36.10004592258211,36.25095574722516,35.89523503527824,35.981471992621465,29.50268369599162,969000,33.169998
5047,2014-08-07,36.0569274439105,36.175500295936125,35.57185560768882,35.7551024049493,29.317062207885574,1033800,33.240002000000004
5048,2014-08-08,35.8090023896751,35.992249186935574,35.58263280200292,35.83056216797841,29.378941067617678,1864200,33.349998
5049,2014-08-11,35.852116556606624,36.10004592258211,35.81978066192422,35.949130708263965,29.47616110486353,907000,33.25
5050,2014-08-12,35.938353513949856,35.992249186935574,35.74432521063518,35.84133936229252,29.387787680313807,851400,33.439999
5051,2014-08-13,35.71198823801776,36.13238181726452,35.66886975934615,36.046145937856316,29.788639375611726,1780700,33.259997999999996
5052,2014-08-14,36.067704638224605,36.20783726855356,35.74432521063518,35.852116556606624,29.628300853362592,527700,33.330002
5053,2014-08-15,35.88445784096414,36.01380896523889,35.67964695366026,35.92757631963574,29.690655082437818,1015900,33.689999
5054,2014-08-18,36.10004592258211,36.3479698988825,35.992249186935574,36.31562969246002,30.0113450621563,1088200,33.889998999999996
5055,2014-08-19,36.33718839282831,36.671349326471926,36.25095574722516,36.53121669614298,30.189508317869937,1054900,34.16
5056,2014-08-20,36.48809821747137,36.95161135332476,36.26173294153927,36.822260229049995,30.430026880593818,557500,34.139998999999996
5057,2014-08-21,36.811483034735886,37.03784831066798,36.68212759872105,36.800700450746675,30.412209692674434,390800,34.02
5058,2014-08-22,36.75758197207507,36.83303742336411,36.36952967718582,36.671349326471926,30.305309798963226,502400,33.82
5059,2014-08-25,36.76836455606428,36.822260229049995,36.33718839282831,36.455762322788964,30.127145465314566,487800,34.130001
5060,2014-08-26,36.423425350171534,36.87615590203572,36.423425350171534,36.78992325643257,30.403297325942184,539500,34.02
5061,2014-08-27,36.77914175037839,36.994729831996366,36.54199928013218,36.671349326471926,30.305309798963226,542100,34.09
5062,2014-08-28,36.64979062610362,36.800700450746675,36.49888080146057,36.746804777760964,30.36766402803844,390900,34.27
5063,2014-08-29,36.746804777760964,36.962392859378944,36.66056782041774,36.94083308107563,30.528015485507794,644500,34.52
5064,2014-09-02,36.92382363478287,37.18233456986695,36.708401984523036,37.18233456986695,30.727591155227685,829300,34.73
5065,2014-09-03,37.2146472249875,37.451615671908286,36.99922126623003,37.40853069558167,30.914522864891556,965000,34.52
5066,2014-09-04,37.365444642130655,37.494701725359306,37.04230731968105,37.18233456986695,30.727591155227685,741200,34.830002
5067,2014-09-05,37.13924959354034,37.52701438047986,36.99922126623003,37.51624529064702,31.00353858023115,865300,34.650002
5068,2014-09-08,37.5377834703127,37.55932703560041,37.311588421722384,37.322362897177264,30.843314170267742,736900,34.529999
5069,2014-09-09,37.25773327843853,37.3331319870101,37.05308179513593,37.193104736824196,30.736492511336763,515600,33.900002
5070,2014-09-10,37.04230731968105,37.07461997480161,36.44988997231454,36.51451959105327,30.175699536593974,950700,33.889998999999996
5071,2014-09-11,36.49297602576556,36.665315931072016,36.320636120459106,36.50374511559839,30.166805720355757,462500,32.93
5072,2014-09-12,36.42834748415123,36.42834748415123,35.15733960539173,35.46970676088409,29.312269071137795,1143700,32.700001
5073,2014-09-15,35.43739518288795,35.62050417802724,35.092715372275045,35.221969224130476,29.10754218912663,653200,33.150002
5074,2014-09-16,35.24351171229378,35.77130051804597,35.1250280273956,35.70667628492928,29.508107522532786,731000,33.02
5075,2014-09-17,35.814386571496996,36.07289858370549,35.48047692784133,35.566647957618976,29.392385584617134,654600,32.52
5076,2014-09-18,35.5558745592885,35.70667628492928,34.94191472375868,35.02808575353631,28.947311316416773,767600,32.709998999999996
5077,2014-09-19,35.146570515558906,35.32967951069819,34.974230610252455,35.23273831396331,29.116436005364854,1791900,32.450001
5078,2014-09-22,35.11425355194071,35.178883170679455,34.92037115847096,34.95268812208914,28.88501044064849,419800,32.18
5079,2014-09-23,34.974230610252455,35.1250280273956,34.661863454760095,34.661863454760095,28.644668440081336,695900,31.940001000000002
5080,2014-09-24,34.597234913145776,34.84497244989939,34.34949629926775,34.40335467392483,28.43103050784142,1113500,31.83
5081,2014-09-25,34.209471203330665,34.38181110863712,33.94019010128934,34.284869911902234,28.333120976263604,1101100,31.98
5082,2014-09-26,34.27409866782058,34.58646582331294,34.00481756577925,34.44643857312703,28.466640240775362,1053800,32.0
5083,2014-09-29,34.27409866782058,34.5218362045742,34.14484481596516,34.46798106129034,28.484441875869116,1028000,31.82
5084,2014-09-30,34.511067114741365,34.64032096659679,34.198699959249005,34.27409866782058,28.324217465905708,1076400,31.9
5085,2014-10-01,34.349622140186916,34.69517222285445,34.23084220133259,34.44680857336596,28.466949508918308,1677100,31.91
5086,2014-10-02,34.47920369114656,34.75996029874112,34.144455220584334,34.4576069459595,28.475870044517826,1169200,32.220001
5087,2014-10-03,34.55479229930128,34.90034022229429,34.317229182080844,34.79235757619624,28.752508152805213,544000,32.419998
5088,2014-10-06,34.82475161413957,35.181100069400635,34.78155704392818,35.00832178855509,28.93097933568207,539200,32.150002
5089,2014-10-07,34.986729362717064,35.20269249523866,34.716770047878775,34.716770047878775,28.690039567351633,689600,32.950001
5090,2014-10-08,34.74916300598485,35.580638775524044,34.74916300598485,35.580638775524044,29.40394589560423,741000,32.779999
5091,2014-10-09,35.55904095049972,35.861394303281344,35.23509085253104,35.397064281759484,29.252241718712227,886000,32.75
5092,2014-10-10,35.45105938423893,35.93698291143607,35.36467024381615,35.36467024381615,29.225463914354783,1069500,33.439999
5093,2014-10-13,35.64542577157346,36.48770207338071,35.483453422182265,36.10975687293258,29.841207636545892,1634700,34.310001
5094,2014-10-14,36.29333136669714,37.37316862605031,36.10975687293258,37.04921744824435,30.617584709926593,1297200,34.060001
5095,2014-10-15,36.86564295447979,37.50274801733541,36.368918895014595,36.77925813340606,30.394491411981488,1712900,33.759997999999996
5096,2014-10-16,36.42291075798225,36.7036706050886,36.088159047908256,36.45530371608833,30.12676520059554,1321200,33.509997999999996
5097,2014-10-17,36.64967550260916,36.80085595843038,35.915385086411746,36.185344401250035,29.90367622199947,1453800,34.029999
5098,2014-10-20,36.098959580176306,36.74686085595094,36.098959580176306,36.74686085595094,30.3677146874613,969400,34.41
5099,2014-10-21,36.89803699242313,37.15720009434241,36.71446681800761,37.15720009434241,30.706817061853236,636200,34.25
5100,2014-10-22,37.15720009434241,37.45955344712403,36.62807767758484,36.984426132845904,30.564039899584312,5026700,34.59
5101,2014-10-23,37.232788702497125,37.52434476252248,37.01682017078923,37.351570801025986,30.867451492880097,1185000,34.389998999999996
5102,2014-10-24,37.28677948562753,37.48115019231109,36.94123156263451,37.135602269318085,30.688981389840503,856300,34.490002000000004
5103,2014-10-27,37.17879683952947,37.610733902945256,37.0924076991067,37.24358923476518,30.778212661929896,1235400,34.360001000000004
5104,2014-10-28,37.2651816606032,37.34077458810696,36.95203209490257,37.10320931121201,30.662200345971286,1162800,34.27
5105,2014-10-29,37.10320931121201,37.31917676308264,36.86564295447979,37.006022878032965,30.581888529644154,1792000,34.490002000000004
5106,2014-10-30,36.97362991992689,37.50274801733541,36.77925813340606,37.24358923476518,30.778212661929896,1519500,35.790001000000004
5107,2014-10-31,37.53514097544149,38.690571162298426,37.24358923476518,38.64737659208704,31.938308825584485,1914200,36.419998
5108,2014-11-03,38.98746560463432,39.56288520315816,38.92232146898383,39.541170129374855,32.67693444499918,1485600,36.259997999999996
5109,2014-11-04,39.58459919124204,39.7800250839971,39.172036674746245,39.36745822470368,32.53338652687476,2086700,36.32
5110,2014-11-05,39.519460484088576,39.55202929481561,39.13946243552219,39.43260236035419,32.58722093183175,1100100,35.93
5111,2014-11-06,39.38917329848699,39.67145731497644,38.965750530851025,39.00917959271822,32.237296756761566,909700,35.959998999999996
5112,2014-11-07,38.99832042727747,39.23717538189972,38.71604075358563,39.041749489144664,32.26421884488739,1547600,36.759997999999996
5113,2014-11-10,39.063464562927955,39.942882166025136,38.98746560463432,39.910307926801075,32.981994263589826,1412800,36.52
5114,2014-11-11,39.899453104157935,39.899453104157935,39.32403350563412,39.64974224119314,32.76666098655945,1206700,36.110001000000004
5115,2014-11-12,39.29146035210946,39.486886244864515,38.965750530851025,39.20460657117269,32.631120101540965,988700,36.720001
5116,2014-11-13,39.32403350563412,39.953736988668275,39.23717538189972,39.866883207731505,33.18235466013695,1398700,36.209998999999996
5117,2014-11-14,39.8451692196476,39.97545206245157,39.226320559256585,39.313174340193356,32.72147960585389,1100500,36.650002
5118,2014-11-17,39.313174340193356,39.866883207731505,39.30231951755022,39.79088533513727,33.11910181284856,1449100,36.970001
5119,2014-11-18,39.834310054206846,40.2794457242273,39.70402721140288,40.1383080587802,33.40825504946835,1544600,36.529999
5120,2014-11-19,40.094878996912996,40.40973290982889,39.58459919124204,39.66059814953568,33.01065347076235,1338400,36.669998
5121,2014-11-20,39.61717343046611,39.856024042290734,39.53031530673171,39.81259498042355,33.137165679535556,666900,37.049999
5122,2014-11-21,40.08401983147224,40.22516183971697,39.910307926801075,40.22516183971697,33.48055720129071,3814500,36.950001
5123,2014-11-24,40.25773607894102,40.540015752632854,39.98631122789233,40.1165940706963,33.39019335418017,1713700,36.98
5124,2014-11-25,40.12744889333943,40.33373503723465,39.98631122789233,40.14916396712273,33.417295668407085,1107800,37.360001000000004
5125,2014-11-26,40.2794457242273,40.69201366922012,40.1165940706963,40.56173082641615,33.76068610446283,1092800,37.25
5126,2014-11-28,40.540015752632854,41.02858157021991,40.388018921744994,40.44230280625532,33.66128489551178,536600,37.080002
5127,2014-12-01,40.67292238045756,41.1642742125147,40.47638208439092,40.48730317350902,33.69874347716897,1069900,37.200001
5128,2014-12-02,40.465464270944416,40.67292238045756,40.225247261639105,40.61832894566291,33.807796044222606,1077000,36.939999
5129,2014-12-03,40.7384369043703,40.836708144294164,40.26892397487777,40.33443522311892,33.57150219760489,964800,37.099998
5130,2014-12-04,40.225247261639105,40.5855689539802,40.11606039204981,40.50913661662096,33.71691471943086,828900,36.880001
5131,2014-12-05,40.290762877442376,40.39994974703167,39.97411353077782,40.26892397487777,33.51697100057067,876500,37.389998999999996
5132,2014-12-08,40.25800288575967,41.022327351242694,40.25800288575967,40.82578596328551,33.98047198078463,800400,37.549999
5133,2014-12-09,40.7384369043703,41.33897669790727,40.71659909369624,41.00048844867809,34.12588231882953,1073900,37.09
5134,2014-12-10,40.81486924172955,40.934978292327486,40.35627303379298,40.49821989506499,33.70783019019045,1675500,37.009997999999996
5135,2014-12-11,40.25800288575967,40.54189660830367,40.14881492427985,40.41086646858763,33.635129934675405,1412400,36.509997999999996
5136,2014-12-12,40.35627303379298,40.520058797629595,39.82124885605931,39.864921201735854,33.180715667482914,1762600,35.939999
5137,2014-12-15,39.98503025233378,40.094221489485214,39.18795016273018,39.24254468941536,32.66269440914007,1233500,35.66
5138,2014-12-16,39.30805921332811,39.362652648122754,38.838546283835576,38.93681643186889,32.408226044588865,2293700,36.119999
5139,2014-12-17,39.04600330145818,39.67930199478732,38.94773315342486,39.439084985482005,32.82627926511848,3990600,36.799999
5140,2014-12-18,39.62470855999268,40.18157054840042,39.46092279615607,40.18157054840042,33.444264193712414,964100,37.509997999999996
5141,2014-12-19,40.15973273772635,40.989571727122126,40.13789383516174,40.95681173543941,34.08953765052467,2909500,38.32
5142,2014-12-22,41.12059749927601,41.85216634063847,40.913139389762875,41.84124525152037,34.82566841053694,1293300,38.130001
5143,2014-12-23,41.895838686315,42.070541171707575,41.48092355917926,41.63378714200723,34.652990290193856,781200,37.799999
5144,2014-12-24,41.622866052889115,41.84124525152037,41.2297843688653,41.27346108210398,34.35308290108257,348400,38.02
5145,2014-12-26,41.31713779534266,41.655626044571825,41.022327351242694,41.513678091409304,34.55301570103743,460000,38.139998999999996
5146,2014-12-29,41.415407943375975,41.863083062194434,41.36081450858133,41.64470386356319,34.6620759113248,597600,37.950001
5147,2014-12-30,41.53551699397391,41.78665072483519,41.36081450858133,41.437246845940585,34.48940652610599,435600,37.150002
5148,2014-12-31,41.57919370721258,41.77572963571708,40.465464270944416,40.56373551086827,33.76236138722467,887100,37.889998999999996
5149,2015-01-02,40.952996199420646,41.633168053969285,40.85426141612362,41.5673426709983,34.597690520814524,603700,38.220001
5150,2015-01-05,41.435697390322076,42.082959844544675,41.26016998373605,41.9293724038604,34.899020303011895,742600,38.529999
5151,2015-01-06,41.99519339861878,42.62051259578019,41.96228290123959,42.269456685554985,35.18207098566154,2105000,38.919998
5152,2015-01-07,42.1816946278417,42.872839207974096,42.01713446157368,42.69730631612232,35.53818760205728,1185100,39.34
5153,2015-01-08,42.76313169909331,43.15807083228145,42.44498518919416,43.15807083228145,35.921698732605364,1365200,39.549999
5154,2015-01-09,43.234864552623584,43.651745845819775,42.982542328642275,43.38845089625472,36.11344716703393,1176000,40.310001
5155,2015-01-12,43.88212590979304,44.299007202989216,43.73950790353306,44.22221348264708,36.80742104723436,894900,38.860001000000004
5156,2015-01-13,42.49984113774085,43.07030438635556,42.40110635444381,42.63148641841708,35.48341502954982,7880500,39.41
5157,2015-01-14,42.42304302918612,43.32263099854947,42.148779742249914,43.234864552623584,35.985618534258705,2331700,39.450001
5158,2015-01-15,43.377482558883564,43.596894285485675,43.1800129922895,43.27874777558653,36.02214491881288,1656000,40.23
5159,2015-01-16,43.32263099854947,44.17833025968414,43.27874777558653,44.13444813377434,36.73437376339177,1293200,39.66
5160,2015-01-20,44.441620821036594,44.441620821036594,43.421365781846504,43.509127839559795,36.2138944502946,1289000,39.889998999999996
5161,2015-01-21,43.4433024565888,43.915036407172224,43.190981329660644,43.761448966487954,36.42390662552683,1122200,40.5
5162,2015-01-22,44.00280285309812,44.43065248366545,43.70659740615387,44.43065248366545,36.980911226125016,1246100,40.549999
5163,2015-01-23,44.48550404399954,44.7487989935646,44.13444813377434,44.48550404399954,37.02656948108101,1546900,40.900002
5164,2015-01-26,44.46356298104464,44.97917905753786,44.32094936299726,44.86947593686968,37.34616300408203,2079200,41.080002
5165,2015-01-27,44.595212649933465,45.231501281519165,44.595212649933465,45.06694550346374,37.5105059538268,1559600,40.900002
5166,2015-01-28,45.30829390480816,45.582557191744364,44.86947593686968,44.86947593686968,37.34616300408203,1396800,40.790001000000004
5167,2015-01-29,44.78170949094379,45.121797063797835,44.48550404399954,44.7487989935646,37.2457047502899,927700,39.860001000000004
5168,2015-01-30,44.55132942697053,44.595212649933465,43.68465634319897,43.72853956616191,36.396503334949315,1673300,39.869999
5169,2015-02-02,43.528519428183124,43.637753625092664,42.34882767699662,43.55036670448872,36.2482196266903,1518300,40.060001
5170,2015-02-03,43.5722128884851,43.790675820758175,42.84036790922453,43.7579076370728,36.42095958816813,1265200,40.119999
5171,2015-02-04,43.5722128884851,43.99821347641465,43.2445212208485,43.82344400444355,36.47551169422551,1177700,40.529999
5172,2015-02-05,43.96544529272927,44.34775132804764,43.714214176770824,44.27129077636949,36.848264393282264,1601900,39.049999
5173,2015-02-06,43.95452438534949,44.04190693671663,42.46898278128595,42.65467316063684,35.502707674721584,2377000,38.48
5174,2015-02-09,42.65467316063684,42.85128990891352,41.91190290475967,42.032058009049,34.98448342105128,1408500,38.330002
5175,2015-02-10,41.8682138136945,41.96651727244144,41.201904109495494,41.8682138136945,34.84810643283544,1806300,38.02
5176,2015-02-11,41.62790469742504,41.813595076775925,41.23467229318087,41.5295957771321,34.820627210295584,1728100,39.049999
5177,2015-02-12,41.59513651373966,42.676520436942425,41.54051777682109,42.65467316063684,35.76395963527918,1385800,38.549999
5178,2015-02-13,42.676520436942425,42.676520436942425,41.82452035339253,42.10851856072716,35.3060330340573,1379000,38.310001
5179,2015-02-17,42.10851856072716,42.556365332653094,41.813595076775925,41.84636653738891,35.08623748456046,987300,38.790001000000004
5180,2015-02-18,41.769905985710764,42.45805750466935,41.5295957771321,42.370674953302206,35.52584169126456,1164100,37.740002000000004
5181,2015-02-19,42.26144184870187,42.26144184870187,41.11451718889153,41.22375138580108,34.56420216409199,800300,38.240002000000004
5182,2015-02-20,41.245593200560656,41.879134721074294,41.14728537257692,41.769905985710764,35.022126580695456,1454200,38.869999
5183,2015-02-23,41.955596365061645,42.46898278128595,41.83544126077232,42.45805750466935,35.59911160777004,915600,37.700001
5184,2015-02-24,42.294213309314856,42.326981493000225,40.84143988893669,41.1800579254991,34.52756720583925,1883900,37.470001
5185,2015-02-25,41.289286660862636,41.5295957771321,40.808672797560526,40.92882680954065,34.31691100741728,1219700,37.099998
5186,2015-02-26,40.90698062554426,40.90698062554426,40.22975001396546,40.52466912867988,33.97805484744932,1032400,37.68
5187,2015-02-27,40.52466912867988,41.245593200560656,40.28436438164722,41.158210649193514,34.50924590363068,1518100,37.939999
5188,2015-03-02,40.871262810747965,41.696509441332545,40.82782786316222,41.19701677379202,34.541780784464606,967100,37.689999
5189,2015-03-03,41.00156331011904,41.09928949903227,40.52379300268085,40.925555137921975,34.31417866217882,782600,37.400002
5190,2015-03-04,40.82782786316222,41.00156331011904,40.43692745089552,40.61066289785235,34.050153989285064,840100,37.75
5191,2015-03-05,40.78439725896264,41.29474296270524,40.78439725896264,40.99070701637733,34.36879891500895,741000,36.860001000000004
5192,2015-03-06,40.30662260813827,40.30662260813827,39.731125025940315,40.024304678526505,33.55851524979353,1306600,37.029999
5193,2015-03-09,40.2523313668108,40.42606681376763,40.06773962611226,40.20889641922504,33.713289644408114,790700,37.630001
5194,2015-03-10,40.12203086743972,40.99070701637733,39.991730368068644,40.860406517006254,34.25954755088324,1612800,38.009997999999996
5195,2015-03-11,40.860406517006254,41.468478409662076,40.65409350205193,41.273024945989086,34.60551563318072,1795900,38.5
5196,2015-03-12,41.47933904678997,41.94625306048644,41.47933904678997,41.805091923987476,35.05162591295067,1021500,38.380001
5197,2015-03-13,41.83766623444534,42.01140168140217,41.55534721898703,41.674791424616394,34.94237672051804,633700,39.16
5198,2015-03-16,41.92453612961685,42.576041884011865,41.92453612961685,42.5217506426844,35.65250732979556,990000,39.009997999999996
5199,2015-03-17,42.4565976783825,42.64119376246723,42.239432713072645,42.35887148946929,35.51594801094787,628500,40.040001000000004
5200,2015-03-18,42.35887148946929,43.48815298053523,42.05483662898792,43.47729668679352,36.45369051513009,1148000,40.049999
5201,2015-03-19,43.270982585992655,43.70532337507782,43.140683172468115,43.48815298053523,36.46278665162482,878500,41.189999
5202,2015-03-20,43.5424442218627,44.75859560810015,43.41214480833816,44.72601804010265,37.50068764097764,1832800,40.849998
5203,2015-03-23,44.72601804010265,44.878039813729515,44.29168159440367,44.35682912947285,37.19113885174848,1282000,40.330002
5204,2015-03-24,44.22652971594831,44.49799135181836,43.79219327024932,43.79219327024932,36.71772170310309,639400,39.450001
5205,2015-03-25,43.8356238744489,43.94421070049001,42.7714942618383,42.8366472261402,35.91653743192204,834500,39.279999
5206,2015-03-26,42.68462871005298,42.93437341505343,42.47831569509866,42.652051142055484,35.76176520900054,689700,39.380001
5207,2015-03-27,42.630333125339334,43.02123896683875,42.58690252113976,42.760637968096596,35.852797153973206,885700,39.869999
5208,2015-03-30,42.94522970879514,43.32527925655284,42.61947683159762,43.2927006027088,36.29891829220858,627500,39.360001000000004
5209,2015-03-31,43.184117034207326,43.39042679162201,42.64119376246723,42.738921037226994,35.83460162344411,982600,38.939999
5210,2015-04-01,42.64137480387491,42.72806846182782,42.023699016525846,42.19708199785713,35.38028843428755,1113300,38.959998999999996
5211,2015-04-02,42.2079206014776,42.47883150980773,42.034537620146324,42.21875487052354,35.3984600543747,2475100,39.27
5212,2015-04-06,42.29460992485597,42.58719370585252,42.16457377250115,42.55468548049654,35.68012287483463,1815000,38.779999
5213,2015-04-07,42.45715755349769,42.522178338784194,41.95868256581389,42.023699016525846,35.234915473590334,823700,38.860001000000004
5214,2015-04-08,42.142899816191104,42.305448528476454,41.709445613793804,42.11039267447876,35.30761279037527,945100,37.869999
5215,2015-04-09,41.94784396219341,42.04537188919226,40.82085349989645,41.037583310204184,34.408118137883086,803100,37.830002
5216,2015-04-10,41.22180489515594,41.49271580348607,40.8642003288729,40.994240815802264,34.37176947949062,947900,37.740002000000004
5217,2015-04-13,41.02674904115825,41.28682026222427,40.81001923085051,40.89671288880342,34.289995563632985,645300,38.049999
5218,2015-04-14,40.89671288880342,41.48187719986559,40.89671288880342,41.23263916420187,34.57164754765659,757200,37.369999
5219,2015-04-15,41.308494218534314,41.373513920177174,40.463253268187955,40.495761493543924,33.95382221748613,662900,37.650002
5220,2015-04-16,40.33321711583312,40.96172825587175,40.181508090811874,40.79918496180458,34.20822706599351,673600,37.459998999999996
5221,2015-04-17,40.62580198047329,40.89671288880342,40.27903168323619,40.59328942054277,34.03559288241286,831600,37.599998
5222,2015-04-20,40.69081734754162,40.94005538320533,40.419906439211495,40.744998445564015,34.162788804804755,655700,37.93
5223,2015-04-21,40.94005538320533,41.18929233522542,40.73416417651808,41.10260301184705,34.462613492559136,1115800,38.630001
5224,2015-04-22,41.091764408226574,41.926171089527,40.983402212181794,41.861154638815044,35.098637533907585,1621700,38.639998999999996
5225,2015-04-23,41.81780780983859,42.0020250602158,41.54689690150847,41.871988907860974,35.10772388577297,760400,38.68
5226,2015-04-24,41.915335736837434,42.283774572166415,41.73111415188568,41.915335736837434,35.14406387501637,833300,39.220001
5227,2015-04-27,42.01286366383628,42.630540534828974,42.01286366383628,42.50050438247415,35.63469761736947,2007100,38.970001
5228,2015-04-28,42.424650411785336,42.48966577885367,41.89366286417102,42.22959347414402,35.40755074081463,1001800,38.32
5229,2015-04-29,41.77446098086213,42.16457377250115,41.44936897450961,41.525224028842054,34.81696712794222,1420000,37.73
5230,2015-04-30,41.416860749153635,41.752788108195716,40.604128024163245,40.885874285182936,34.28090704448033,1214500,38.27
5231,2015-05-01,41.001969738277154,41.9938681120624,40.926499373902985,41.26072635142239,34.59520533285676,1693900,38.650002
5232,2015-05-04,41.49792108146591,41.9830844751414,41.43323004142049,41.67042477146402,34.93871516519417,1340100,37.43
5233,2015-05-05,41.49792108146591,41.65964005639494,40.19335869141103,40.35508197893232,33.83585702726183,1321000,37.799999
5234,2015-05-06,40.35508197893232,40.926499373902985,40.33351901768255,40.75399568390488,34.17033090068753,1587200,38.400002
5235,2015-05-07,40.8186867239503,41.64886073206619,40.74321635957613,41.40088775584198,34.71272023722377,1105700,39.099998
5236,2015-05-08,42.01543107331217,42.75935215828094,42.00464743639116,42.155587086991446,35.34550905435547,1090500,38.099998
5237,2015-05-11,41.97230407266458,42.12324480141292,40.99118933580034,41.07743902450327,34.441532576918064,1354600,38.110001000000004
5238,2015-05-12,40.70008935892854,41.22838406584387,40.44133166763524,41.08822373957234,34.45055991064528,896700,37.279999
5239,2015-05-13,41.04509673892475,41.34697604012531,40.11788832703686,40.19335869141103,33.96765415901263,1079900,37.900002
5240,2015-05-14,40.408989382056724,40.98040569887933,40.365862381409144,40.86181372459789,34.532562774130064,1269100,38.349998
5241,2015-05-15,40.98040569887933,41.465573405147076,40.94806341330081,41.34697604012531,34.94259326377495,3211500,37.810001
5242,2015-05-18,41.185257065196275,41.2715067538992,40.7216523201783,40.76477932082589,34.45055991064528,1372600,37.889998999999996
5243,2015-05-19,40.53836499325919,41.109786700822106,40.506022707680664,40.85102900952881,34.5234535011501,660800,37.959998999999996
5244,2015-05-20,40.86181372459789,41.21760042892285,40.7216523201783,40.926499373902985,34.587230271638525,797000,37.779999
5245,2015-05-21,40.98040569887933,41.06665970017452,40.635399397031186,40.73243272265511,34.423225622817014,864900,37.959998999999996
5246,2015-05-22,40.678526397678766,41.05588037584575,40.3874253426589,40.926499373902985,34.587230271638525,808600,37.619999
5247,2015-05-26,40.94806341330081,40.94806341330081,40.47367934395409,40.55992903265701,34.27743951995543,864000,38.16
5248,2015-05-27,40.635399397031186,41.22838406584387,40.45211530455626,41.14213006454868,34.76946856049284,850900,38.240002000000004
5249,2015-05-28,41.07743902450327,41.3146337545468,40.94806341330081,41.22838406584387,34.8423643072938,1182100,37.93
5250,2015-05-29,41.163693025798445,41.33619671579656,40.74321635957613,40.8941560101764,34.559888436773825,2784800,38.610001000000004
5251,2015-06-01,40.826616046061396,41.53570990370351,40.42909480631333,41.4819917464486,35.05668387173459,1386200,38.060001
5252,2015-06-02,41.32083190276066,41.33157789785785,40.751409121766024,40.8910801984135,34.5573002249516,1450500,37.23
5253,2015-06-03,40.86959250575768,41.138188663955454,39.98859710686899,39.99933987881226,33.80369138881905,1482100,37.200001
5254,2015-06-04,39.94562064717271,40.13901095545974,39.77371910592613,39.96710941421316,33.77644392014684,799200,37.080002
5255,2015-06-05,39.45140479047344,40.160498648115556,39.236526789530586,39.83818433266286,33.66748305384306,906600,37.02
5256,2015-06-08,39.92413295451688,40.09603449576346,39.687767260918214,39.77371910592613,33.61300638103739,585300,36.799999
5257,2015-06-09,39.76297311082895,39.99933987881226,39.46214756241671,39.53735341232746,33.4132578644935,895500,36.939999
5258,2015-06-10,39.49437695263118,40.181987415156016,39.300992016267315,39.687767260918214,33.54037797986071,991500,37.5
5259,2015-06-11,39.99933987881226,40.461325270912425,39.612560336622835,40.289423729665856,34.04883802802152,2150900,37.18
5260,2015-06-12,40.22495957731376,40.37537664905841,39.91339125695824,39.94562064717271,33.75829648931436,827900,36.919998
5261,2015-06-15,39.91339125695824,39.95636341911598,39.591071569582375,39.666278493877755,33.52221765641264,589800,37.580002
5262,2015-06-16,39.69851325601539,40.38611834661705,39.591071569582375,40.37537664905841,34.12147717304453,1086400,37.889998999999996
5263,2015-06-17,40.37537664905841,40.7621518937093,39.96710941421316,40.70843266206974,34.402944459143136,756700,38.470001
5264,2015-06-18,40.751409121766024,41.63240452065472,40.71917973155156,41.33157789785785,34.92957020267519,1039500,38.150002
5265,2015-06-19,41.234883280906644,41.33157789785785,40.8910801984135,40.98777588974933,34.639023292044854,1250400,38.049999
5266,2015-06-22,41.09521220425918,41.374550060015586,40.826616046061396,40.88033420331632,34.548217377265985,1727200,37.380001
5267,2015-06-23,40.74066312666884,40.80512835340557,40.13901095545974,40.160498648115556,33.93988253364091,988300,37.18
5268,2015-06-24,40.181987415156016,40.45058357335378,39.902644187476426,39.94562064717271,33.75829648931436,712500,37.130001
5269,2015-06-25,39.94562064717271,40.22495957731376,39.75223141327031,39.89190248991778,33.71288117650165,645900,37.299999
5270,2015-06-26,39.83818433266286,40.267936037010024,39.62330633172001,40.07454572872301,33.867236942310115,2003700,36.93
5271,2015-06-29,40.063804031164366,40.36463065396123,39.63404802927865,39.67702448897493,33.53128761148267,1199500,36.93
5272,2015-06-30,39.98859710686899,40.13901095545974,39.612560336622835,39.67702448897493,33.53128761148267,1104700,37.799999
5273,2015-07-01,39.79253989620539,40.6305026523754,39.52396174540967,40.609015325999145,34.31893222336521,1218900,38.029999
5274,2015-07-02,40.99576893745756,41.4577233568262,40.673476230815325,40.8561072247312,34.527746364045846,934900,38.330002
5275,2015-07-06,40.662729881845685,41.27508806565991,40.57678702221626,41.17840422862386,34.80012758145683,1227300,39.080002
5276,2015-07-07,41.44698237941957,42.00562063582424,41.19988618343711,41.984138681011004,35.48104839560619,1298400,38.650002
5277,2015-07-08,41.76927508606183,41.951906079977704,41.50069693526612,41.52218426164237,35.09064749285995,1086400,38.630001
5278,2015-07-09,41.72630150762191,42.123796096486956,41.32880691875687,41.50069693526612,35.072501278679596,986900,38.77
5279,2015-07-10,41.57589881748892,42.0271079622005,41.4577233568262,41.65109962539911,35.19959783119914,847500,38.66
5280,2015-07-13,42.01636698479389,42.295686112996215,41.35029424513312,41.53292523904899,35.09971683985602,875300,38.91
5281,2015-07-14,41.59738506955257,41.865963220348284,41.18914520603049,41.801503389844704,35.32670727546992,526800,39.080002
5282,2015-07-15,41.72630150762191,42.01636698479389,41.50069693526612,41.984138681011004,35.48104839560619,866000,39.41
5283,2015-07-16,42.11305511908034,42.660952398078386,41.951906079977704,42.33865969143613,35.780662363195255,888100,39.450001
5284,2015-07-17,42.327918714029515,42.489062381569134,42.145283422863216,42.381633269876055,35.816979500745845,990800,39.689999
5285,2015-07-20,42.241971557149675,42.693184999111686,42.188255926990536,42.63946614601473,36.03486728567297,763500,39.82
5286,2015-07-21,42.553523286385314,43.01547770575394,42.553523286385314,42.779127858741106,36.15290308569729,1544000,39.990002000000004
5287,2015-07-22,42.74689955495822,43.10142056538336,42.58575051585559,42.9617631499074,36.307248503083954,968300,39.790001000000004
5288,2015-07-23,42.84358768924468,43.09067958797674,42.51054970794539,42.74689955495822,36.125674632769616,1361700,40.009997999999996
5289,2015-07-24,42.660952398078386,43.18736772226319,42.47832140416251,42.98324510472063,36.325395791576916,1289100,39.990002000000004
5290,2015-07-27,42.95101787525036,43.43445854668264,42.71466695392492,42.9617631499074,36.307248503083954,1853600,39.91
5291,2015-07-28,43.0047324310969,43.06919226160048,42.71466695392492,42.87581599302756,36.234613153670175,2627300,39.630001
5292,2015-07-29,42.86507501562094,42.87581599302756,42.36014594349979,42.57500953844896,35.98039856237901,1774800,39.419998
5293,2015-07-30,42.44608880312921,42.62872409429551,42.263457809213335,42.34940066884276,35.78974352762996,1379400,39.080002
5294,2015-07-31,42.779127858741106,43.10142056538336,41.94116510257109,41.984138681011004,35.48104839560619,2020900,39.43
5295,2015-08-03,42.23733038160258,42.42022470165663,42.02216635219205,42.42022470165663,35.84959009607832,1036100,39.369999
5296,2015-08-04,42.43098198866632,42.818283051121206,42.2588481831308,42.355673448744525,35.7950355139227,1003500,39.009997999999996
5297,2015-08-05,42.38795176479129,42.40946418713809,41.76396456805251,41.96837131045335,35.467742447750055,1275000,39.139998999999996
5298,2015-08-06,41.94685888810656,42.151265630507396,41.36590621858793,42.10823110328724,35.58591660859531,963300,39.330002
5299,2015-08-07,42.10823110328724,42.34491723757113,41.6025869736904,42.312643224869504,35.758677626684744,878200,39.220001
5300,2015-08-10,42.39870797596469,42.48477703040502,41.979131824971894,42.19430015772757,35.658659278978334,985700,39.93
5301,2015-08-11,42.12974890481546,43.00117737117525,42.05444036489368,42.958142843955095,36.304189021479885,1520200,39.98
5302,2015-08-12,42.54932397997197,43.022695172703486,42.40946418713809,43.011934658184934,36.62481728186946,1667200,39.610001000000004
5303,2015-08-13,42.818283051121206,43.011934658184934,42.36643396326307,42.613876308720364,36.285868605389496,1546800,39.84
5304,2015-08-14,42.58160229601874,42.87207378951477,42.312643224869504,42.86131757834137,36.4965711417278,688900,40.150002
5305,2015-08-17,42.8828353798696,43.20558518941238,42.463259228876794,43.19482897823898,36.78055534242771,626100,40.34
5306,2015-08-18,43.1302766494906,43.420753522168056,43.08724212227044,43.39923572063983,36.95460951573122,460800,39.98
5307,2015-08-19,43.15179445101883,43.3131666661995,42.8828353798696,43.011934658184934,36.62481728186946,705700,39.439999
5308,2015-08-20,42.7429755870357,42.80752683994781,42.34491723757113,42.43098198866632,36.13013484817638,719000,38.5
5309,2015-08-21,42.20505744473724,42.2588481831308,41.408940745808096,41.4196969569815,35.269022575949585,1466100,36.41
5310,2015-08-24,40.204000879550684,41.4196969569815,39.06361656955052,39.171199122173924,33.354423442102096,2048200,35.540001000000004
5311,2015-08-25,39.8166987412595,39.8166987412595,38.21370482888267,38.23522263041089,32.55743101243727,2035500,36.450001
5312,2015-08-26,39.05285605503198,39.31105891500781,38.375078119899634,39.21423364939408,33.39106212261032,1767200,37.16
5313,2015-08-27,39.76290800286595,40.21476139406923,38.94527457824486,39.978076335621616,34.04146647931738,1671900,37.419998
5314,2015-08-28,39.95655853409339,40.354616883557966,39.580017986157046,40.25779161794425,34.27965770856342,1593200,36.029999
5315,2015-08-31,40.23627919559745,40.23627919559745,38.70858951979724,38.7623802581908,33.00630864047736,2795200,35.43
5316,2015-09-01,38.06856157001828,38.74739197550274,37.91770641791591,38.17631078610603,32.50727302120658,1465800,35.709998999999996
5317,2015-09-02,38.59654113345521,38.768943327239484,37.96080804387569,38.47801354771481,32.76416845265082,1355600,35.650002
5318,2015-09-03,38.60731842559415,38.73661899341865,38.04701021828154,38.41336595758684,32.7091204321755,1084200,34.849998
5319,2015-09-04,38.10088590383913,38.19786213784278,37.40049983656307,37.5513506786106,31.975109472029253,895700,35.200001
5320,2015-09-08,38.025459944058504,38.208635119926875,37.5513506786106,37.92848371005484,32.296246270932365,1270500,34.990002000000004
5321,2015-09-09,38.52111517367459,38.70429034954296,37.63755393053016,37.7022069082267,32.10355880402194,1361400,35.240002000000004
5322,2015-09-10,37.50825336270567,38.499564899451556,37.50825336270567,37.971585336014634,32.332942077879345,1349300,36.139998999999996
5323,2015-09-11,37.809956124314446,38.941344443510054,37.7022069082267,38.941344443510054,33.15869578793419,1284900,36.0
5324,2015-09-14,39.038321755027425,39.038321755027425,38.54266544789763,38.79049360146253,33.030248610968926,774200,35.849998
5325,2015-09-15,38.12243617806216,38.801266583546614,37.51902742230347,38.62886438976234,32.8926167071298,3239500,36.080002
5326,2015-09-16,38.639642759415,39.092196363071295,38.52111517367459,38.87669685338209,33.103647767458874,1921100,36.41
5327,2015-09-17,38.90902118720293,39.911108938574046,38.67196601572212,39.232274223034736,33.406429120292515,1733500,36.259997999999996
5328,2015-09-18,38.81204387568556,39.70637810091408,38.682744385374775,39.070645011334555,33.2687993714808,2023800,36.57
5329,2015-09-21,39.049099047166365,39.566304551005494,38.47801354771481,39.404676416819015,33.553217735649,1535700,36.310001
5330,2015-09-22,39.24304720511883,39.45855102486289,38.941344443510054,39.12452392943328,33.314671285191956,1100500,36.59
5331,2015-09-23,39.31847747495431,39.49087966873858,38.93057146142596,39.426226691042054,33.571572104204755,1239400,36.18
5332,2015-09-24,39.35080073126143,39.48010129908592,38.65041574149909,38.98444606946984,33.19539374990859,1003900,36.509997999999996
5333,2015-09-25,39.092196363071295,39.64173051078611,38.82281793528337,39.34002343912248,33.498177257769655,895600,35.880001
5334,2015-09-28,39.16762124533821,39.404676416819015,38.35948596197441,38.66119303363803,32.92014718244973,1070200,36.650002
5335,2015-09-29,38.72584170127971,39.64173051078611,38.58576707385741,39.49087966873858,33.62663305484461,1439200,37.02
5336,2015-09-30,39.81413270457039,39.96498354661792,39.57707861060329,39.8895575868373,33.96609512943328,1700800,37.540001000000004
5337,2015-10-01,40.112321973826724,40.53274029895139,39.842822356440095,40.46806362477401,34.45870617836511,1216100,37.889998999999996
5338,2015-10-02,39.18524221201827,40.85614415180922,39.18524221201827,40.845360933118336,34.77997128225935,1066500,38.330002
5339,2015-10-05,40.96394184276693,41.362800198500665,40.672882255989364,41.31968349371421,35.1838628128474,1207100,38.080002
5340,2015-10-06,41.38436016789159,41.761662866228285,41.00706285954726,41.05018387632759,34.95437957664882,1874400,38.66
5341,2015-10-07,41.082522752415514,41.67542083266761,40.888481949898676,41.67542083266761,35.486769602805275,1835900,39.0
5342,2015-10-08,41.632299815887286,42.12818234587409,41.362800198500665,42.04194031231343,35.79885986172521,1075800,39.27
5343,2015-10-09,41.96648041944517,42.34377880578797,41.794000664317736,42.332999899090986,36.04670464585559,853900,39.509997999999996
5344,2015-10-12,42.38689982256831,42.71029828543378,42.11740020518168,42.591717375785194,36.266996867102826,895200,39.18
5345,2015-10-13,42.37612091587131,42.591717375785194,42.0311624836149,42.2359800368318,35.96409438913883,582300,38.689999
5346,2015-10-14,42.27910105361212,42.322217758398565,41.61073876849789,41.70775970875554,35.51431354170066,954400,39.400002
5347,2015-10-15,41.83712168109806,42.47314185612897,41.653859785278215,42.47314185612897,36.166033686442034,657300,39.580002
5348,2015-10-16,42.634838392565534,42.83966133577478,42.47314185612897,42.66718158064733,36.331255277874014,749400,40.32
5349,2015-10-19,42.58093954708667,43.47568043280721,42.462358637438086,43.4648982921148,37.010515049516904,845300,40.509997999999996
5350,2015-10-20,43.86375664784854,43.89609875793188,43.40021622794507,43.669715845331694,37.184922265907886,986300,40.200001
5351,2015-10-21,43.777518926281765,43.9284376340198,43.335539553767696,43.335539553767696,36.90036839989405,1002600,40.23
5352,2015-10-22,43.4433372447254,43.777518926281765,43.22773647281763,43.367878429855615,36.92789940280779,1537200,39.990002000000004
5353,2015-10-23,43.32475741307529,44.01467966758046,42.74264147351559,43.10916095316141,36.707602869566685,937900,39.98
5354,2015-10-26,43.20618081542058,43.40021622794507,42.8504391644733,43.09837881246899,36.69842479059697,1162600,40.23
5355,2015-10-27,43.07681776507959,43.454119385417805,42.92589905734156,43.367878429855615,36.92789940280779,1231800,39.810001
5356,2015-10-28,43.34631738246621,43.64816018793466,42.27910105361212,42.915120150644555,36.5423812781347,1059900,39.959998999999996
5357,2015-10-29,42.634838392565534,43.238519691508515,42.47314185612897,43.07681776507959,36.6800589306713,1156800,39.189999
5358,2015-10-30,43.15227765794785,43.30319636568589,42.21442006744086,42.24675894352879,35.97326815611467,1764100,40.009997999999996
5359,2015-11-02,42.314510302785926,43.243550972507336,42.1308651026393,43.22194432038123,36.80363650696482,1519500,39.669998
5360,2015-11-03,42.995086896261,43.21114369501466,42.33611695491203,42.85464959897361,36.49089045307918,1103500,38.259997999999996
5361,2015-11-04,42.001232751832845,42.45494760007332,40.75891129032258,41.33145678372434,35.19388420894429,3030900,38.27
5362,2015-11-05,41.266643309017596,41.53671295711144,41.05058651026393,41.34226173020529,35.20308602199414,1540200,37.09
5363,2015-11-06,40.89934858760998,40.94256081158358,39.700238269794724,40.067532991202356,34.11765017961877,1419500,36.220001
5364,2015-11-09,39.527393695014666,39.97030791788857,38.782003626832854,39.127691696114375,33.31737655755132,1673400,36.470001
5365,2015-11-10,39.127691696114375,39.775857771261,39.11688674963344,39.39776134420822,33.547336541788866,1824200,36.84
5366,2015-11-11,39.44096924706745,40.08913964332846,39.35454912023461,39.79746334310852,33.88767939259532,660600,36.560001
5367,2015-11-12,39.72184384164224,39.9379006403959,39.46257589919355,39.494986417522,33.63012045087977,931500,36.349998
5368,2015-11-13,39.3329435483871,39.79746334310852,39.008861050953094,39.26812467228739,33.43695151466276,1474900,36.529999
5369,2015-11-16,39.06287390029326,39.47338084567449,38.76039697470675,39.46257589919355,33.882157008431086,1090100,36.720001
5370,2015-11-17,39.32214292302053,40.03512571370968,39.18170454545455,39.667830992302065,34.05838825659824,1084000,36.82
5371,2015-11-18,39.81906999523461,39.9379006403959,39.25732404692083,39.775857771261,34.151140976539594,851900,36.98
5372,2015-11-19,39.89468841642229,40.29439041532258,39.743450493768336,39.94870234604105,34.29954424816716,974800,37.560001
5373,2015-11-20,40.218771994134904,40.672491163489745,40.16475806451613,40.575265009897365,34.83751326466276,1260300,37.66
5374,2015-11-23,40.51044721407625,41.00737428629033,40.48884164222874,40.6832917888563,34.93025518181819,592500,37.369999
5375,2015-11-24,40.48884164222874,40.65088451136364,40.024320767228744,40.37000991678886,34.66127769538124,967000,37.849998
5376,2015-11-25,40.44562941825514,40.96416206231672,40.33760263929619,40.888542560850446,35.10647454692082,745000,38.419998
5377,2015-11-27,40.85613636363637,41.590725806451616,40.85613636363637,41.5043013585044,35.635170451979484,573500,38.110001000000004
5378,2015-11-30,41.547513582478004,41.89320273203812,41.10459935960411,41.16941823570382,35.347627297653965,1526100,38.77
5379,2015-12-01,41.49485535825388,42.0476886857161,41.375616181046404,42.02600794841984,36.08309249551633,854400,38.110001000000004
5380,2015-12-02,41.895932196503544,42.16692786292358,41.19134129584611,41.31058047305359,35.46882770242469,1082600,37.490002000000004
5381,2015-12-03,41.126301251922634,41.33226012636719,40.58430991908255,40.63851230431456,34.89180421779516,1628100,38.73
5382,2015-12-04,40.79026879352711,42.0693683390297,40.57347117640841,41.98264864179262,36.04586419484621,1261400,38.380001
5383,2015-12-07,41.79837267260966,42.02600794841984,41.50569735287602,41.60325579278723,35.72012415186133,1043800,38.450001
5384,2015-12-08,41.39729691834267,41.78753067798753,41.25638133976958,41.679134579384844,35.78526392219005,1082500,38.27
5385,2015-12-09,41.40813891296481,41.87425145920727,41.10462051462636,41.484016615579755,35.61774849298383,1112100,37.619999
5386,2015-12-10,41.46233696226614,41.6249365300835,40.77942679890498,40.77942679890498,35.01279185904239,985200,37.619999
5387,2015-12-11,40.49759347379347,41.115462509248495,40.29163351536624,40.77942679890498,35.01279185904239,1480100,37.849998
5388,2015-12-14,40.67102961631963,41.082945197243426,40.4759127364972,41.02874172802875,35.22684808399958,1034100,38.490002000000004
5389,2015-12-15,41.679134579384844,42.264486302834804,41.451499303574685,41.72249496999472,35.82250414666949,1557100,39.779999
5390,2015-12-16,42.22112591222493,43.29426658328295,42.112724393708916,43.12082935677412,37.02310817141951,1450300,39.529999
5391,2015-12-17,43.10999061409999,43.24006744999894,42.63304040916605,42.84983369035408,36.79042804028327,1472300,39.389998999999996
5392,2015-12-18,42.78479689837861,43.21838779668534,42.67639646384526,42.698076117158855,36.66013223988585,2652100,39.52
5393,2015-12-21,42.9690717835789,43.16418974738399,42.4704408413487,42.83899494767996,36.78110795732375,1203200,39.52
5394,2015-12-22,42.88235533828983,43.283427840608816,42.78479689837861,42.83899494767996,36.78110795732375,1097800,39.700001
5395,2015-12-23,42.89319408096396,43.08831096078639,42.80647763567488,43.034112911485046,36.94863964626995,811700,39.619999
5396,2015-12-24,43.04495057017651,43.08831096078639,42.75227525044287,42.94739213026531,36.87417979298172,275800,39.82
5397,2015-12-28,42.94739213026531,43.21838779668534,42.78479689837861,43.16418974738399,37.0603278002283,1023800,40.360001000000004
5398,2015-12-29,43.35930662720642,43.749541470833954,43.185869400697605,43.749541470833954,37.56290010343093,843500,40.360001000000004
5399,2015-12-30,43.70618108022408,44.096414839868935,43.52190619502378,43.749541470833954,37.56290010343093,709300,40.029999
5400,2015-12-31,43.81457717882676,43.89046030135504,43.370144285897894,43.391825023194166,37.25576337095445,856400,39.650002
5401,2016-01-04,42.714185983171255,42.91980170186901,42.389524629919464,42.90898192936737,36.841209573380446,1140000,40.66
5402,2016-01-05,43.049663862343614,44.196790254773845,42.8548679161475,44.00199539077141,37.77965439239224,1692400,40.200001
5403,2016-01-06,43.688158138796034,44.0344601192448,43.29856732859747,43.50418737607001,37.35224524154131,1008900,39.970001
5404,2016-01-07,43.02801890637188,43.395964760598694,42.93062147437067,43.25528282762246,37.138537960631616,1580200,39.209998999999996
5405,2016-01-08,43.309391429873884,43.471718318821864,42.33541602766804,42.43281345966925,36.432369784037384,849700,39.459998999999996
5406,2016-01-11,42.51939111916883,42.9630905316188,42.010759003191005,42.70336188189485,36.6646615771666,1167500,39.18
5407,2016-01-12,42.93062147437067,42.98473440539686,42.05404783294079,42.40034873119587,36.40450329654815,1286700,38.439999
5408,2016-01-13,42.42199368716761,42.73583093914299,41.556239818239376,41.5995243192144,35.716912056817606,1693200,37.810001
5409,2016-01-14,41.72938972627007,41.98911404721927,40.86363152856708,40.91774445959327,35.131548079521856,1858900,37.810001
5410,2016-01-15,40.27925018314087,41.058427474763214,40.05198626189029,40.91774445959327,35.131548079521856,1780300,38.240002000000004
5411,2016-01-19,41.29651116851542,43.54747620581979,41.10171630451299,41.383088828015005,35.531096153852,1805300,36.959998999999996
5412,2016-01-20,41.14500405206909,41.631992294268855,39.62993180541205,39.99787765963885,34.34175771439244,2282700,36.950001
5413,2016-01-21,40.21431747961303,40.54979860536646,39.51088941743909,39.98705788713722,34.3324779035101,1603600,37.759997999999996
5414,2016-01-22,40.344179640087624,41.08007134854125,39.98705788713722,40.86363152856708,35.08508517568252,883800,37.669998
5415,2016-01-25,40.820347027592064,41.383088828015005,40.5714435613382,40.766234096565874,35.00146298714734,1210800,38.73
5416,2016-01-26,40.88527648453882,41.91336157118978,40.85281175606544,41.91336157118978,35.98637503877324,1050200,38.240002000000004
5417,2016-01-27,41.870072741440005,41.870072741440005,41.1125404057894,41.383088828015005,35.531096153852,1372200,38.110001000000004
5418,2016-01-28,41.2315773827939,42.05404783294079,40.63637193609128,41.242402566264,35.41029087235982,1940200,39.150002
5419,2016-01-29,41.686100896520294,42.454458415640985,41.39390860051664,42.36788508491618,36.37662165834727,2006400,39.610001000000004
5420,2016-02-01,42.03027347365158,43.306211831635814,41.82482685324595,42.830440369232136,36.77377183810115,1659600,39.139998999999996
5421,2016-02-02,42.79800233973962,42.916942502081305,42.14921796120804,42.32222547081746,36.33741605792224,1539200,39.619999
5422,2016-02-03,42.50604926127004,42.87369359826411,42.01946259932691,42.84125124355682,36.783048342485166,1540700,39.68
5423,2016-02-04,42.57092532025507,43.21970969878665,42.2032820645647,42.906130546452935,36.838753864848115,1438100,37.009997999999996
5424,2016-02-05,41.83563880887433,42.560114445930395,39.82441718342042,40.01904752298291,34.35995057116288,3399500,35.599998
5425,2016-02-08,39.95417254530157,40.10555398104686,37.813191232751755,38.494409315561064,33.05090593800372,2913500,35.450001
5426,2016-02-09,38.10514431122134,38.732298290673995,37.84562926224427,38.3322170054911,32.91163294101497,2116700,36.32
5427,2016-02-10,38.580915773625016,39.975798619165715,38.50522559640422,39.272950137277476,33.719349498981494,1647500,35.77
5428,2016-02-11,38.39709198317243,38.970186184483225,38.353843079355244,38.67823310601364,33.2087351876716,1457300,36.049999
5429,2016-02-12,38.937743829775926,39.05668831733239,38.310589850323275,38.98099705880791,33.468680595518556,1676000,36.619999
5430,2016-02-16,39.31620336630946,39.629782518643175,38.74311349021345,39.59734016393588,33.9978630538482,1522600,36.25
5431,2016-02-17,39.48921087591888,39.770348754848996,38.95937098494376,39.197258878753,33.96039912478966,2049800,36.349998
5432,2016-02-18,39.17563280488885,39.46758480205474,38.92693295545124,39.30538708546631,34.05407678894695,1526400,36.18
5433,2016-02-19,39.22969690824551,39.456773927730055,38.9053068815871,39.121567620228504,33.8948104866708,2130900,36.459998999999996
5434,2016-02-22,39.38107834399079,39.87848128677709,39.240512107784966,39.42433157302276,34.15712827482066,1698600,36.169998
5435,2016-02-23,39.21888495261714,39.975798619165715,38.95937098494376,39.110752420689046,33.88544531538394,1603000,36.040001000000004
5436,2016-02-24,39.05668831733239,39.391893543530244,38.34302787981578,38.970186184483225,33.7636483486848,1818400,36.619999
5437,2016-02-25,39.197258878753,39.759536799220626,39.197258878753,39.59734016393588,34.30702291798778,1437900,36.470001
5438,2016-02-26,39.629782518643175,39.770348754848996,39.348640314498276,39.43514677256223,34.16649777132229,1103200,36.610001000000004
5439,2016-02-29,39.35945659534143,40.170434365246656,39.33782944017359,39.5865292896112,34.29765666539723,1592000,37.869999
5440,2016-03-01,39.739799732921234,40.79493286753145,39.55676840062655,40.77339951628089,35.32596122363647,1141300,38.32
5441,2016-03-02,40.59036818398619,41.268669825046615,40.04126557376161,41.25790099608621,35.745729142912346,945300,38.580002
5442,2016-03-03,41.3440365544236,41.54860123796886,40.859535074618286,41.5378367156787,35.988270044723095,709100,38.540001000000004
5443,2016-03-04,41.494768936510006,41.58090018817715,41.09639870837183,41.494768936510006,35.95094413366536,665000,38.59
5444,2016-03-07,41.20406761795979,41.591669017137555,41.139466487540524,41.54860123796886,35.99758860247678,755800,38.310001
5445,2016-03-08,41.570135665886994,41.92543380818622,41.18253426670922,41.24713539712849,35.73639335847765,859700,38.490002000000004
5446,2016-03-09,41.3009687752549,41.85006707880923,40.96719967753599,41.44093663505115,35.90431150819713,665900,38.470001
5447,2016-03-10,41.73163257026355,41.89313485797792,40.96719967753599,41.419402207133025,35.88564855266827,673300,39.27
5448,2016-03-11,41.903899380268086,42.31303413069642,41.55936576025901,42.280735180488136,36.631907296940355,784600,39.139998999999996
5449,2016-03-14,42.17306627090018,42.59296985028892,41.86083590776964,42.14076732069188,36.510638999370094,541700,39.27
5450,2016-03-15,41.93620263714663,42.33456855861455,41.89313485797792,42.280735180488136,36.631907296940355,477100,39.66
5451,2016-03-16,42.09769954152319,42.75446783133304,41.87160043005979,42.700635529874184,36.995706806313315,542000,40.529999
5452,2016-03-17,42.851367911960594,43.7988364436531,42.58220102132851,43.63733523260628,37.807261131582486,749300,40.259997999999996
5453,2016-03-18,43.65886858385685,43.99263768157577,43.32510486947576,43.34663391405606,37.555397365347794,1619200,40.259997999999996
5454,2016-03-21,43.27126826134665,43.63733523260628,43.18513700967951,43.34663391405606,37.555397365347794,1000900,40.459998999999996
5455,2016-03-22,43.206670360930076,43.77730309240253,43.02363472196513,43.561968503229295,37.74195693724489,1298600,40.349998
5456,2016-03-23,43.475837251562155,43.83113539386138,43.34663391405606,43.44353399468362,37.639352671871066,895200,40.369999
5457,2016-03-24,43.34663391405606,43.540435151978734,43.00210137071456,43.465068422601746,37.65800701405943,849700,40.650002
5458,2016-03-28,43.57273733218972,43.82037087157123,43.28203709030706,43.766538570112374,37.919202258058554,659200,41.43
5459,2016-03-29,43.7988364436531,44.767839403263736,43.7988364436531,44.606337115549366,38.64680558347471,1201000,41.669998
5460,2016-03-30,44.7355361463852,45.12313754556296,44.49867251263165,44.864735177221036,38.87067491641611,1060700,41.82
5461,2016-03-31,44.864735177221036,45.16620532473166,44.64940489471806,45.02623746493541,39.01059324950448,1269300,42.029999
5462,2016-04-01,44.631604660926776,45.15667912284492,44.59945383330756,45.03880454236587,39.02149366506451,842100,42.130001
5463,2016-04-04,45.02808974300033,45.210258477608136,44.83520406585278,45.145965395066476,39.11433061306273,1057500,41.740002000000004
5464,2016-04-05,44.84591779363123,45.1781119363373,44.57802101981518,44.72804749950055,38.75224776309554,1003400,42.02
5465,2016-04-06,44.65303211648367,45.060236284271156,44.610171847434394,45.02808974300033,39.01220621970985,1014800,41.869999
5466,2016-04-07,44.85663687934516,45.145965395066476,44.503010994733785,44.867350607123605,38.87294383239642,901400,42.189999
5467,2016-04-08,45.09238711189037,45.46744045205863,44.93164690442655,45.210258477608136,39.1700434977326,988300,41.330002
5468,2016-04-11,45.070954298397986,45.27455477491109,44.22439942155221,44.28869679044224,38.37159323718032,1243800,41.599998
5469,2016-04-12,44.38513534266763,44.82449033807433,44.22439942155221,44.57802101981518,38.62226424843999,990200,40.619999
5470,2016-04-13,44.363707887110735,44.47086445346296,43.388563630420336,43.5278667380434,37.71242250933499,1431800,39.599998
5471,2016-04-14,43.431423899469614,43.44214191359646,42.27411197975851,42.43484682928685,36.76542348770172,1776600,40.48
5472,2016-04-15,42.44556591500078,43.51715301026495,42.31697653515618,43.377845616293506,37.58243899467945,1313400,40.869999
5473,2016-04-18,43.3242662615303,43.82791433947865,43.109948842477465,43.795763511859434,37.94451862988536,2075800,40.900002
5474,2016-04-19,43.74218522868332,43.999367203133815,43.560017565662605,43.82791433947865,37.97238096594933,682700,40.040001000000004
5475,2016-04-20,43.83862806725709,43.83862806725709,42.884915552471995,42.90634836596438,37.173934991745426,678600,39.57
5476,2016-04-21,42.884915552471995,43.08851602898508,42.27411197975851,42.402701359603114,36.737577225444184,837900,40.139998999999996
5477,2016-04-22,42.65988333405361,43.19567688168569,42.349122004839906,43.01350493231659,37.266764438633956,872900,40.700001
5478,2016-04-25,42.89563035183753,43.61359584883872,42.78847271389821,43.61359584883872,37.786689924559376,768300,40.599998
5479,2016-04-26,43.752903242810156,44.01008200249936,43.25996996422736,43.50643392455102,37.69384761862569,1035300,40.23
5480,2016-04-27,43.23853715073497,43.31354824740347,42.53129073944772,43.109948842477465,37.350335373019426,1360800,40.060001
5481,2016-04-28,42.74560815850055,43.50643392455102,42.74560815850055,42.92778010786965,37.19250988245472,966600,40.060001
5482,2016-04-29,42.681316147545985,43.22782342295653,42.23124742436084,42.92778010786965,37.19250988245472,1556800,41.110001000000004
5483,2016-05-02,42.872199514721366,43.98216049523996,42.8081665676875,43.875435715042734,38.01355277560994,1226700,41.549999
5484,2016-05-03,43.88610627197799,44.39839439543935,43.74736448462926,44.345032005340734,38.420403245465785,1140500,42.169998
5485,2016-05-04,43.89678109798983,45.092121475758546,43.267092301050255,45.00673780943183,38.99370394427401,969400,42.310001
5486,2016-05-05,44.95337541933322,45.51903126923893,44.75059534860487,45.156158691869,39.12316796092479,1093600,42.82
5487,2016-05-06,45.16683031607341,45.89257333627497,44.84664957186684,45.70046488975103,39.594747237298584,913100,43.029999
5488,2016-05-09,45.796519113013,45.9992981164722,45.52970182617419,45.92459034342647,39.788932589583276,819100,43.099998
5489,2016-05-10,46.10602823301517,46.55427914036606,45.68979326554662,45.9992981164722,39.85365392521719,1056200,42.419998
5490,2016-05-11,46.05266584291655,46.05266584291655,44.8893414050302,45.27355509627064,39.22488084520603,944400,42.5
5491,2016-05-12,45.2949015464869,45.36960931953261,44.71857940872251,45.358938762597354,39.298856471616666,1177800,42.259997999999996
5492,2016-05-13,45.284229922282485,45.42297597870781,44.974720802280316,45.102792032693806,39.076929592384765,516400,42.669998
5493,2016-05-16,45.22019270617203,45.849881503111604,44.95337541933322,45.54037238310945,39.45605027525402,506900,42.009997999999996
5494,2016-05-17,45.42297597870781,45.42297597870781,44.56915745901618,44.83597474585499,38.84575696052933,776300,41.630001
5495,2016-05-18,44.48377806176607,44.82530418891974,43.875435715042734,44.430415671667454,38.79916852770898,973900,41.18
5496,2016-05-19,43.960815112292856,44.20628594891541,43.790052048716014,43.95014348808845,38.37976697268023,681300,41.529999
5497,2016-05-20,44.17426894176389,44.451762121883704,43.875435715042734,44.32368662239362,38.70597245122363,838900,41.59
5498,2016-05-23,44.4410862286027,44.54781634514568,44.12090655166529,44.3877238385041,38.76188348004612,467700,42.099998
5499,2016-05-24,44.51579506891757,45.01741263544368,43.960815112292856,44.93202896911697,39.2372014002431,1094200,42.349998
5500,2016-05-25,45.102792032693806,45.41230115269597,44.69723295850626,45.19884625595578,39.47020653322455,1097200,42.639998999999996
5501,2016-05-26,45.060104468607044,45.561718833325706,44.84664957186684,45.50835537595794,39.74048390663907,1242500,42.779999
5502,2016-05-27,45.52970182617419,45.87122795332787,45.26288453933538,45.65777305658767,39.87095755990325,816000,42.650002
5503,2016-05-31,45.753827279849645,45.86055632912346,45.23086753218387,45.51903126923893,39.7497990317572,1214200,41.880001
5504,2016-06-01,44.94450725671941,45.31682649105876,44.35943189466762,44.55091145221104,38.90439311909485,1794600,41.630001
5505,2016-06-02,44.30624419245866,44.518995001294506,43.678615690068796,44.28496762228962,38.67215501017766,2114100,40.889998999999996
5506,2016-06-03,44.476447179833045,44.699838933191714,43.295656574981955,43.49777175817159,37.98472531441635,1387600,39.810001
5507,2016-06-06,43.423308549568915,43.52968395398684,42.26379345111154,42.34889654046171,36.98146285379101,1863400,40.07
5508,2016-06-07,42.35953322988325,42.78504442153284,42.274433331859036,42.625477059804666,37.2229855936984,1049500,40.380001
5509,2016-06-08,42.508460710863915,43.029712745060536,42.22124137454879,42.95524847268254,37.51096446559178,978500,40.919998
5510,2016-06-09,42.923332021766015,43.57223603054958,42.66802913636741,43.52968395398684,38.012595164016794,1421900,40.830002
5511,2016-06-10,43.253104498419205,43.47649625177788,41.63616494872167,43.433948430316406,37.9289930616427,968000,40.950001
5512,2016-06-13,43.52968395398684,43.93391963924271,43.3275687707972,43.56160040490337,38.04045756719,966700,40.939999
5513,2016-06-14,43.58287591129709,43.9977482859745,43.338208651544704,43.55096052415587,38.03117719130106,1180200,41.360001000000004
5514,2016-06-15,43.64670030292758,44.28496762228962,43.444584055962636,43.9977482859745,38.421335937751536,1601700,41.57
5515,2016-06-16,43.89136756267997,44.30624419245866,43.699892260237824,44.221140039333164,38.616411055875496,1257700,41.580002
5516,2016-06-17,44.263692115895914,44.33815532449859,43.88073193703375,44.23177992008066,38.62569568686571,1493800,41.509997999999996
5517,2016-06-20,44.5083593756483,44.88067967376296,44.07221149457717,44.15731139260138,38.56067454800057,1119300,41.740002000000004
5518,2016-06-21,44.19986346916413,44.529635945817326,44.19986346916413,44.401983971230365,38.77433913983603,1183900,41.849998
5519,2016-06-22,44.5083593756483,44.76366757992349,44.221140039333164,44.518995001294506,38.87652326949439,1044300,42.119999
5520,2016-06-23,44.82749090777867,45.050882661137344,44.582823648026285,44.80621540138496,39.127339150594565,562100,41.77
5521,2016-06-24,43.59351260071862,45.050882661137344,43.47649625177788,44.4338951032703,38.80220579811051,1353400,41.700001
5522,2016-06-27,44.263692115895914,44.625375724589034,43.94455951999021,44.35943189466762,38.7371761490428,1540400,42.599998
5523,2016-06-28,44.60409915442,45.31682649105876,44.316879818104866,45.31682649105876,39.57323014981869,1599500,43.41
5524,2016-06-29,45.72106324008995,46.30613860214175,45.39129076343676,46.17848662755479,40.32567672934386,1097400,44.16
5525,2016-06-30,46.199762133948504,46.97631811731904,45.880630601818126,46.97631811731904,41.022395311196675,1468200,44.509997999999996
5526,2016-07-01,47.329483132561464,47.65979009092874,47.073765397210636,47.42537808244261,41.414535584969336,1170000,45.119999
5527,2016-07-05,47.49996730545905,48.13926484033446,47.318830269129116,48.07533380824759,41.982114352328075,1166300,45.259997999999996
5528,2016-07-06,48.054022753885675,48.39498257568529,47.713063997585486,48.224502664785476,42.112371659249966,1600900,44.889998999999996
5529,2016-07-07,48.11795485147198,48.11795485147198,47.43603520787274,47.830268936329105,41.768103461679445,907000,45.540001000000004
5530,2016-07-08,48.224502664785476,48.661357436466254,47.90485389734777,48.522845705358485,42.372909714081494,777100,45.73
5531,2016-07-11,48.68266849082817,48.88511551602058,48.14991876926626,48.725289534052564,42.54968885768905,798200,45.779999
5532,2016-07-12,48.725289534052564,48.88511551602058,48.18188588355886,48.77856344070931,42.59621602187194,1115600,46.099998
5533,2016-07-13,48.98101046590173,49.25803925561448,48.725289534052564,49.1195221970095,42.89394959676346,1116700,45.73
5534,2016-07-14,48.959700477039256,49.268696381044606,48.6507045730339,48.725289534052564,42.54968885768905,1333700,45.509997999999996
5535,2016-07-15,48.69332561625829,48.75725238634739,48.10730198803964,48.49087752556644,42.344986170175545,1295600,45.119999
5536,2016-07-18,48.373676848820594,48.469571798701736,47.90485389734777,48.07533380824759,41.982114352328075,1066400,45.34
5537,2016-07-19,48.054022753885675,48.30974475123428,47.73437398644796,48.30974475123428,42.186813843343266,824600,45.09
5538,2016-07-20,48.29909188780193,48.35236579445868,47.84092712725868,48.04336989045332,41.95419933241768,818000,44.799999
5539,2016-07-21,47.93682207713983,48.01140597265905,47.56389407554815,47.73437398644796,41.68436159844657,1422700,45.119999
5540,2016-07-22,47.73437398644796,48.19253981249065,47.73437398644796,48.07533380824759,41.982114352328075,1687400,44.84
5541,2016-07-25,48.17122875812873,48.30974475123428,47.75568504080989,47.77699502967237,41.7215848214921,833800,44.48
5542,2016-07-26,47.65979009092874,47.681100079791214,47.27620922590472,47.39341523014778,41.386620565058934,678800,43.799999
5543,2016-07-27,47.20162426488606,47.2335924446781,46.29595186922969,46.66887454332414,40.75391847173646,1392900,44.259997999999996
5544,2016-07-28,46.54101567564872,47.65979009092874,46.49839463242432,47.15900322166165,41.18192107404376,994400,45.970001
5545,2016-07-29,47.47865625109713,49.46048201880912,47.2548981715428,48.98101046590173,42.77300475497449,2228300,46.060001
5546,2016-08-01,48.669935670851864,49.41509770529253,48.65928832426541,49.03187306731188,42.8174218088761,1572000,45.169998
5547,2016-08-02,48.77638678175952,48.81896871645305,47.946060877931814,48.08444551242479,41.9900605981341,1987400,45.049999
5548,2016-08-03,48.15896629331241,48.20154396991891,47.59476656997123,47.95670396643125,41.87851362158864,1852000,44.880001
5549,2016-08-04,47.95670396643125,48.095092859011245,47.616058069578855,47.77573739724475,41.72048217359839,988600,45.360001000000004
5550,2016-08-05,47.86089700854477,48.28670783930596,47.59476656997123,48.28670783930596,42.166694563780624,910000,45.880001
5551,2016-08-08,48.30799827439184,49.05316456691952,48.11638435861889,48.84025915153893,42.65008750527509,1215000,45.98
5552,2016-08-09,48.84025915153893,49.117032678611906,48.61670638957189,48.946710262446594,42.74305112555585,927500,45.400002
5553,2016-08-10,49.02122572072543,49.117032678611906,48.127027447118316,48.32928977399948,42.20388682483215,1182900,44.869999
5554,2016-08-11,48.4144493852995,48.446382908884814,47.45638193547825,47.765090050658294,41.711195285813936,849100,45.049999
5555,2016-08-12,47.765090050658294,48.339932862498905,47.616058069578855,47.95670396643125,41.87851362158864,610500,45.540001000000004
5556,2016-08-15,48.0099289896242,48.68057982387304,48.0099289896242,48.47832175507891,42.33402886738164,1270600,44.610001000000004
5557,2016-08-16,48.22283440500479,48.276059428197755,47.38186115459063,47.48831652358532,41.46948604080565,1121000,44.220001
5558,2016-08-17,47.24347652009766,47.30734569631179,46.43443785779056,47.07315303941059,41.413309098788034,1521900,44.200001
5559,2016-08-18,47.07315303941059,47.32863613139767,46.63669912014997,47.051862604324704,41.39457245139071,944600,43.740002000000004
5560,2016-08-19,46.945407235330016,47.03057110471706,46.26411437710349,46.56218366187114,40.963762626471365,864700,44.049999
5561,2016-08-22,46.583469838869995,46.91347371174471,46.30669631179702,46.892182212137065,41.254091773563516,799500,44.240002000000004
5562,2016-08-23,47.12637806260354,47.28605419670416,46.892182212137065,47.09444453901823,41.432032971924315,1081300,44.0
5563,2016-08-24,47.04121525773825,47.09444453901823,46.445085204377015,46.838957188944114,41.2072709132444,692200,44.869999
5564,2016-08-25,46.90282955872351,48.16960938181184,46.90282955872351,47.765090050658294,42.022051605894156,1087500,44.34
5565,2016-08-26,47.818315073851245,48.24412590461243,46.796375254250584,47.200894585404136,41.52568427325835,1027900,45.150002
5566,2016-08-29,47.3712180660912,48.105737012032435,47.3712180660912,48.06315933542593,42.28427950771645,1229800,44.849998
5567,2016-08-30,48.0099289896242,48.0099289896242,46.98798917002354,47.74379855105066,42.003319216583826,1608700,45.18
5568,2016-08-31,47.63734850466474,48.28670783930596,47.53089845827884,48.095092859011245,42.31236372063824,1901100,45.380001
5569,2016-09-01,47.89479011225708,48.202762122086085,47.40628553279238,48.19214455816641,42.39774126411601,1114600,45.82
5570,2016-09-02,48.37267712780208,49.12667390369799,48.19214455816641,48.65940976191659,42.80883787682043,1445600,46.75
5571,2016-09-06,48.829324767632585,49.66828010835529,48.43639737888315,49.64704073264079,43.67771631201849,2784000,46.849998
5572,2016-09-07,49.56208110584522,49.859435551754565,49.16915371709578,49.75323548727571,43.771146201849,1299400,45.549999
5573,2016-09-08,49.551463541925536,49.56208110584522,48.362059563882404,48.37267712780208,42.55657674949053,2563800,43.830002
5574,2016-09-09,47.72487616850987,47.91603054994036,46.53547219046673,46.54609400226155,40.949615140650636,1320600,44.529999
5575,2016-09-12,46.30183693366966,47.56558297458871,46.30183693366966,47.28946896636264,41.60361905962027,1358300,43.299999
5576,2016-09-13,46.970879392613945,46.98150120440877,45.98324735992097,45.98324735992097,40.454449892961875,1020500,43.68
5577,2016-09-14,46.185024615115076,46.609808943498685,45.898291981000554,46.386796560465235,40.809471367873655,943200,43.84
5578,2016-09-15,46.354939620831054,46.84344420029574,46.269979994035495,46.55671156618123,40.95896046596501,751000,43.779999
5579,2016-09-16,46.3974151863537,46.62043181726229,46.28060180583031,46.49299237706894,40.902898071797814,1398600,44.169998
5580,2016-09-19,46.59919137957901,46.992118768328446,46.59919137957901,46.90715914153288,41.267269119899105,1783000,44.639998999999996
5581,2016-09-20,47.28946896636264,47.53372072511059,47.14079333636115,47.40628553279238,41.706378345233354,1190200,45.380001
5582,2016-09-21,47.470005783873454,48.29834037477011,46.992118768328446,48.19214455816641,42.39774126411601,945100,46.580002
5583,2016-09-22,48.829324767632585,49.56208110584522,48.27709993708683,49.46650816300512,43.51889675617576,1307300,46.950001
5584,2016-09-23,49.30721072120881,50.29484275390179,48.99923871137979,49.859435551754565,43.86458033955465,1739400,47.59
5585,2016-09-26,49.678898734243745,50.78334733336647,49.678898734243745,50.53909451264974,44.46251336860679,1550400,47.16
5586,2016-09-27,50.78334733336647,50.87892452408172,49.99749255586759,50.08244793478801,44.06077482484219,953100,47.380001
5587,2016-09-28,50.23112250282072,50.51785513693523,49.83819511407128,50.31608212961629,44.266314635444104,1221800,46.599998
5588,2016-09-29,50.1461671239003,50.41165932033153,49.46650816300512,49.48774329084448,43.53757678711666,1142300,45.91
5589,2016-09-30,49.83819511407128,49.87005311567424,48.72312895102888,48.75498695263184,42.8929266892117,1778600,44.720001
5590,2016-10-03,48.46093416020006,48.46093416020006,47.400287733830034,47.432109247913985,41.72909614374361,1227600,43.970001
5591,2016-10-04,47.42150066235743,47.4745319230295,46.286608986141495,46.63662442813647,41.02926360063542,1621500,42.23
5592,2016-10-05,46.838146188500346,46.95481729540105,44.72745767873114,44.79109858560619,39.40563771825887,2959800,42.009997999999996
5593,2016-10-06,44.48351006131246,45.11990003842733,43.90015452680895,44.557754250511934,39.200349602434954,2380600,41.959998999999996
5594,2016-10-07,44.86534277480567,45.23657220597446,44.32441521864981,44.504722989839856,39.153690705492515,1343300,42.360001000000004
5595,2016-10-10,44.557754250511934,45.151718370572006,44.48351006131246,44.92898368168073,39.52694703198209,1073300,42.279999
5596,2016-10-11,44.92898368168073,45.31081639517394,44.75928025346152,44.84412984627827,39.452284948090636,2269600,42.68
5597,2016-10-12,44.93958802465158,45.56536941620988,44.84412984627827,45.26838947747271,39.825532789408804,1860800,43.110001000000004
5598,2016-10-13,45.06686877775526,45.95781177590608,44.81231151413359,45.72446850145825,40.226778514443865,1338500,42.790001000000004
5599,2016-10-14,45.68204158375701,46.06387429725023,45.26838947747271,45.385061645019846,39.92818851443145,1273500,43.09
5600,2016-10-17,45.52294249850866,45.93659778673224,45.385061645019846,45.70325451228442,40.20811856186474,742100,42.93
5601,2016-10-18,46.15933247562353,46.20175939332476,45.491124166363974,45.53355108406521,40.05881560701033,748200,43.330002
5602,2016-10-19,45.50173381256696,46.01084303657815,45.39566598799068,45.95781177590608,40.43206769091421,746300,43.34
5603,2016-10-20,45.50173381256696,46.08508828642405,45.32142179879121,45.96841611887693,40.441401379466264,1487400,43.380001
5604,2016-10-21,45.59719199094027,46.18054646479736,45.52294249850866,46.01084303657815,40.478722345270945,981300,43.0
5605,2016-10-24,46.27600464317066,46.70026109242581,45.544156487682486,45.60779633391111,40.12412703200691,994900,42.919998
5606,2016-10-25,45.31081639517394,45.69265016931357,44.93958802465158,45.52294249850866,40.04948085781185,1417100,43.130001
5607,2016-10-26,45.19414528827323,45.86235359753278,44.62139515738699,45.745681429985645,40.2454469521944,1198900,42.110001000000004
5608,2016-10-27,45.650223251612346,45.83053102280239,44.27138395797774,44.66382207508823,39.29366421438057,1187600,42.849998
5609,2016-10-28,45.45930689486575,46.371462821543965,45.04565478858143,45.44869724866276,39.98417049346169,1964700,44.07
5610,2016-10-31,45.96841611887693,46.986635627545716,45.72446850145825,46.74268801012705,41.1225729093489,1889100,43.630001
5611,2016-11-01,46.73052592169147,47.10232837379275,45.997536569303065,46.34809729478813,40.775425498999404,1618900,43.93
5612,2016-11-02,46.47557208735753,47.091707510484646,46.41183309762465,46.6667858696598,41.05579908109284,1787300,43.75
5613,2016-11-03,46.67740779526669,47.16606842582442,46.454326111546166,46.47557208735753,40.887566008526925,1186500,44.330002
5614,2016-11-04,46.73052592169147,47.34665709562343,46.47557208735753,47.091707510484646,41.42962839928653,1121300,44.200001
5615,2016-11-07,47.7078386844166,47.7078386844166,46.68803290776996,46.953607605411996,41.30813116201166,1315600,44.860001000000004
5616,2016-11-08,47.12357541190291,47.82469155137911,46.79426066222919,47.65472480718699,41.924947518663544,1009000,43.529999
5617,2016-11-09,46.656160757156535,46.974853581223364,44.53156317602019,46.241865291133735,40.681969762899165,1401800,42.279999
5618,2016-11-10,46.11439049856435,46.32685131897678,44.59530322805186,44.91399180292352,39.51374703532586,1845500,41.970001
5619,2016-11-11,45.02022380657792,45.6894688577395,44.4040883834508,44.58468130244497,39.2240369091621,2414300,42.799999
5620,2016-11-14,44.52094231271209,45.92317671626208,43.50113653606544,45.466387174018976,39.99972854833378,3569600,41.029999
5621,2016-11-15,45.63635498050987,45.63635498050987,43.139954947272265,43.5861183147133,38.34553599303925,3795800,40.759997999999996
5622,2016-11-16,43.278054852344916,43.71359735647786,42.927494126859834,43.299296578961105,38.402058787087796,1359200,40.400002
5623,2016-11-17,43.256807814234755,43.56487127660315,42.84251234821196,42.91687326355173,38.06289652762552,1346300,40.450001
5624,2016-11-18,42.895626225441575,43.02310101801097,42.279490802314456,42.96998714078135,38.10998929531019,1944900,39.880001
5625,2016-11-21,43.08684000774385,43.437396484033755,42.30073784042461,42.36447683015749,37.57297601070216,1554400,40.66
5626,2016-11-22,42.50257248603498,43.22493672592013,42.1307700339337,43.19306882450187,38.307853068041425,1507700,40.639998999999996
5627,2016-11-23,42.85313321152007,43.20368968780997,42.51319759853825,43.17182178639172,38.289005762899166,1209600,41.060001
5628,2016-11-25,43.33116872957453,43.97917205411991,43.18244796119378,43.617989403027934,38.68470993778823,514100,41.700001
5629,2016-11-28,43.56487127660315,44.45720226068042,43.56487127660315,44.297860628991565,39.287690914991735,1428400,42.049999
5630,2016-11-29,44.41471349595407,45.04147084468808,44.4040883834508,44.66966308109285,39.617434833376834,1655300,42.099998
5631,2016-11-30,44.00041378073611,44.95648481684504,43.44802265883582,44.72277695832246,39.66454353554338,1998700,41.360001000000004
5632,2016-12-01,44.68690825067928,44.68690825067928,43.62495705945359,43.9223023310456,38.954606163366904,1487800,41.77
5633,2016-12-02,44.17716743108619,45.005492546095795,43.954158742879976,44.357701257496934,39.34075816527634,1324000,41.900002
5634,2016-12-05,44.33646223367242,44.69752563868916,43.9966378524802,44.49575703625865,39.463204323478244,1058700,41.77
5635,2016-12-06,44.591332643468974,45.079829129481595,44.28336573606232,44.357701257496934,39.34075816527634,1409200,42.349998
5636,2016-12-07,44.453277926658444,45.005492546095795,44.23026923845224,44.97363082450545,39.8870301058476,1044200,42.599998
5637,2016-12-08,44.75062213629924,45.578943003504094,44.516991812278405,45.23911862231187,40.122491233722116,763600,42.310001
5638,2016-12-09,45.228501234302,45.706380332304754,44.846198805460745,44.93115596271,39.849351015631726,901200,42.41
5639,2016-12-12,44.846198805460745,45.196643760516416,44.66566816490357,45.037350019881366,39.94352909507439,1536100,42.75
5640,2016-12-13,45.33469529147337,45.71699772031462,44.729383112474736,45.3984134248981,40.26375835288611,1168800,42.630001
5641,2016-12-14,45.3984134248981,45.72761935612926,44.75062213629924,45.27098034390222,40.150747631018255,1628500,43.18
5642,2016-12-15,45.1541646509162,46.555940223334105,44.92053432689535,45.85505243712515,40.66875574063505,1916600,44.169998
5643,2016-12-16,46.29045242552768,47.267445397552926,46.26921340170317,46.9063819925362,41.60117968311574,3025600,44.57
5644,2016-12-19,47.20373151193297,47.52231580734948,46.8320454091504,47.33116459292885,41.97791642576378,1496600,44.84
5645,2016-12-20,47.25682800954306,47.83028271475612,47.21434889994284,47.6178914145598,42.23221550581945,1195000,43.970001
5646,2016-12-21,47.6391315003355,48.074530426786836,46.49222208990937,46.693994940144634,41.4128150286209,1662100,44.549999
5647,2016-12-22,46.61965941871003,47.320546142967785,45.982485518121045,47.30992450715315,41.95907528772906,1117400,44.740002000000004
5648,2016-12-23,47.288685483328635,47.69222799794559,47.23558898571854,47.51169841933961,42.13803742637679,796400,44.310001
5649,2016-12-27,47.49045833356391,47.72408547173117,46.980722823726765,47.05505834516136,41.73303579082309,1312600,44.23
5650,2016-12-28,47.10815590472266,47.20373151193297,46.72585241393022,46.97010118791212,41.65768716795205,817700,44.700001
5651,2016-12-29,47.10815590472266,47.6178914145598,46.991340211736635,47.46921930973939,42.1003583361609,653200,45.450001
5652,2016-12-30,47.501076783524965,48.41435480797906,47.16125240233274,48.26568270315865,42.8067480914916,1384500,44.939999
5653,2017-01-03,48.23942263644225,48.28165562368482,47.16250732881456,47.44757392186181,42.081167672227274,770100,45.360001000000004
5654,2017-01-04,47.616500591840676,48.0599379836023,47.29976216180679,47.89101131362343,42.47444197581937,1089400,45.450001
5655,2017-01-05,47.616500591840676,48.197193872392816,47.14139558628556,47.98603315937308,42.558727408797594,833400,45.450001
5656,2017-01-06,47.82766130486042,48.10217097084488,47.48980690910438,47.98603315937308,42.558727408797594,1299300,44.959998999999996
5657,2017-01-09,48.081055005122735,48.154960885150246,47.42645690034138,47.46868988758395,42.09989647802453,697700,44.25
5658,2017-01-10,47.3736680418343,47.48980690910438,46.708518288981594,46.71907416024609,41.435060297262794,1241900,43.970001
5659,2017-01-11,46.708518288981594,46.90911785174539,46.38121870869176,46.42345169593434,41.172870741478924,1198000,44.220001
5660,2017-01-12,46.07503614992237,46.771863018753166,45.76885359115298,46.687401267461155,41.40697183965919,855100,44.18
5661,2017-01-13,46.53959056320443,46.88800188602324,46.42345169593434,46.64516828021858,41.369507893274964,449000,44.52
5662,2017-01-17,46.771863018753166,47.14139558628556,46.6768411730035,47.00413969749505,41.68788175485404,1220300,44.459998999999996
5663,2017-01-18,47.07804557752256,47.33143927778487,46.814096005995744,46.94079074453032,41.63169744905884,677700,44.040001000000004
5664,2017-01-19,46.6768411730035,46.814096005995744,46.402335730212194,46.49735757596185,41.2384189222736,633200,44.759997999999996
5665,2017-01-20,46.624052314496424,47.278646196084644,46.51847354168399,47.25752917456421,41.912614754841684,1108600,45.16
5666,2017-01-23,47.215300410514786,47.69040647186819,47.08860144878705,47.679850600603686,42.287169754821086,983600,45.299999
5667,2017-01-24,47.616500591840676,47.96491613785265,47.44757392186181,47.82766130486042,42.41826189321732,1340000,44.5
5668,2017-01-25,47.753756480631196,47.753756480631196,46.97246786050841,46.983023731772896,41.669149781661915,907000,44.459998999999996
5669,2017-01-26,47.04637268473762,47.29976216180679,46.708518288981594,46.94079074453032,41.63169744905884,576600,44.299999
5670,2017-01-27,47.109718470307484,47.13083443602963,46.42345169593434,46.771863018753166,41.481864891084214,774000,43.880001
5671,2017-01-30,46.84576889878067,46.89855775728775,46.28619686294211,46.32842985018468,41.088594810685265,1066300,44.07
5672,2017-01-31,46.46568045998377,46.95135083898797,46.37065861423412,46.529030468746775,41.2665073798772,738700,43.23
5673,2017-02-01,46.151554526101904,46.583074211820055,45.456914133286546,45.49901466730705,40.35298348957525,786500,44.290001000000004
5674,2017-02-02,45.60426547611483,46.74094937254468,45.54111414884054,46.61465198043128,41.342440236647334,1465700,44.439999
5675,2017-02-03,47.582937950727214,48.29862913679634,46.68832607311488,46.77252293120775,41.48246521720176,1447100,44.259997999999996
5676,2017-02-06,46.730426607135385,46.89882348078226,46.151554526101904,46.583074211820055,41.314444081427574,968400,44.689999
5677,2017-02-07,46.64622553909435,47.20404156443887,46.37257996161378,47.03564469079199,41.71581948588072,837200,45.299999
5678,2017-02-08,47.24614209845938,47.972361312373,46.95144783269912,47.67766178417754,42.285227603465486,1568100,45.119999
5679,2017-02-09,47.49874109263433,47.75133587686113,47.07774522481251,47.48821411727688,42.117203310230174,1079600,45.720001
5680,2017-02-10,47.34086698439675,48.17233174468295,47.26719289171316,48.11970844525315,42.67727271032377,713100,45.52
5681,2017-02-13,48.11970844525315,48.267056630620324,47.30929342573368,47.90920998509871,42.49059518930802,748900,45.360001000000004
5682,2017-02-14,47.73028508360735,47.90920998509871,47.08827220016996,47.740813111451835,42.34123149126243,660500,44.720001
5683,2017-02-15,47.109317730988536,47.34086698439675,46.68832607311488,47.06722140691618,42.077768725877775,777800,45.169998
5684,2017-02-16,47.24614209845938,47.825009969544716,47.214569592283354,47.540837416706694,42.501186366374796,405200,45.009997999999996
5685,2017-02-17,47.51979188588811,47.582937950727214,46.96197059810841,47.37243949057277,42.35063441046293,742400,45.779999
5686,2017-02-21,47.172469058262834,48.36178046407064,46.96197059810841,48.18285556257928,43.0751475428874,816100,45.43
5687,2017-02-22,48.34072967081687,48.34072967081687,47.07774522481251,47.81448615164839,42.74583171600104,848400,45.959998999999996
5688,2017-02-23,48.077607911232626,48.5512281309713,47.656612043410796,48.37230322947993,43.24451691455771,1040900,46.09
5689,2017-02-24,48.561750896380595,48.561750896380595,48.05655817046588,48.50912759695079,43.36683485317916,487800,46.459998999999996
5690,2017-02-27,48.61437524829744,49.045893881528556,48.36178046407064,48.89854674864842,43.714969148310985,531400,46.529999
5691,2017-02-28,48.86697318998535,49.319543668957294,48.73014882251451,48.972220841332,43.78083378717012,1609400,46.02
5692,2017-03-01,48.62747844667578,48.85883439202875,48.322504035623325,48.396117243161434,43.265803861013694,1339700,45.540001000000004
5693,2017-03-02,48.259403995927,48.532831542028134,47.72307363952158,47.89133480333962,42.81452426475691,1124600,45.389998999999996
5694,2017-03-03,47.82823581527557,47.89133480333962,47.218291199699756,47.733587858995655,42.67349827356738,826900,45.25
5695,2017-03-06,47.49171348763951,47.83875424127876,47.09209217193941,47.586360392287155,42.54188754612573,988100,45.43
5696,2017-03-07,47.5653277468099,47.807202118166046,47.323452323821485,47.77565420158244,42.71111621163572,783100,44.689999
5697,2017-03-08,47.48119926816544,47.90184902281369,46.934349434124556,46.997445267291766,42.01539836453911,598400,43.759997999999996
5698,2017-03-09,46.98692999618542,47.323452323821485,45.98787933601585,46.01942620096718,41.14105656919783,1017300,43.43
5699,2017-03-10,46.01942620096718,46.83970252947692,45.25173569267968,45.672389653857046,40.83081558371788,941800,43.110001000000004
5700,2017-03-13,45.830136598201,46.01942620096718,45.28328676416012,45.33586837785326,40.52996462281123,2275700,43.110001000000004
5701,2017-03-14,45.40948158539136,45.48309584456175,45.05192661227805,45.33586837785326,40.52996462281123,2076000,44.34
5702,2017-03-15,45.493610064035835,46.90279731101186,45.30432046126965,46.62937502307211,41.68634578094429,3011100,44.130001
5703,2017-03-16,46.57679446101125,47.039511609878545,46.21923948789792,46.40853329719321,41.488919699275236,858700,44.209998999999996
5704,2017-03-17,46.503180201840856,46.83970252947692,46.18768736478522,46.492661775837675,41.56412612970825,1631500,44.09
5705,2017-03-20,46.47162913036043,46.7345371988261,46.26130583048471,46.36646695460643,41.45131017426508,1093600,44.459998999999996
5706,2017-03-21,46.555760763901716,46.91331678864731,46.398014871190036,46.755569844303345,41.79916594291656,1698300,44.509997999999996
5707,2017-03-22,47.08157690083307,47.08157690083307,46.419047516667284,46.808150406364206,41.846166544132316,695000,44.709998999999996
5708,2017-03-23,46.755569844303345,47.29190440723788,46.503180201840856,47.01847791276902,42.0342089110217,710400,44.740002000000004
5709,2017-03-24,47.18673907658706,47.40758500899505,46.94486365359864,47.05003003588173,42.06241053370988,554600,44.220001
5710,2017-03-27,46.597827106488495,47.270871761760624,46.36646695460643,46.503180201840856,41.573534032030224,800600,44.349998
5711,2017-03-28,46.54524233789853,46.72402192771974,45.903750857371385,46.639889242546175,41.69574947673718,862500,44.400002
5712,2017-03-29,46.57679446101125,46.787121967416056,46.27182004995878,46.692475062768416,41.74276164590794,645900,44.32
5713,2017-03-30,46.53472811842446,46.755569844303345,46.17717314531113,46.608342377594845,41.66754259588763,650300,44.349998
5714,2017-03-31,46.53472811842446,46.89228309153778,46.35595273513234,46.639889242546175,41.69574947673718,1440700,44.32
5715,2017-04-03,46.47053246307111,46.59635415587427,46.155975609756105,46.47053246307111,41.54434146513226,1509500,44.439999
5716,2017-04-04,46.46004828315012,47.29886655865682,46.281797302559255,46.59635415587427,41.656828044400555,1143700,44.639998999999996
5717,2017-04-05,46.606841481363794,46.889942649347304,46.208401751975266,46.80605872475094,41.844302880453455,1195200,44.860001000000004
5718,2017-04-06,46.73266317416696,47.099644072655444,46.5124744253693,47.03673584756098,42.05051586825833,1211700,44.919998
5719,2017-04-07,47.099644072655444,47.27789505324631,46.92139728615596,47.099644072655444,42.1067691188595,638300,44.990002000000004
5720,2017-04-10,47.04721897895912,47.28837818464446,46.79557559335281,47.17304486585367,42.17238253289248,706900,44.810001
5721,2017-04-11,47.1835279972518,47.309349690054965,46.889942649347304,46.98430970534181,42.003658430865684,920300,44.240002000000004
5722,2017-04-12,47.03673584756098,47.12061557806596,46.25034371427345,46.386652732566134,41.46935320834764,2753800,43.990002000000004
5723,2017-04-13,46.41810632085195,46.55441638766747,45.82044934807626,46.12452202147029,41.23500940115081,1454600,44.59
5724,2017-04-17,46.323739264857444,46.79557559335281,46.23985534026107,46.75363363105462,41.79743705487805,2037900,44.720001
5725,2017-04-18,46.701208537358305,47.02624747354861,46.648783443661976,46.889942649347304,41.91928274905531,1543400,44.299999
5726,2017-04-19,46.90042682926829,47.04721897895912,46.386652732566134,46.4495609576606,41.52558653701477,983600,44.049999
5727,2017-04-20,46.5124744253693,46.5124744253693,45.925299535468916,46.18743024656476,41.29124692390931,2134600,44.150002
5728,2017-04-21,46.11403469598076,46.52295755676744,46.11403469598076,46.29228567657162,41.384990108811415,1651200,43.810001
5729,2017-04-24,46.889942649347304,46.889942649347304,45.2542459635864,45.93578686095844,41.06628634764686,2470500,44.650002
5730,2017-04-25,46.00918346006527,46.879455323857776,45.75753588036757,46.816547098763316,41.85367772320509,1803200,44.84
5731,2017-04-26,46.78508826786327,47.14158603495362,46.35519390166609,47.01576434215047,42.03178086207489,1725300,44.450001
5732,2017-04-27,47.01576434215047,47.13110290355548,46.22937220886294,46.606841481363794,41.666199741583654,2889900,43.740002000000004
5733,2017-04-28,46.46004828315012,46.55441638766747,45.558318636980424,45.86239131037444,41.000665593953975,2284100,43.349998
5734,2017-05-01,45.68703258812257,45.74988709010228,45.079406592535534,45.4146463175052,40.60039396431213,1939000,43.130001
5735,2017-05-02,45.44607828281842,45.603220299718465,45.079406592535534,45.18417142922696,40.39434450919982,1522200,42.830002
5736,2017-05-03,45.288933123036124,45.288933123036124,44.62892575673081,44.869884252544615,40.1133708366669,1220400,43.169998
5737,2017-05-04,44.69178549684758,45.288933123036124,44.31463858004846,45.226073382919346,40.43179823689081,981100,43.959998999999996
5738,2017-05-05,45.18417142922696,46.07465368381052,45.01655104292842,46.053700087895784,41.17169243167861,1195500,43.09
5739,2017-05-08,46.11655878038516,46.137512376299895,45.03750463884315,45.142265285024905,40.356878209979854,1482300,42.900002
5740,2017-05-09,45.089884961934025,45.288933123036124,44.78607196414052,44.94321817155022,40.17893555076757,1386600,43.349998
5741,2017-05-10,44.92226457563549,45.81274683021905,44.83845228723139,45.4146463175052,40.60039396431213,891500,43.200001
5742,2017-05-11,45.15273946391374,45.36226599441432,44.78607196414052,45.25750534823256,40.45990084228118,745900,43.220001
5743,2017-05-12,45.299411492434615,45.4984586059093,45.110837510221344,45.27845789651989,40.47863975384195,629100,43.07
5744,2017-05-15,45.288933123036124,45.655604813319,45.03750463884315,45.12131273673759,40.33814348892876,821500,42.639998999999996
5745,2017-05-16,45.10035914082286,45.299411492434615,44.54511765883637,44.670831900932846,39.93542817745462,1166700,42.869999
5746,2017-05-17,44.230830482154026,45.26797952712139,44.230830482154026,44.911786206237004,40.49270310425239,1539200,42.790001000000004
5747,2017-05-18,44.81749973894407,45.27845789651989,44.50321256226173,44.82797810834256,40.417144024618665,1357400,43.040001000000004
5748,2017-05-19,44.859405883146124,45.21559920403051,44.57654543363993,45.089884961934025,40.653282386698976,1168200,43.150002
5749,2017-05-22,45.226073382919346,45.4146463175052,44.96416652932788,45.20512502514169,40.757179787891296,1052600,43.279999
5750,2017-05-23,45.26797952712139,45.613698669116964,45.16321888093964,45.341313446127,40.87996486373722,751200,43.27
5751,2017-05-24,45.383219590329055,45.603220299718465,45.18417142922696,45.33083821961077,40.87052888361602,897900,43.189999
5752,2017-05-25,45.561318346026084,45.76036545950076,45.01655104292842,45.24702697883408,40.79495828008074,515300,43.18
5753,2017-05-26,45.23655175231783,45.603220299718465,45.079406592535534,45.23655175231783,40.785513918940225,671900,42.919998
5754,2017-05-30,45.27845789651989,45.435599913419935,44.92226457563549,44.96416652932788,40.53993224334684,2035800,42.919998
5755,2017-05-31,44.869884252544615,45.47750605762197,44.869884252544615,44.96416652932788,40.53993224334684,1400400,43.049999
5756,2017-06-01,44.82921917404421,45.069954058455636,44.43148050208814,45.059485185487134,40.62587352285114,1132000,43.689999
5757,2017-06-02,45.40489100605825,45.72935908069237,45.101353350615426,45.72935908069237,41.22982973341226,948600,44.040001000000004
5758,2017-06-05,45.52002662847462,46.33643334490009,45.25835713816007,46.09569846048866,41.56012361757874,855700,44.080002
5759,2017-06-06,46.189899477001894,46.70276958466249,45.82356009720561,46.13756662561695,41.5978751982854,1410300,44.220001
5760,2017-06-07,46.189899477001894,46.69230489840583,45.99102857100692,46.28410049351514,41.72999107726725,1061000,44.09
5761,2017-06-08,46.28410049351514,46.315499785674916,45.48862314960299,46.14803131187361,41.60730995342818,934600,44.360001000000004
5762,2017-06-09,46.064294981617024,46.63997100034292,45.85496252939927,46.430635408091284,41.862099629503376,920500,44.150002
5763,2017-06-12,46.38876724296299,46.566704589732815,46.04336560910372,46.21083408290502,41.663931044420394,1016100,44.32
5764,2017-06-13,46.16896591777674,46.420165488444816,45.99102857100692,46.38876724296299,41.824359562254294,616600,44.490002000000004
5765,2017-06-14,46.817905207078844,46.84930345256067,46.45156896731645,46.566704589732815,41.9847849400543,462700,44.439999
5766,2017-06-15,46.30503509941827,47.10050825661856,46.30503509941827,46.51436755163602,41.9376027909167,1019500,44.509997999999996
5767,2017-06-16,46.49343294573289,46.75510243604743,46.30503509941827,46.58763396224612,42.00365445033985,1484900,44.720001
5768,2017-06-19,46.63997100034292,47.05864009149027,46.49343294573289,46.80743947414423,42.20182722213468,746600,44.43
5769,2017-06-20,46.90164049065747,46.98537263420219,45.93869467294401,46.503901818701394,41.92817222248576,757100,43.990002000000004
5770,2017-06-21,46.503901818701394,46.503901818701394,45.89682650781572,46.04336560910372,41.51294460847503,1033700,43.830002
5771,2017-06-22,45.907296427462185,46.21083408290502,45.687495102275925,45.8758971353024,41.36195084578392,1494500,43.779999
5772,2017-06-23,45.917761113718846,46.28410049351514,45.73982795366088,45.82356009720561,41.31476450993448,1721800,43.759997999999996
5773,2017-06-26,45.907296427462185,45.93869467294401,45.499092022571496,45.80262549130248,41.29589081293707,873400,43.009997999999996
5774,2017-06-27,45.55142487395645,45.81309436427099,44.61988253511461,45.01761702035884,40.588121942144475,1792200,42.66
5775,2017-06-28,45.059485185487134,45.19555436712866,44.58847905624299,44.651281827274396,40.257832244689844,1731800,42.689999
5776,2017-06-29,44.326809565928436,44.73501815753097,44.15934213880509,44.68268111943418,40.28613755679615,1840000,42.970001
5777,2017-06-30,44.944350609748724,45.27928651067339,44.724549284562464,44.9757530419424,40.55037454814966,1691000,43.18
5778,2017-07-03,45.19533740809524,45.32102338369025,44.90206210163572,45.226757330893115,40.77668321686698,722900,43.759997999999996
5779,2017-07-05,45.45718755475396,46.179891864730834,45.35244435388871,45.834247576340154,41.32440145303653,1844700,42.759997999999996
5780,2017-07-06,45.62477060121495,45.719037701412674,44.504053020916245,44.786846989705296,40.3800608945242,2380500,42.650002
5781,2017-07-07,44.77637507864012,45.01727721356614,44.53547294371411,44.671637114777816,40.27617760954058,1667500,42.59
5782,2017-07-10,44.77637507864012,45.03822522529884,44.54594590217987,44.60879098477855,40.219524759210096,1443100,42.419998
5783,2017-07-11,44.6611599667097,44.671637114777816,43.85466151500086,44.43073079024945,40.05898129209187,1845300,42.970001
5784,2017-07-12,44.60879098477855,45.1220193670308,44.54594590217987,45.006804255100384,40.578370484594714,1294000,42.810001
5785,2017-07-13,45.03822522529884,45.03822522529884,44.62974004391184,44.839220161238806,40.42727980777087,1060500,43.259997999999996
5786,2017-07-14,44.9439591725017,45.39434142475469,44.9439591725017,45.31054728302272,40.85223117378037,830100,43.630001
5787,2017-07-17,45.31054728302272,45.792354695076526,45.132491278095976,45.69808864227938,41.20163877247882,1273100,43.299999
5788,2017-07-18,45.834247576340154,45.834247576340154,45.30007537195755,45.35244435388871,40.890008818139115,1010600,43.73
5789,2017-07-19,45.34197244282354,45.80282765354228,45.25817830109157,45.80282765354228,41.29607240936982,606000,43.900002
5790,2017-07-20,45.86567273614097,46.20084092386412,45.75045762421054,45.98088784807138,41.45661273428628,979500,44.23
5791,2017-07-21,45.99135975913656,46.36842397032511,45.781878594408994,46.326527946859706,41.76824268862599,719200,43.68
5792,2017-07-24,46.33700404752724,46.33700404752724,45.719037701412674,45.75045762421054,41.24884930652081,1751100,43.43
5793,2017-07-25,45.7609305826763,45.82377566527499,45.39434142475469,45.488607477551824,41.01277464089859,759800,43.880001
5794,2017-07-26,45.540977506883564,46.13799479386485,45.373393413021994,45.959938788938096,41.437721817305736,847400,44.009997999999996
5795,2017-07-27,45.82377566527499,46.19036377579601,45.28960346089239,46.09609772299886,41.56048449786345,1100500,45.259997999999996
5796,2017-07-28,47.13302639856855,47.44724552715843,46.46269107052284,47.40534845629244,42.74091543300679,1280700,45.549999
5797,2017-07-31,47.352979474361284,47.74052083361794,47.21682054030052,47.70909567381714,43.01476774298776,1115800,45.599998
5798,2017-08-01,47.63975872991907,47.8068424994033,47.201165923570066,47.61887221445998,42.933428741518995,1261700,45.490002000000004
5799,2017-08-02,47.483119784574725,47.59799092036869,47.12806677442072,47.50400630003381,42.8298639555513,872500,45.529999
5800,2017-08-03,47.46223431338919,47.92171259092371,47.138507421466365,47.54577410958418,42.86752881428728,1143900,45.630001
5801,2017-08-04,47.49356147589393,47.8799406042791,47.47267496043483,47.650203554058955,42.96167634129741,726700,45.599998
5802,2017-08-07,47.650203554058955,47.78595598394421,47.35780382464086,47.61887221445998,42.933428741518995,761800,46.099998
5803,2017-08-08,47.5248875941251,48.16189550955731,47.4413477979301,48.141008994098215,43.40418517349371,2664300,46.0
5804,2017-08-09,48.30809276358245,48.44384937056195,47.93215845933716,48.036583726717694,43.31003764648357,990100,45.740002000000004
5805,2017-08-10,47.92171259092371,48.20366749620192,47.744188174393834,47.76507468985293,43.06524530435934,588000,45.549999
5806,2017-08-11,47.660644201104596,47.90082711973819,47.36824969305432,47.566659580769716,42.886346623825446,667700,46.18
5807,2017-08-14,47.744188174393834,48.34986475022707,47.744188174393834,48.22455296738745,43.47951906805991,818000,45.959998999999996
5808,2017-08-15,48.036583726717694,48.099241184547836,47.629318082873425,47.99481174007306,43.27237592056827,1217900,45.419998
5809,2017-08-16,47.81728732354319,48.20366749620192,47.3055911909506,47.43090297379022,43.10156409447741,1220700,45.41
5810,2017-08-17,47.39957581128548,47.723302703208304,47.3055911909506,47.42046232674456,43.092071647823595,875600,45.150002
5811,2017-08-18,47.25337855726033,47.37869034009995,46.95053818079659,47.148953289879806,42.845344266794015,907400,45.419998
5812,2017-08-21,47.2429379102147,47.49356147589393,47.03408215408584,47.43090297379022,43.10156409447741,1043200,45.380001
5813,2017-08-22,47.4517894892493,47.69197136360934,47.096735434821746,47.38913516423984,43.06360475059772,809000,45.900002
5814,2017-08-23,47.39957581128548,48.099241184547836,47.211606570615714,47.93215845933716,43.55705951265686,1117300,45.84
5815,2017-08-24,47.98437109302743,48.20366749620192,47.77551533689857,47.86949995723345,43.500129895299345,975700,45.75
5816,2017-08-25,47.96348457756834,48.04702437376333,47.744188174393834,47.77551533689857,43.41471353951833,545900,45.509997999999996
5817,2017-08-28,47.7964008080841,47.8799406042791,47.07585414073045,47.5248875941251,43.18696478615505,544200,44.970001
5818,2017-08-29,47.59799092036869,47.84861448604792,46.94009753375096,46.96098300493649,42.67453557352384,562900,45.389998999999996
5819,2017-08-30,46.87743903164724,47.39957581128548,46.741682424667744,47.39957581128548,43.073097197251535,623100,45.330002
5820,2017-08-31,47.4413477979301,47.59799092036869,47.2429379102147,47.33692253054957,43.01616026997911,778800,45.220001
5821,2017-09-01,47.108369441663726,47.4200056023969,46.962942211138525,46.973332022206556,42.68575346034544,454300,45.32
5822,2017-09-05,46.9525565551639,47.21224989319704,46.651311244272115,47.077208318646456,42.78015822136059,1167700,45.34
5823,2017-09-06,47.087598129714486,47.45116672541417,47.00449418399718,47.09798378568911,42.799028578075436,1135700,45.84
5824,2017-09-07,47.20186008212901,47.78357419809658,47.00449418399718,47.61737046175538,43.27101394853718,906400,46.450001
5825,2017-09-08,47.58620829996475,48.531492050405355,47.58620829996475,48.25102324532957,43.84683198695805,1642900,46.27
5826,2017-09-11,48.271798712372224,48.51071658336271,47.877063799788516,48.06404300317237,43.676911519562914,864300,45.57
5827,2017-09-12,47.82512617095524,48.05365319210433,47.0148798399718,47.336901656679586,43.01614675149806,903700,45.360001000000004
5828,2017-09-13,47.336901656679586,47.388839285512866,47.05643181283045,47.11876029150512,42.81790620620373,722600,45.759997999999996
5829,2017-09-14,47.066821623898484,47.565432832922106,46.92139023827987,47.534266516038066,43.195486815650334,717000,45.59
5830,2017-09-15,47.46155342016214,47.627756117729994,47.0356563457878,47.35767712372224,43.03502541839972,1424600,45.700001
5831,2017-09-18,47.35767712372224,47.5446563271061,47.077208318646456,47.47194323123017,43.138849776172016,675800,45.439999
5832,2017-09-19,47.47194323123017,47.47194323123017,46.890228076489244,47.20186008212901,42.89342502890376,973000,45.220001
5833,2017-09-20,47.26418752203031,47.4200056023969,46.77596300775467,46.973332022206556,42.68575346034544,601900,44.889998999999996
5834,2017-09-21,46.994108528022565,47.17069792033838,46.62014908248149,46.630534738456106,42.37424818505463,591700,44.75
5835,2017-09-22,46.796738474797316,46.9317800493479,46.41239337328163,46.48510750793091,42.24209543919633,400300,44.540001000000004
5836,2017-09-25,46.55782164258019,46.70324887310539,45.78913143954882,46.26696614275644,42.04386632040888,1281700,44.330002
5837,2017-09-26,46.225414169897775,46.41239337328163,46.017658460697916,46.04882477758195,41.845633046528015,807600,43.630001
5838,2017-09-27,45.68525202678885,45.84106906838209,45.16586535072259,45.32168239231582,41.18486412336975,986600,43.84
5839,2017-09-28,45.26974476348256,45.58137573034896,45.186640817765245,45.53982375749031,41.383094280930564,464000,43.860001000000004
5840,2017-09-29,45.35284455410645,45.57098591928093,45.26974476348256,45.56060026330631,41.40197190905886,649900,43.98
5841,2017-10-02,45.630992944941084,45.78690437402854,45.39191981457292,45.71414529134893,41.54150300574063,742900,43.880001
5842,2017-10-03,45.630992944941084,45.75572250398318,45.21521873973803,45.610203299193635,41.44704581521753,998000,44.450001
5843,2017-10-04,45.64138516923901,46.23386044927695,45.433498066637476,46.202678579231595,41.98544473307307,738000,44.740002000000004
5844,2017-10-05,46.327409177704,46.7743642135221,46.265041279892,46.504114410260165,42.25937411965314,803500,44.400002
5845,2017-10-06,46.265041279892,46.348197784021124,45.84927227184054,46.1507081028691,41.9382286109753,1012600,44.75
5846,2017-10-09,46.223467185548714,46.56647711092057,46.06755159873999,46.51450663455809,42.26881110749079,527400,44.689999
5847,2017-10-10,46.57687349293976,46.7743642135221,46.37937965406648,46.45213977617641,42.21213409065811,982800,44.970001
5848,2017-10-11,46.45213977617641,46.888702587696585,46.420957906131044,46.74318234347673,42.476615055667054,780900,45.240002000000004
5849,2017-10-12,46.78475643782002,47.19013841872515,46.722393737159614,47.023829568188184,42.731643441383596,787200,44.66
5850,2017-10-13,47.30447159574805,47.33565762351468,46.38977603608568,46.420957906131044,42.183803377969134,899200,44.25
5851,2017-10-16,46.420957906131044,46.535295240875215,45.92203135452014,45.99479147663006,41.79653866746938,754000,44.240002000000004
5852,2017-10-17,45.91163497250095,46.12991845712167,45.78690437402854,45.98439925233214,41.78709024589825,802400,44.189999
5853,2017-10-18,45.93242461824839,46.07794798075918,45.630992944941084,45.93242461824839,41.7398616506367,505300,44.130001
5854,2017-10-19,45.97400287031294,45.99479147663006,45.68296342130356,45.87006087815765,41.683187752094966,503800,44.07
5855,2017-10-20,45.87006087815765,45.87006087815765,45.620595523491566,45.80769401977597,41.62651073526229,516700,44.110001000000004
5856,2017-10-23,45.84927227184054,45.92203135452014,45.57901727142701,45.84927227184054,41.66430650040744,589900,43.75
5857,2017-10-24,45.75572250398318,45.9636096065847,45.13206223560891,45.475076318702044,41.32425791200544,1064300,43.700001
5858,2017-10-25,45.45428771238492,45.776512149730614,45.256796991802595,45.42310584233955,41.27702619845296,727300,43.349998
5859,2017-10-26,45.69335564560149,45.80769401977597,44.89299430239234,45.05930211349899,40.94643434706462,1021100,44.369999
5860,2017-10-27,45.04890988920106,46.30661953195656,45.04890988920106,46.119522075102466,41.90987710968001,1599800,44.200001
5861,2017-10-30,46.05715833501174,46.16110032716703,45.776512149730614,45.94282100026758,41.74930591448658,955000,43.98
5862,2017-10-31,46.00518370092799,46.09873242935503,45.44389444865668,45.71414529134893,41.54150300574063,1262300,44.34
5863,2017-11-01,45.81697591824672,46.25352395315179,45.5259393908882,46.08721914792698,41.880520390474686,1014500,43.599998
5864,2017-11-02,46.18076560086594,46.25352395315179,45.11018049604125,45.318057344952145,41.181571436860736,981400,44.220001
5865,2017-11-03,45.01663300369726,46.357462377607234,45.01663300369726,45.9624915834134,41.767187823334105,1061400,44.740002000000004
5866,2017-11-06,46.61731363577101,46.710861128115,46.14958552869635,46.502983239799086,42.25834619865488,1330600,44.900002
5867,2017-11-07,46.502983239799086,46.81480371019058,46.32628230543765,46.669288045023904,42.40946945397274,862200,45.360001000000004
5868,2017-11-08,46.606921664254536,47.24095977357917,46.606921664254536,47.14741332064021,42.84394387583767,657800,45.209998999999996
5869,2017-11-09,46.88756206247644,47.28253701429041,46.88756206247644,46.991500486931876,42.70226985167168,694400,45.130001
5870,2017-11-10,46.710861128115,47.19938253286792,46.63810277582915,46.90835016312954,42.62670822401274,764400,45.470001
5871,2017-11-13,47.03307772764311,47.39686741026233,47.0018966160685,47.26174787423228,42.947851118142125,1002500,45.23
5872,2017-11-14,47.19938253286792,47.438444650973565,47.0018966160685,47.01228962699001,42.721154801709986,610200,44.549999
5873,2017-11-15,47.10583607992898,47.220170633521036,46.30549316537952,46.30549316537952,42.07887005285626,847800,44.689999
5874,2017-11-16,45.972884594334914,46.55495245202681,45.713033336171144,46.451009869951235,42.554993434379675,964800,44.189999
5875,2017-11-17,46.274312053804906,46.51337521131557,45.55712466008294,45.93130735362368,42.07887005285626,3498200,44.25
5876,2017-11-20,45.910518213565545,46.056038036352355,45.73382143682424,45.99367269498802,42.13601030512144,754400,44.919998
5877,2017-11-21,46.128796388638214,46.897954033992924,46.128796388638214,46.69007198805687,42.77400127178527,1177600,44.639998999999996
5878,2017-11-22,46.502983239799086,46.76283449796286,46.097611119443464,46.399039618318476,42.50737725042871,606600,44.75
5879,2017-11-24,46.62771080431267,46.67968001654038,46.47179797060433,46.51337521131557,42.612125371404595,221800,44.400002
5880,2017-11-27,46.606921664254536,46.62771080431267,46.1391883601547,46.14958552869635,42.278845344708905,578700,44.130001
5881,2017-11-28,46.128796388638214,46.29510119386303,45.713033336171144,45.868945130474444,42.0217464310716,675700,44.290001000000004
5882,2017-11-29,45.70264032524963,46.22234284157717,45.422000966432755,46.03524993569926,42.17409826313805,747300,44.09
5883,2017-11-30,46.04564190721574,46.23273585249869,45.6298830123688,45.82736788976321,41.98365015781473,940200,43.990002000000004
5884,2017-12-01,45.99992483490451,46.2599289318687,45.58392035979458,45.750322981851674,41.91307227711703,999600,43.939999
5885,2017-12-04,45.906322319981015,45.99992483490451,45.64631822301683,45.698319042409665,41.86542808637293,988700,43.389998999999996
5886,2017-12-05,45.729521614078145,45.85432254060457,45.011908226424204,45.126310029088444,41.34140126912187,843800,43.599998
5887,2017-12-06,45.19911117623842,45.3655137982955,45.105509701331314,45.34471243052198,41.541482741866915,656400,43.849998
5888,2017-12-07,45.38631412605263,45.698319042409665,44.66870489846425,45.60471652748617,41.77967769517775,826700,44.130001
5889,2017-12-08,45.698319042409665,46.02072516266165,45.55271674810972,45.89592423613522,42.04646269899076,750900,44.259997999999996
5890,2017-12-11,45.87512390837809,46.041525490418785,45.62551789525969,46.03112324650744,42.17031929063702,979100,43.880001
5891,2017-12-12,45.39671740998037,45.88552199222388,45.33431434667619,45.635920139171034,41.808262545598,1303500,43.889998999999996
5892,2017-12-13,45.76072106569746,45.823123088985255,45.459115273202606,45.64631822301683,41.81779221575993,767500,43.849998
5893,2017-12-14,45.56311899202106,45.70872128632101,45.4279158215833,45.60471652748617,41.77967769517775,433500,43.84
5894,2017-12-15,45.70872128632101,45.80232276122812,45.47991664097613,45.59431844364038,41.77015634514692,2357500,44.220001
5895,2017-12-18,45.80232276122812,46.187127784718726,45.79192051731677,45.98952571104234,42.132216210235114,937200,43.240002000000004
5896,2017-12-19,46.02072516266165,46.103928553722966,44.76230637337136,44.970310690959096,41.19848533715176,885300,43.259997999999996
5897,2017-12-20,44.93910707927423,45.105509701331314,44.85590784827847,44.991106858650674,41.21753635734452,1372600,43.150002
5898,2017-12-21,45.105509701331314,45.105509701331314,44.616705119087804,44.87670921605199,41.112727665841874,1580500,43.189999
5899,2017-12-22,44.88710729989778,45.27191232338839,44.79350582499067,44.91830675151709,41.150838026358485,1301700,43.330002
5900,2017-12-26,44.98070877480489,45.1679117246191,44.866305932124256,45.063912165866206,41.284227408215834,457300,43.360001000000004
5901,2017-12-27,45.27191232338839,45.31351401891905,45.011908226424204,45.09511161748552,41.312812258636086,622700,43.59
5902,2017-12-28,45.2303147879233,45.3655137982955,44.91830675151709,45.33431434667619,41.53195723177054,622700,43.709998999999996
5903,2017-12-29,45.39671740998037,45.67751767463614,45.24071287176908,45.459115273202606,41.646284153254854,456500,43.450001
5904,2018-01-02,45.29555998333381,45.32659038920066,44.68527499178592,44.94387032718756,41.1742599226319,669700,43.509997999999996
5905,2018-01-03,44.964557954019696,45.099024425284526,44.58183375448123,45.00593010453993,41.23111158992928,696600,42.82
5906,2018-01-04,44.8300873452295,44.912835783795344,44.14739565976915,44.29220904759407,40.57725638751023,759700,42.560001
5907,2018-01-05,44.178426065635996,44.32323841907958,43.70261168287832,44.0232709331577,40.33087399260894,999400,42.889998999999996
5908,2018-01-08,44.07499000023804,44.38530336833866,43.95086527362658,44.364614707125185,40.643590228566126,822000,41.98
5909,2018-01-09,44.25083275954846,44.37496162368529,43.402640059431064,43.423328720644534,39.78124822607689,1002900,41.459998999999996
5910,2018-01-10,43.1957627567284,43.39229831477768,42.57513602052713,42.88544938862776,39.28848964256234,942200,40.950001
5911,2018-01-11,42.91648393202,43.102668435983816,42.275164397079884,42.35791697317109,38.80519461394215,1040700,40.619999
5912,2018-01-12,42.24413399121303,42.44066541173693,41.768319608455336,42.01656906167824,38.49247320607826,861900,40.709998999999996
5913,2018-01-16,42.16138141512182,42.86476176179564,42.0889757555907,42.10966338242283,38.577771394651165,794800,40.959998999999996
5914,2018-01-17,42.347571090992346,42.69926074713858,42.07863297655597,42.368258717824475,38.8146726501753,1209800,40.580002
5915,2018-01-18,42.09932163776945,42.35791697317109,41.77866135310872,41.975196911157994,38.45458174877252,1301400,40.599998
5916,2018-01-19,42.047603605070464,42.10966338242283,41.74763198162321,41.99588040046476,38.473533683713434,960000,41.389998999999996
5917,2018-01-22,42.409635005870086,42.85441898276092,42.21310358534617,42.8130426947153,39.22214856083706,1157800,42.34
5918,2018-01-23,43.00957825276459,43.80604774827629,42.926825676673374,43.79570600362291,40.12238615815739,1052100,42.09
5919,2018-01-24,43.754329715577306,43.9818946451121,43.43367460282329,43.53711066822127,39.88548904015863,818000,42.27
5920,2018-01-25,43.47504675334353,43.78536425896953,43.278515332819616,43.72329930971045,40.05606472967761,788200,42.099998
5921,2018-01-26,43.837082291668516,43.94051939144782,43.22679730012063,43.54745241287465,39.89496397324775,998900,41.450001
5922,2018-01-29,43.34058028207869,43.381952432598936,42.79235506788318,42.87510764397439,39.279011606329206,1301600,40.950001
5923,2018-01-30,42.409635005870086,42.90613804984124,42.337228311957624,42.35791697317109,38.80519461394215,1081600,41.84
5924,2018-01-31,42.35791697317109,43.31989162086522,42.30619894047211,43.278515332819616,39.64858054396511,1100600,40.799999
5925,2018-02-01,43.15522645396822,43.39205916523488,41.99165095770931,42.01224519605528,38.48851952946493,1483800,40.549999
5926,2018-02-02,41.63125281636686,42.13580959641915,40.725105299432514,41.75481721673073,38.25267946048653,1829200,39.669998
5927,2018-02-05,41.61065857802089,42.125514536669996,40.838374640047235,40.84866969979638,37.42253189103221,1860200,39.619999
5928,2018-02-06,40.46767732010796,41.0752073513139,40.004305927611846,40.79718513364339,37.37537623377954,2300000,39.209998999999996
5929,2018-02-07,40.73540447802933,41.47679499906021,40.37500324755111,40.37500324755111,36.98860511081124,1042100,38.209998999999996
5930,2018-02-08,40.37500324755111,40.9619390404111,39.32469709190694,39.345291330252905,36.04525101316915,1321600,39.34
5931,2018-02-09,39.643908815981305,40.78689007389424,39.44826458140656,40.50886682651181,37.11123865160187,1448600,39.27
5932,2018-02-12,40.61183698852971,40.61183698852971,39.35559050884972,40.43678699230093,37.045200137209775,1428800,39.279999
5933,2018-02-13,40.333813741147274,40.601540899068645,40.055795642324426,40.447083081761996,37.05462817952457,838700,38.700001
5934,2018-02-14,40.07638576182272,40.241143787438105,39.51004523702062,39.849852229152866,36.5074876631324,1063900,39.369999
5935,2018-02-15,39.63361375623216,40.58094666072268,39.613018488174276,40.539757154318835,37.50782910741353,1709300,39.689999
5936,2018-02-16,40.6427304054725,41.02372278516092,40.56035139266479,40.869264967854264,37.81269179592034,1491500,39.110001000000004
5937,2018-02-20,40.50886682651181,41.19877175167777,40.2617339069364,40.272034115245134,37.26012675714785,961900,38.0
5938,2018-02-21,40.23084460884129,40.539757154318835,39.09816252952517,39.1290528573322,36.202632182609015,1227700,38.279999
5939,2018-02-22,39.283511704350765,39.90133679530586,39.283511704350765,39.41737116446377,36.46938935190429,1120800,38.880001
5940,2018-02-23,39.62331457763534,40.06609070207357,39.40707507500272,40.035200374266545,37.041009209706374,943000,39.009997999999996
5941,2018-02-26,40.15876477463041,40.28232917499428,39.81895778249817,40.16905983437956,37.16485266199983,740200,38.43
5942,2018-02-27,40.07638576182272,40.31322362164898,39.38648083665675,39.57182898177042,36.61229483121077,1178200,38.66
5943,2018-02-28,39.705692560731116,40.31322362164898,39.643908815981305,39.80866272274901,36.83141340836416,3365200,38.48
5944,2018-03-01,39.544199342739454,40.16063060499933,39.36954118146774,39.533923399344424,36.577217432395386,1380600,38.41
5945,2018-03-02,39.52365053811601,39.89351155572742,39.287352127307116,39.462006179023376,36.51067756537664,1132600,38.759997999999996
5946,2018-03-05,39.39008895870233,39.92433219419044,39.21543079743061,39.82159022585091,36.84337279091499,1305600,38.619999
5947,2018-03-06,39.78049775354833,39.85241497386939,39.235979602054066,39.67775681259768,36.71029613904405,1443000,38.82
5948,2018-03-07,39.657208007974226,40.12980996653631,39.657208007974226,39.883235612332406,36.900408283573896,1116100,39.0
5949,2018-03-08,39.883235612332406,40.2222759914808,39.75994997631374,40.06816560744368,37.071511679384024,1113500,39.990002000000004
5950,2018-03-09,40.098986245906694,41.095554469173,39.99624838712263,41.08528263533344,38.012556726395886,1972600,40.040001000000004
5951,2018-03-12,41.095554469173,41.21884010519167,40.705145674327,41.136651051031045,38.06008065297291,1406100,40.049999
5952,2018-03-13,41.37294946183992,41.547604540945045,40.98254066699391,41.14692288487061,38.069580917777316,864600,40.299999
5953,2018-03-14,41.15719882826563,41.537331679716615,41.10582630301257,41.40377010030294,38.307224180606205,2191300,40.259997999999996
5954,2018-03-15,41.35240168460534,41.66061731573527,41.06473383070999,41.3626735184449,38.26919640927816,864700,40.689999
5955,2018-03-16,41.393498266463375,41.88664389270459,41.23938788242625,41.80445175637738,38.677935876195136,1445700,40.459998999999996
5956,2018-03-19,41.72226270221676,41.72226270221676,41.24966485321013,41.56815231817963,38.45930752641914,817400,40.110001000000004
5957,2018-03-20,41.57842826157465,41.78390295175393,40.992817637777804,41.2085682713521,38.126628739102564,1521200,39.790001000000004
5958,2018-03-21,41.10582630301257,41.21884010519167,40.60240781554293,40.879803835598715,37.82244560925491,903900,39.110001000000004
5959,2018-03-22,40.7565140900246,41.3113051027473,40.170902438838894,40.18117940962277,37.17606698906449,1174400,38.619999
5960,2018-03-23,40.211999020696915,40.427749654271224,39.45173434518381,39.67775681259768,36.71029613904405,1345800,39.099998
5961,2018-03-26,39.79077061477676,40.27364440717841,39.77022181015331,40.170902438838894,37.1665554229826,771000,39.549999
5962,2018-03-27,40.170902438838894,41.07500669193841,39.79077061477676,40.633228454005945,37.594313912507914,1006800,40.580002
5963,2018-03-28,40.828435419901105,41.89691675393301,40.828435419901105,41.69144206375373,38.573383648681244,1302400,40.75
5964,2018-03-29,41.71198573143288,42.164039912760366,41.64006953850068,41.86609611547,38.73497136885403,1451800,40.48
5965,2018-04-02,41.70033347169782,41.874296006410006,41.15797432962012,41.42403678366448,38.325974210121096,1577000,41.150002
5966,2018-04-03,41.42403678366448,42.324560345760865,41.137507908284306,42.109663945056,38.96031968289257,983100,41.240002000000004
5967,2018-04-04,41.884531263720035,42.416659241771974,41.751498501716256,42.20176284106712,39.045528558160974,874600,41.259997999999996
5968,2018-04-05,42.18129539641025,42.263159035111315,41.55706954566827,42.222225169118644,39.064469207786196,516500,41.07
5969,2018-04-06,42.27339429242136,42.49852288047305,41.91522987240267,42.02779621307066,38.88458062077623,880500,41.049999
5970,2018-04-09,42.058493798432224,42.334791509786626,41.85383367835847,42.00732876841379,38.865648157719534,859300,41.220001
5971,2018-04-10,42.171060139100206,42.34502676709666,41.96639490242111,42.18129539641025,39.026599165067495,636100,41.240002000000004
5972,2018-04-11,42.11989510908177,42.49852288047305,42.04826263440646,42.20176284106712,39.045528558160974,577700,40.700001
5973,2018-04-12,42.252927871085554,42.252927871085554,41.6082345756867,41.64916844167937,38.534274283229436,777300,40.869999
5974,2018-04-13,41.73103208038045,42.00732876841379,41.505903492328756,41.82313097639156,38.69522222061418,894600,40.810001
5975,2018-04-16,41.95616373839535,42.18129539641025,41.51613567967559,41.76173375902629,38.6384197148388,1537300,40.98
5976,2018-04-17,41.76173375902629,42.19152758375707,41.475201813682915,41.93569731705954,38.79937890875529,1535300,40.57
5977,2018-04-18,41.95616373839535,42.02779621307066,41.48543707099296,41.51613567967559,38.411187178673785,988100,39.889998999999996
5978,2018-04-19,41.3319368643323,41.36263547301494,40.677012404907686,40.82027633093723,37.767368822787034,949000,39.400002
5979,2018-04-20,40.922611507579454,40.953309092941026,40.21651690153106,40.31885207817328,37.30344212387346,1021300,39.349998
5980,2018-04-23,40.34954966353484,40.5030498701955,40.08348413952727,40.267681931549504,37.25610636128695,955300,39.27
5981,2018-04-24,40.37001710819171,40.5439796429039,39.9811540794904,40.185818292848424,37.180360135923145,1404000,39.349998
5982,2018-04-25,40.06302181147574,40.57468234487081,39.83788913013978,40.267681931549504,37.25610636128695,1094800,40.209998999999996
5983,2018-04-26,40.41095097418439,41.44450320500028,40.298384633516406,41.147739072310074,38.070339397747325,1185500,40.93
5984,2018-04-27,41.16820651696694,42.01756402572382,41.08634287826587,41.884531263720035,38.75202779635276,759100,40.599998
5985,2018-04-30,41.92546512971271,42.0789612430891,41.49566823501873,41.54683326503716,38.43958638491934,991700,41.080002
5986,2018-05-01,41.405334620049445,41.97601894212364,41.27285283876815,41.863922892896326,38.732960200216226,842700,40.700001
5987,2018-05-02,41.71105843680939,41.80277588756221,41.20151704373818,41.47667041507942,38.374677188761,629200,40.66
5988,2018-05-03,41.374759079216815,41.88430047228803,41.2626640490723,41.43590608455093,38.33695991576308,566500,41.060001
5989,2018-05-04,41.395141754022454,41.94544747762214,41.33399882501948,41.84354021809069,38.714109206838174,552900,41.209998999999996
5990,2018-05-07,41.93525868792629,42.04735371807081,41.59895933033372,41.99640059784648,38.85553242048508,633500,40.990002000000004
5991,2018-05-08,41.93525868792629,41.97601894212364,41.4155234097453,41.77220544214351,38.64810729111086,897900,41.220001
5992,2018-05-09,41.72124824558803,42.11869358943193,41.649912450558055,42.00659346387348,38.86496301258805,1929500,41.080002
5993,2018-05-10,42.1900293844619,42.363271419940546,41.649912450558055,41.863922892896326,38.732960200216226,1283500,40.869999
5994,2018-05-11,41.94544747762214,42.098310914626296,41.57857665552809,41.649912450558055,38.53495852936547,432700,40.619999
5995,2018-05-14,41.72124824558803,41.78239423183936,41.19132417771118,41.395141754022454,38.299236528268445,1192900,39.73
5996,2018-05-15,41.05884647276103,41.21170685251682,40.39644062360288,40.48815909343848,37.46009013242683,907300,39.310001
5997,2018-05-16,40.56968673541267,40.610446989610004,39.94804623586578,40.06014534234145,37.064090867056464,984900,38.66
5998,2018-05-17,39.74422865955451,39.99899935609012,39.27545159701179,39.39774051226609,36.80702621516925,838900,38.799999
5999,2018-05-18,39.40792930196194,39.59136420346758,39.346787392041755,39.54041108324324,36.940316129099955,1412100,39.110001000000004
6000,2018-05-21,39.662699998497544,40.04995247631445,39.3569761817376,39.856328785112964,37.23546288562253,984900,39.209998999999996
6001,2018-05-22,39.86651757480882,40.08052801714709,39.58117541377173,39.95823502556163,37.33066356133838,909100,39.810001
6002,2018-05-23,40.06014534234145,40.66140520524827,39.95823502556163,40.56968673541267,37.9019114361933,905600,39.509997999999996
6003,2018-05-24,40.610446989610004,40.66140520524827,39.91747069503315,40.26395884232157,37.61628495105888,744200,39.669998
6004,2018-05-25,40.376058967880034,40.783693101419786,40.376058967880034,40.42701208810436,37.76861235051752,476900,39.790001000000004
6005,2018-05-29,40.39644062360288,40.69197565066697,40.09071680684294,40.549305079689816,37.882869874334226,601300,40.82
6006,2018-05-30,40.48815909343848,41.63972366086221,40.406634508712656,41.59895933033372,38.863497571541565,938100,40.830002
6007,2018-05-31,41.38495296432661,41.68048799139069,41.18113538801533,41.60915219636072,38.87301784292972,1023900,41.049999
6008,2018-06-01,41.55311049291834,41.78712654123791,41.29874522300577,41.76677630218383,39.02028256221899,1011100,41.639998999999996
6009,2018-06-04,41.888870614280776,42.37725600235724,41.69555504406938,42.3670783391775,39.58110812678331,1040700,41.310001
6010,2018-06-05,42.50952289032855,42.50952289032855,41.98044211144931,42.03131821781506,39.26742487592713,937000,41.59
6011,2018-06-06,41.92957007492787,42.33655654171016,41.878698038406434,42.31620630265607,39.53357743244745,909200,41.419998
6012,2018-06-07,42.35690576330316,42.35690576330316,41.949920313981956,42.14323588419336,39.37198324631631,1859700,41.700001
6013,2018-06-08,42.30603372678173,42.631621272269825,42.28568348772764,42.42812803887868,39.63814394252527,639900,41.450001
6014,2018-06-11,42.41795139316002,42.48917265127446,42.102540493390585,42.17376276896611,39.40050369783998,413100,41.630001
6015,2018-06-12,42.09236384767192,42.550222350975645,41.949920313981956,42.35690576330316,39.57160300537722,514500,40.77
6016,2018-06-13,42.45865085380711,42.540048757640214,41.40049031350972,41.48188821734283,38.754130005698656,612000,41.389998999999996
6017,2018-06-14,41.665032229140955,42.42812803887868,41.665032229140955,42.11271306926493,39.34346788209803,1022100,41.259997999999996
6018,2018-06-15,42.2144622296132,42.41795139316002,41.90922085333487,41.98044211144931,39.21989418159126,1248800,40.950001
6019,2018-06-18,41.878698038406434,42.11271306926493,41.43101618082139,41.665032229140955,38.92522219100834,554300,40.75
6020,2018-06-19,41.512411032271245,41.91939749905353,41.40049031350972,41.46153899574981,38.73511569304216,734300,41.450001
6021,2018-06-20,41.45136641987548,42.3670783391775,41.45136641987548,42.17376276896611,39.40050369783998,1759300,42.040001000000004
6022,2018-06-21,42.32637887853041,42.8859865421824,42.13306330831901,42.77406480595979,39.96133638463187,1077100,42.389998999999996
6023,2018-06-22,42.90633169393109,43.21157307020942,42.540048757640214,43.13017414891523,40.294022756072685,867600,42.43
6024,2018-06-25,43.2319233092635,43.43541247281032,42.875808879002655,43.17087360956233,40.33204832900246,740300,42.349998
6025,2018-06-26,43.2319233092635,43.4252388794749,42.97755803935093,43.08947468826814,40.25600125298723,1735300,41.82
6026,2018-06-27,43.24209588513784,43.26244510673085,42.48917265127446,42.550222350975645,39.75221150416487,1047800,42.16
6027,2018-06-28,42.499349296993124,43.01825343015369,42.479000075400116,42.89615911805674,40.07539682404391,925400,42.299999
6028,2018-06-29,42.73336534531269,43.21157307020942,42.499349296993124,43.0386026517467,40.20847055865137,1107400,42.02
6029,2018-07-02,42.995002607961716,43.1883102243161,42.28283095001311,42.75083045641771,39.93962354483227,845000,42.099998
6030,2018-07-03,42.80170007856957,43.10691679408824,42.55752792702555,42.832219817075796,40.015661421239976,625400,42.279999
6031,2018-07-05,42.822047927430305,43.0153514742149,42.55752792702555,43.0153514742149,40.18674918663842,949600,42.34
6032,2018-07-06,43.16796135806291,43.20865807317684,42.872916532189706,43.07639603818958,40.24378115481775,881200,42.099998
6033,2018-07-09,43.147613509202166,43.290047433834914,42.5982205725697,42.832219817075796,40.015661421239976,1153700,42.25
6034,2018-07-10,42.832219817075796,43.066224148544094,42.6694380435823,42.98483071831624,40.15823879820719,993600,42.849998
6035,2018-07-11,42.98483071831624,43.727527201733295,42.98483071831624,43.59526414935359,40.72853101040452,1320200,42.959998999999996
6036,2018-07-12,43.74787505059405,43.8801370855813,43.43248237586011,43.707178335480116,40.83308232742078,1203900,42.66
6037,2018-07-13,43.82926848082189,43.91065784147997,43.330744148948845,43.40196161996143,40.547942834372996,470900,42.48
6038,2018-07-16,43.239178829075506,43.37144086406277,42.86274464254423,43.21883098021476,40.37684286026524,681000,42.029999
6039,2018-07-17,43.300223393050175,43.40196161996143,42.67961400279756,42.761003363455636,39.949124972857796,879500,41.869999
6040,2018-07-18,42.72031071791149,42.92378615434157,42.435437781683774,42.5982205725697,39.79704922004239,603100,42.25
6041,2018-07-19,42.51683121191163,43.26969958497417,42.49648234565845,42.98483071831624,40.15823879820719,723800,41.82
6042,2018-07-20,42.791527171531634,42.8932653984429,42.41508993282303,42.54735196781029,39.74952987120546,656400,41.599998
6043,2018-07-23,42.53717906077237,42.54735196781029,42.03865574629177,42.323523595557255,39.54041909803339,410300,41.490002000000004
6044,2018-07-24,42.28283095001311,42.323523595557255,41.89622080426657,42.211614496392954,39.435863711447354,478100,42.049999
6045,2018-07-25,42.323523595557255,42.8932653984429,42.293003857051026,42.78135121231637,39.96814207240305,674900,42.259997999999996
6046,2018-07-26,42.964482869455495,43.1170927533035,42.67961400279756,42.995002607961716,40.167740226232716,547100,41.889998999999996
6047,2018-07-27,43.17813426510084,43.20865807317684,42.46596260715222,42.618568421430446,39.816063267410314,548600,41.77
6048,2018-07-30,42.618568421430446,42.730482607556965,42.33370057216496,42.49648234565845,39.70200340062142,518500,42.650002
6049,2018-07-31,42.6694380435823,43.758046940239524,42.62874539803815,43.39178973031595,40.53843428460037,881000,42.77
6050,2018-08-01,43.072816131879954,43.51005197936514,42.910123723513365,43.48971441149176,40.62991844232707,535400,42.799999
6051,2018-08-02,43.499881670187115,43.73375099038652,43.33718926182054,43.52021822123294,40.65842011861779,1419700,43.810001
6052,2018-08-03,42.788105434065976,44.58788613431108,41.974640341750415,44.547216082702086,41.617879277236206,1048000,43.34
6053,2018-08-06,44.55738334139745,44.64889782110365,43.99812818763733,44.06930611629771,41.171399450473146,876800,43.41
6054,2018-08-07,44.059139874429896,44.242164766532085,43.69308093877754,44.14048404495808,41.237895905082766,754900,43.119999
6055,2018-08-08,44.21166197361846,44.21166197361846,43.8354367960983,43.84560303796611,40.96240884999565,564800,43.220001
6056,2018-08-09,43.825265470092724,44.018465755510704,43.774425109305724,43.94728782685033,41.05740291358578,446800,42.889998999999996
6057,2018-08-10,43.94728782685033,44.1099802352169,43.58122990802552,43.611732700939136,40.74392311383484,551400,42.75
6058,2018-08-13,43.571058582019944,43.703248197472895,43.27618164233817,43.46937786044594,40.61092308682272,702900,43.299999
6059,2018-08-14,43.540555789106314,44.07947235816551,43.357525812866356,44.02863199737851,41.13340162167158,935100,43.73
6060,2018-08-15,43.8862771568853,44.486205412737064,43.865939589011916,44.46586886169124,41.54188056915042,942000,43.5
6061,2018-08-16,44.09980992603889,44.293009194629306,43.865939589011916,44.231998524664284,41.68563151387292,615600,43.91
6062,2018-08-17,44.20149471492311,44.64889782110365,44.1201464770847,44.64889782110365,42.07852859594045,680300,43.98
6063,2018-08-20,44.831926780516056,45.075967426721036,44.598057460316646,44.72007574976402,42.14560972639266,687100,43.450001
6064,2018-08-21,44.65906406297146,44.66923437214947,44.059139874429896,44.18115816387728,41.63771249864364,564800,43.48
6065,2018-08-22,44.14048404495808,44.26250233440547,44.02863199737851,44.21166197361846,41.66646634816734,526300,43.450001
6066,2018-08-23,44.20149471492311,44.36418712328968,44.17098785469926,44.18115816387728,41.63771249864364,595500,43.73
6067,2018-08-24,44.14048404495808,44.51670922247825,44.14048404495808,44.46586886169124,41.906029902659576,974300,43.880001
6068,2018-08-27,44.51670922247825,44.67940163084483,44.21166197361846,44.61839401136247,42.04977779689942,1031100,44.220001
6069,2018-08-28,44.60822370218445,45.05562985884765,44.455701602995894,44.96411537914146,42.375600866307614,776600,44.18
6070,2018-08-29,45.00478543075044,45.19798571616842,44.82176053864825,44.923441260222255,42.33726951806891,572100,43.810001
6071,2018-08-30,45.05562985884765,45.05562985884765,44.51670922247825,44.547216082702086,41.98270073375743,538000,43.799999
6072,2018-08-31,44.62856025323027,44.831926780516056,44.3336792462383,44.53704577352408,41.97311611724954,705200,43.490002000000004
6073,2018-09-04,44.32284909863768,44.58692045515154,43.92674764992731,44.17050504390368,41.6276785541814,868000,43.720001
6074,2018-09-05,43.997842964042796,44.68848315830755,43.89627924523945,44.40410291749294,41.847829256929394,1571600,43.860001000000004
6075,2018-09-06,44.53613402533681,44.83067277089118,44.39394441275317,44.54629354572392,41.981828689326925,1157200,43.73
6076,2018-09-07,44.333008619024795,44.5056666362963,43.98768750624507,44.41425837529066,41.857390561030584,928000,44.189999
6077,2018-09-10,44.65801475361969,45.013490308549784,44.46503972686866,44.881455138116536,42.297691966526564,898700,44.389998999999996
6078,2018-09-11,44.678328716157175,45.26740214467654,44.678328716157175,45.08458460701792,42.48913336578738,1118000,44.32
6079,2018-09-12,45.10489856955541,45.216619777451186,44.901768085006665,45.013490308549784,42.42213314176494,685400,44.59
6080,2018-09-13,45.25724668687881,45.3283420009943,44.911926589746436,45.287715091566675,42.6805707024588,860800,44.130001
6081,2018-09-14,45.16583842587318,45.26740214467654,44.58692045515154,44.8205183287408,42.240273359552205,1263800,44.470001
6082,2018-09-17,44.92208204754416,45.16583842587318,44.68848315830755,45.16583842587318,42.56571012862117,824400,44.349998
6083,2018-09-18,45.07443016486755,45.19630683056105,44.81035982400105,45.04395769759031,42.45084650784149,823400,44.02
6084,2018-09-19,45.22677523524891,45.26740214467654,44.597074897301916,44.70879610519769,42.134979168052475,1249000,44.459998999999996
6085,2018-09-20,44.69863760045793,45.16583842587318,44.485352673758804,45.15567992113342,42.55614069934122,860100,44.630001
6086,2018-09-21,45.094744127405036,45.60256779965853,44.993176346012305,45.3283420009943,42.71886060734672,1340600,43.580002
6087,2018-09-24,45.11505301170579,45.30802905410416,43.93690209207769,44.2619133049093,41.713821699353105,1186500,43.740002000000004
6088,2018-09-25,44.36347600806531,44.69863760045793,44.221286395481684,44.42441688003042,41.86697624066804,597200,43.299999
6089,2018-09-26,44.43457132218081,44.62754330198978,43.94706059681745,43.97752900150531,41.445810646789916,531900,43.41
6090,2018-09-27,43.957216054615174,44.3837899706028,43.94706059681745,44.08925122504842,41.551097728758236,688700,44.130001
6091,2018-09-28,44.109564171938565,44.85098673342867,44.08925122504842,44.8205183287408,42.240273359552205,1267800,43.849998
6092,2018-10-01,44.74147073329379,44.91382424268344,44.437314916970166,44.45758798355775,41.89823803117623,1007200,44.119999
6093,2018-10-02,44.64008309552168,44.964516033857294,44.52855791059968,44.7313301445756,42.15621574368587,712100,43.610001000000004
6094,2018-10-03,44.69077894211994,45.07604121877929,43.95065993325821,44.21426556098228,41.66892000291833,1059200,43.349998
6095,2018-10-04,43.98107865784448,44.27509388544991,43.64650411693458,43.95065993325821,41.42048673173972,1126000,43.52
6096,2018-10-05,44.02162986030014,44.558976635185964,44.02162986030014,44.12301749807225,41.58292472846551,1752000,44.150002
6097,2018-10-08,44.2852344741681,45.04562654961742,44.18385089182039,44.76174886916187,42.18488556649861,2231400,44.369999
6098,2018-10-09,44.7313301445756,45.025349427605434,44.49814324143781,44.984794169725376,42.39509139340412,1055900,43.48
6099,2018-10-10,44.87326898480337,44.964516033857294,44.052048584886414,44.082463254048285,41.544705395041234,1413500,42.130001
6100,2018-10-11,44.254820818862335,44.254820818862335,42.663066740921764,42.71375853209562,40.254798583083215,1520600,41.849998
6101,2018-10-12,42.967222557245385,43.2815159207189,42.30821507799988,42.429875782359574,39.98725311055223,1750300,42.419998
6102,2018-10-15,42.59209275845542,43.474150607544935,42.48057264281393,43.00777375970105,40.53188545537696,1142200,43.060001
6103,2018-10-16,43.04832901758112,43.76816583515037,42.76445032326947,43.656644705652766,41.143403914870404,996300,42.84
6104,2018-10-17,43.504565276706806,43.91010873080254,43.21054599367697,43.43359534966488,40.933190990972186,641900,42.790001000000004
6105,2018-10-18,43.43359534966488,43.81886168174863,43.33221176731716,43.38290355849102,40.88541504994365,861400,43.23
6106,2018-10-19,43.42345881637108,43.899968142084354,43.42345881637108,43.82899922889851,41.30582974532298,785800,42.470001
6107,2018-10-22,43.869553472922476,44.04190799616822,43.03819248428733,43.05846960629931,40.57965734098107,673100,42.5
6108,2018-10-23,42.997637226407264,43.36262542262293,42.56167910314965,43.08888427546118,40.60832006680111,847700,42.639998999999996
6109,2018-10-24,43.169994791221306,44.00135679371257,43.028051895569135,43.23082311568895,40.74209128228246,2515300,43.279999
6110,2018-10-25,43.25110125155703,44.11287690935406,42.94694543523342,43.879691020072364,41.35360568635151,1199700,42.48
6111,2018-10-26,43.77830642386856,43.82899922889851,42.663066740921764,43.06860715344919,40.58920685159262,1244800,43.360001000000004
6112,2018-10-29,43.46401001882674,44.0723257068984,43.46401001882674,43.9608015358325,41.43004739476838,1101600,43.740002000000004
6113,2018-10-30,44.13315504522214,44.842855329497596,43.98107865784448,44.346067867916254,41.79313765236372,1140100,43.040001000000004
6114,2018-10-31,44.264957352156124,44.38661907037191,43.504565276706806,43.63636758364079,41.1242906996619,1362200,43.0
6115,2018-11-01,43.82370369856133,44.169569141248544,43.41679635610503,43.74232060244884,41.2241413274784,1132500,43.52
6116,2018-11-02,43.40662168888025,44.698547058820495,43.40662168888025,44.27129750275753,41.72266848633143,1885400,43.799999
6117,2018-11-05,44.464576506760885,44.91217539727343,44.32216066624875,44.55613020104508,41.991101883446156,1313900,44.790001000000004
6118,2018-11-06,44.688375443385524,45.61408501892572,44.606992347273035,45.56322287269778,42.940218686825006,1640500,45.369999
6119,2018-11-07,45.766676543925925,46.15323353466938,45.51236072646982,46.15323353466938,43.4962588591641,825300,45.599998
6120,2018-11-08,46.082025105781675,46.42789461752196,45.766676543925925,46.38720306946572,43.71677101816394,925600,45.639998999999996
6121,2018-11-09,46.19392508272563,46.57031147529737,46.04133355772542,46.42789461752196,43.75511065354034,804600,45.849998
6122,2018-11-12,46.54996519263762,47.150150521834014,46.54996519263762,46.641518886921816,43.95643824453456,1066900,46.040001000000004
6123,2018-11-13,46.74324826569406,47.18067147171856,46.54996519263762,46.834801959978265,44.13859449194566,1175000,45.490002000000004
6124,2018-11-14,46.967043133265626,46.967043133265626,46.21427034812211,46.275308178838124,43.611313369507776,1060300,44.650002
6125,2018-11-15,45.84805557098533,45.95995453066602,45.11562398218523,45.42080703218563,43.166594351312106,1592500,45.650002
6126,2018-11-16,45.30890705524168,46.53979459446592,45.30890705524168,46.438070302010026,44.13336372421223,1280300,45.970001
6127,2018-11-19,46.499103046409665,46.987389415925385,46.34651559046255,46.76359353109056,44.44273688162103,992400,45.889998999999996
6128,2018-11-20,46.77376514652553,47.150150521834014,46.51944932906943,46.68221043497806,44.36538926889994,1433200,46.139998999999996
6129,2018-11-21,46.65169457140988,47.46550417000611,46.44824090018172,46.936526252434156,44.60708593549386,841600,46.02
6130,2018-11-23,46.92635565426245,47.19084206989026,46.60083140791865,46.814455677318506,44.491073163150006,306800,46.02
6131,2018-11-26,47.099288375606065,47.19084206989026,46.672039836806356,46.814455677318506,44.491073163150006,814800,46.080002
6132,2018-11-27,46.956872535093915,47.08911777743436,46.73307359846928,46.87549350803451,44.54908768742809,1481700,46.290001000000004
6133,2018-11-28,46.79411041192202,47.20101775437831,46.79411041192202,47.08911777743436,44.75211003902984,1991200,46.150002
6134,2018-11-29,47.129809325490605,47.129809325490605,46.76359353109056,46.94670193692222,44.61675604013681,1229200,47.09
6135,2018-11-30,47.18067147171856,47.98430640309002,47.129809325490605,47.902927376030604,45.52552309591808,2136100,47.110001000000004
6136,2018-12-03,48.12785438218705,48.43401019615656,47.984981192757324,48.076829263627786,45.69079495348939,1743100,46.080002
6137,2018-12-04,47.9645707371245,48.12785438218705,46.91343329255711,47.02569181906039,44.69183173613339,1870100,47.290001000000004
6138,2018-12-06,46.85220090513587,48.34216314580887,46.56645554679919,48.26052336432316,45.86537578574472,2686800,47.080002
6139,2018-12-07,48.25031609546118,48.58709065444827,47.86252050000597,48.04621460070135,45.66170291055315,1572200,47.009997999999996
6140,2018-12-10,48.19929097690191,48.29113802724961,47.20938183766464,47.97477392389534,45.593808550413364,1327500,47.349998
6141,2018-12-11,48.158469045113506,48.63811577300753,48.158469045113506,48.321751669653274,45.92356395370832,1691100,46.240002000000004
6142,2018-12-12,48.53606451536622,48.597293841219106,47.168563987967346,47.188975464122954,44.84700936874137,1963900,46.950001
6143,2018-12-13,47.21958910652662,48.321751669653274,47.21958910652662,47.91354561856524,45.535620382449764,1537100,47.169998
6144,2018-12-14,47.67882537878783,48.34216314580887,47.59718151521098,48.1380575689579,45.74898312145299,1711100,45.130001
6145,2018-12-17,48.25031609546118,48.53606451536622,45.91332198707177,46.05619415597871,43.77044764011496,2131700,45.419998
6146,2018-12-18,46.352142701086244,46.739942378632584,46.02557541096114,46.352142701086244,44.051711882917445,2700300,45.43
6147,2018-12-19,46.505223159377955,47.056306481986844,46.086808818905155,46.36234996994822,44.061408890388606,2133800,45.220001
6148,2018-12-20,46.443989751433925,46.831789428980265,45.780653004935665,46.148041206326404,43.85774009728818,1660500,44.380001
6149,2018-12-21,46.13783393746442,47.188975464122954,45.28059480088603,45.290802069748004,43.04303941181691,4320900,42.220001
6150,2018-12-24,45.24998013795959,45.50511083336983,43.07626559254158,43.08647286140356,40.94811024566438,981300,43.43
6151,2018-12-26,43.19873138790685,44.32130440666632,42.953803879267454,44.32130440666632,42.12165939788961,2878400,43.52
6152,2018-12-27,44.045763255623264,44.43356293316961,43.15790945611843,44.41315145701401,42.208947772971705,2468500,43.48
6153,2018-12-28,44.8519772736424,45.16833627438274,43.9743266609084,44.37233054574836,42.17014953785928,1620700,43.880001
6154,2018-12-31,44.41315145701401,44.790743865698374,43.87227642378988,44.78054067892753,42.55810127330009,1530000,42.349998
6155,2019-01-02,44.277706610686025,44.277706610686025,42.84150774054872,43.1368931049056,40.996029879910374,1388700,42.720001
6156,2019-01-03,43.03503706617086,43.992501961014966,43.03503706617086,43.513771041464054,41.3541985250882,1526800,42.869999
6157,2019-01-04,43.65637234771882,44.00268980576611,43.46283894777365,43.66655611814693,41.499402305182116,1742500,42.900002
6158,2019-01-07,43.82952903958095,44.24714715075562,43.605443309770685,43.697116596658084,41.52844713552393,1175600,44.080002
6159,2019-01-08,43.72767198226544,44.97034254536136,43.72767198226544,44.89904189223398,42.67072536043574,1152400,44.16
6160,2019-01-09,45.01108271997759,45.06201481366801,44.37956366800152,44.98052631578947,42.748169074120426,922300,45.200001
6161,2019-01-10,44.92959829642211,46.07040772787948,44.80736962392735,46.03985132369136,43.754909850340866,1269100,45.419998
6162,2019-01-11,45.97873444099208,46.28430866868087,45.8972500174366,46.26393603492086,43.96788286407084,992800,45.220001
6163,2019-01-14,46.18245161136537,46.426913030677916,45.958362825812834,46.060222938870616,43.77428020063405,757400,45.880001
6164,2019-01-15,46.131523591998,46.793599048162186,46.131523591998,46.73248623978594,44.41316970298198,720400,46.240002000000004
6165,2019-01-16,46.74267001021405,47.272333023455374,46.406540396917904,47.09917633159325,44.76166692385345,730900,46.790001000000004
6166,2019-01-17,46.976943584775455,47.65939473044193,46.976943584775455,47.65939473044193,45.294080105143976,832800,46.990002000000004
6167,2019-01-18,47.65939473044193,47.94459632437071,47.272333023455374,47.86311190081522,45.4876868429038,916900,47.07
6168,2019-01-22,47.75106699874857,48.087196612044714,47.37418906219012,47.94459632437071,45.56512648226545,1144000,47.389998999999996
6169,2019-01-23,47.91403992018259,48.27054114865799,47.77143963250858,48.27054114865799,45.8748962441004,1607900,47.509997999999996
6170,2019-01-24,48.25016953347873,48.59648699152602,47.75106699874857,48.39276982115274,45.99105621243326,984700,48.040001000000004
6171,2019-01-25,48.484442089459385,48.95299229432446,48.372402280296534,48.93262067914522,46.5041112663997,896500,48.700001
6172,2019-01-28,48.89187643020595,49.68636840361603,48.7900203914712,49.60488398006055,47.143017066039754,1483900,49.240002000000004
6173,2019-01-29,49.56413973112127,50.226218243027745,49.56413973112127,50.154918608481125,47.665751692958615,2028100,49.349998
6174,2019-01-30,50.053057476842575,50.63364850945127,50.01231322790331,50.26695841764398,47.77223616266209,1437300,49.52
6175,2019-01-31,50.073430110602594,50.53179247071653,49.57432350154939,50.44011918382914,47.93679399575706,1654900,49.07
6176,2019-02-01,50.359663744888756,50.63351887529671,49.08165115996376,49.771371609646486,47.30124085254138,920500,49.41
6177,2019-02-04,49.548225057845684,50.18723185745482,49.29465173601134,50.116231327341204,47.628983356719,1101700,49.349998
6178,2019-02-05,49.80179837968004,50.31909099910199,49.42651189195177,50.05537170151439,47.571150382061596,1915900,49.200001
6179,2019-02-06,50.08580354301437,50.2785182533152,49.83223022118002,49.90323075129364,47.426552731018774,1279400,49.240002000000004
6180,2019-02-07,49.74094382531966,50.20751772320157,49.58879780363247,49.943803497080424,47.465114133216765,2298700,49.25
6181,2019-02-08,49.90323075129364,50.400232433502396,49.88294387125361,49.953944401367224,47.474751948033045,1586000,49.25
6182,2019-02-11,50.004658051440806,50.30894502334874,49.822085259720076,49.953944401367224,47.474751948033045,1722800,48.889998999999996
6183,2019-02-12,49.943803497080424,50.07565858155442,49.23379718165096,49.58879780363247,47.12772975704972,1624700,49.349998
6184,2019-02-13,49.436656853411726,50.177089938874744,49.345370457551354,50.05537170151439,47.571150382061596,1220400,49.419998
6185,2019-02-14,50.12637223162801,50.33937686484873,49.84237112546682,50.12637223162801,47.63862522870843,972400,49.610001000000004
6186,2019-02-15,50.34951776913552,50.379945553462356,50.045230797227596,50.31909099910199,47.8217792104828,998600,49.860001000000004
6187,2019-02-19,50.31909099910199,50.65380575533675,50.16694497741479,50.57266432093633,48.062769209794446,1260100,49.150002
6188,2019-02-20,50.491518829362754,50.491518829362754,49.578656899345674,49.85251710122006,47.378361628350795,2275400,49.580002
6189,2019-02-21,49.578656899345674,50.30894502334874,49.35551136183815,50.28866321477514,48.187141852687766,1125700,49.93
6190,2019-02-22,50.491518829362754,50.805950762730646,50.08580354301437,50.643663836756666,48.527312492515115,1283800,49.209998999999996
6191,2019-02-25,50.430663260709096,50.48137691078268,49.74094382531966,49.913371655580434,47.82753228200858,1179400,49.330002
6192,2019-02-26,50.05537170151439,50.20751772320157,49.74094382531966,50.035089892940796,47.94416992429266,1142700,48.919998
6193,2019-02-27,49.771371609646486,50.024944931480846,49.446797757698526,49.6192255879593,47.54568249190984,1509100,48.93
6194,2019-02-28,49.48737050348531,50.23794550752841,49.436656853411726,49.62937054941926,47.55540652165554,3467100,49.060001
6195,2019-03-01,49.37113715230014,49.54259771209904,48.84666237873817,49.48208352565676,47.41427409646659,1420500,49.560001
6196,2019-03-04,49.613199949689616,50.077160536809316,49.1593314481318,49.986385222732316,47.89750001701797,1180100,49.439999
6197,2019-03-05,49.89561091725872,50.28896624097765,49.84517772174098,49.8653507982274,47.78151970412113,1039400,49.25
6198,2019-03-06,49.8754388493757,49.956125103701,49.51234061887791,49.67371716194208,47.597897404595564,1646900,49.32
6199,2019-03-07,49.72414632304624,50.25870914775651,49.51234061887791,49.74431939953266,47.66554846865485,928600,49.419998
6200,2019-03-08,49.71406230631152,50.22844802012179,49.55268576324734,49.84517772174098,47.7621938544858,956600,49.830002
6201,2019-03-11,49.97629717158402,50.32931138534709,49.73423437419454,50.25870914775651,48.15843781832559,1416800,50.290001000000004
6202,2019-03-12,50.54111708951543,50.76301084483207,50.339395402081806,50.722665700462635,48.60301103100291,1540300,50.32
6203,2019-03-13,50.863869167040384,51.09584794769514,50.722665700462635,50.752922793683766,48.632006361377954,930200,50.77
6204,2019-03-14,50.90421431140983,51.22696739753818,50.68232055609319,51.20679432105177,49.066910093315556,1108000,50.779999
6205,2019-03-15,51.13619309206458,51.277396558642344,50.90421431140983,51.216879346389874,49.076571505228124,1830200,49.790001000000004
6206,2019-03-18,51.156365159947605,51.3278257197465,49.956125103701,50.21836400338708,48.11978611905493,1238400,49.700001
6207,2019-03-19,50.31922232559539,50.42008569082069,49.91578399374514,50.12758969791348,48.03280517094672,1091800,49.540001000000004
6208,2019-03-20,50.15784679113461,50.50077194514599,49.64346006872095,49.9662131548493,47.87817013296906,1992700,50.290001000000004
6209,2019-03-21,49.905695942596836,50.80335195478793,49.905695942596836,50.722665700462635,48.60301103100291,1546300,49.98
6210,2019-03-22,50.74283776834565,51.196706269903466,50.38982456318597,50.40999763967238,48.303404384166925,1109000,50.029999
6211,2019-03-25,50.54111708951543,50.692404572827904,50.1477617657965,50.460426800776546,48.351733633004464,1332200,50.41
6212,2019-03-26,50.510859996294286,50.85378111589209,50.42008569082069,50.84369709915736,48.71898630088276,879700,50.41
6213,2019-03-27,50.863869167040384,51.00507364222155,50.37974054645125,50.84369709915736,48.71898630088276,987400,50.509997999999996
6214,2019-03-28,51.01516169336984,51.065590854474,50.59154625061959,50.944555421365685,48.815628660903535,1137100,50.290001000000004
6215,2019-03-29,50.91429933674794,51.045418786590986,50.60163026735432,50.722665700462635,48.60301103100291,1549800,50.23
6216,2019-04-01,50.455503726849756,50.505667271901956,49.79333168871993,50.39530526554698,48.2893333154789,809800,50.830002
6217,2019-04-02,50.47556954618702,51.09760894235134,50.11438479811621,50.997281852246935,48.86614937131184,1146000,50.93
6218,2019-04-03,50.9772150296187,51.26816640013618,50.555830816954156,51.09760894235134,48.96228671833863,1154500,50.529999
6219,2019-04-04,51.13774158431685,51.13774158431685,50.48560145256469,50.696291552315024,48.577743349977304,667000,50.77
6220,2019-04-05,50.6561629235134,51.00731275533364,50.52573409453019,50.937082387653206,48.808469170335904,608200,50.650002
6221,2019-04-08,51.00731275533364,51.037410481048575,50.52573409453019,50.81668947821153,48.69310375192919,656100,50.470001
6222,2019-04-09,50.81668947821153,50.87688392635042,50.53576499761689,50.63609610088516,48.52005913583749,827600,50.82
6223,2019-04-10,50.87688392635042,51.197937035746705,50.74645911053109,50.98724693599637,48.85653583726736,1620200,50.709998999999996
6224,2019-04-11,50.96718011336814,51.31833496164322,50.62606118463459,50.87688392635042,48.7507849561961,1365200,51.02
6225,2019-04-12,50.81668947821153,51.24810459396278,50.455503726849756,51.18790512936904,49.04881253790286,1134900,50.889998999999996
6226,2019-04-15,51.25813549704948,51.41866205174762,50.8467862006355,51.05747630038584,48.92382957228779,1155500,49.400002
6227,2019-04-16,51.06751221992737,51.20797195199728,49.47227857932365,49.562575769632325,47.49140096016796,1113700,48.32
6228,2019-04-17,49.662902859736725,49.662902859736725,48.44892179312302,48.47901951883795,46.453129250453934,1290700,48.59
6229,2019-04-18,48.45895269620972,48.920465537675895,48.37869142544258,48.749908079891064,46.712692663073085,1398200,47.849998
6230,2019-04-22,48.65961189287336,48.729842260553795,47.70648447106219,48.007470757830234,46.00128311745347,1424200,48.759997999999996
6231,2019-04-23,48.268329419087614,49.06093028620064,48.147935506354976,48.920465537675895,46.87612775828416,983900,49.220001
6232,2019-04-24,49.14119155696777,49.57260667271901,48.97063309589197,49.38198239230595,47.318355340785295,648300,49.189999
6233,2019-04-25,49.16125737630504,49.60270439843396,49.04086346357241,49.35188165671811,47.289509722197,541500,49.509997999999996
6234,2019-04-26,49.53247403075352,49.823429414434855,49.26158446640944,49.67293376282342,47.59714381491148,547700,48.82
6235,2019-04-29,49.60270439843396,49.79333168871993,48.9505672765547,48.98066500226964,46.9338049493872,717000,49.360001000000004
6236,2019-04-30,48.97063309589197,49.57260667271901,48.719810354176126,49.522443127666826,47.45294080424421,1301800,49.34
6237,2019-05-01,49.607464089510806,49.987905791668624,49.22702238735299,49.39722154538214,47.33295630872499,947300,49.060001
6238,2019-05-02,49.37719835059276,49.83773082958859,48.96672285741062,49.11689781949066,47.06434915526452,1054600,50.049999
6239,2019-05-03,49.11689781949066,50.15810094505881,49.03680403917342,50.108043959245116,48.01407331195821,1996900,49.759997999999996
6240,2019-05-06,49.867767624092124,50.118057558959286,49.70758306693689,49.817706633639474,47.73587304587415,981300,49.080002
6241,2019-05-07,49.69756846606298,49.92783520614076,48.87661848085845,49.13692201543977,47.083537382831175,1037600,49.110001000000004
6242,2019-05-08,49.26706977809147,49.587440894721425,48.996756648434946,49.16695580646409,47.11231371722272,914000,49.41
6243,2019-05-09,49.076850428752174,49.5273733126728,48.93668906638631,49.46730272714493,47.40010409245116,1233300,49.889998999999996
6244,2019-05-10,49.45729313206973,50.08802076445575,49.29710757375475,49.94785840093013,47.860582508821054,745100,49.849998
6245,2019-05-13,49.5273733126728,49.99791638790357,49.427255336406446,49.90781101019166,47.82220805600722,945200,49.740002000000004
6246,2019-05-14,49.87777822032707,50.09803436416992,49.62748828545992,49.79768744348907,47.71668581946723,1002300,50.07
6247,2019-05-15,49.777663247539955,50.228182126821615,49.62748828545992,50.128068155194235,48.03326053836513,640400,50.27
6248,2019-05-16,49.69756846606298,50.36834749382644,49.587440894721425,50.32830010308796,48.60370033355982,886700,50.41
6249,2019-05-17,50.108043959245116,50.52853305214143,49.827720233353645,50.46846246661356,48.73906113497494,796000,49.630001
6250,2019-05-20,50.49849625763788,50.49849625763788,49.44727853119582,49.68755887098777,47.98491853918514,519600,50.330002
6251,2019-05-21,49.777663247539955,50.458452871538356,49.75764005275058,50.38837168977555,48.661719542781505,776200,50.48
6252,2019-05-22,50.38837168977555,50.54855724809054,50.178125141007925,50.53854364837637,48.80674353800197,411900,50.990002000000004
6253,2019-05-23,50.44843827066445,51.05914671290006,50.3383106993229,51.049137117824856,49.299837736364275,973600,51.040001000000004
6254,2019-05-24,51.209322676139834,51.3995410243194,50.94901814039877,51.099194103638546,49.348180736704,1557000,50.279999
6255,2019-05-28,51.509669596820686,51.509669596820686,50.3383106993229,50.3383106993229,48.61336953432361,1673100,49.32
6256,2019-05-29,50.40839087992597,50.43842867558925,49.28709397404058,49.37719835059276,47.6851933387025,1609900,49.59
6257,2019-05-30,49.367187754357815,49.94785840093013,49.207003197202575,49.64751148024929,47.94624173612999,721100,49.950001
6258,2019-05-31,49.497336518169256,50.27824311727427,49.30711716882996,50.007929987617736,48.29431294043157,1032200,50.0
6259,2019-06-03,50.18815350648271,50.25822073455453,49.69768591286118,50.048020051299474,48.3330295530036,794700,49.98
6260,2019-06-04,50.08805946830092,50.178145904393254,49.3673669786018,50.02800084327895,48.31368999709539,1067600,51.150002
6261,2019-06-05,50.29826015155598,51.19912651440017,50.09806707039038,51.19912651440017,49.444692170541465,600100,51.610001000000004
6262,2019-06-06,51.25918113558052,51.75966133609351,51.068999660345995,51.65956729791173,49.889355816212046,686100,51.25
6263,2019-06-07,51.909807398168226,52.04994085335146,51.299220552581964,51.299220552581964,49.54135391550814,642300,51.25
6264,2019-06-10,51.319239760602485,51.419334799744675,50.80874795415842,51.299220552581964,49.54135391550814,571800,51.130001
6265,2019-06-11,51.40932719765522,51.40932719765522,50.6886337069957,51.179106305419246,49.42535261463324,540000,51.349998
6266,2019-06-12,51.22915332451014,51.53945305074901,51.07900826339584,51.39931459076376,49.63801566047482,727500,51.380001
6267,2019-06-13,51.45937421674612,51.60951927786042,51.20913411648962,51.429346405675744,49.66702449385696,571700,51.130001
6268,2019-06-14,51.40932719765522,51.58950006983991,51.068999660345995,51.179106305419246,49.42535261463324,1115200,51.360001000000004
6269,2019-06-17,51.37929938658484,51.81971996111548,51.169094699488184,51.40932719765522,49.64768794082994,1031700,51.049999
6270,2019-06-18,51.69960671491316,51.909807398168226,50.73868172704701,51.09902747141636,49.34801941501037,977100,51.279999
6271,2019-06-19,50.948886414143665,51.40932719765522,50.55850785390193,51.32924836365234,49.570350737365466,918000,51.689999
6272,2019-06-20,51.51943284176809,51.8897871891873,51.35927917760392,51.739642128073,49.966685011993306,1523100,51.169998
6273,2019-06-21,51.619527880910276,51.619527880910276,50.588539668813915,51.21914171857909,49.464016712043666,2883000,51.110001000000004
6274,2019-06-24,51.299220552581964,51.40932719765522,50.76871254099859,51.159087097398725,49.40602006544782,754600,50.610001000000004
6275,2019-06-25,51.27920134456144,51.639547088930804,50.59854727090337,50.658606896885736,48.92269132140641,859300,49.57
6276,2019-06-26,50.658606896885736,50.658606896885736,49.337339167531425,49.617607078858306,47.91736673303194,1619800,49.73
6277,2019-06-27,49.90788659611624,50.518472440742094,49.597586869877375,49.777760743022455,48.072030129396474,822400,50.119999
6278,2019-06-28,49.7677521399726,50.35831877657794,49.74773293195208,50.16813429846219,48.4490278509973,1796200,49.939999
6279,2019-07-01,50.43419983703927,50.43419983703927,49.33497812929365,49.90457379676971,48.19449471153795,862500,50.73
6280,2019-07-02,50.05446839276459,50.94383706654299,49.954541326876395,50.69401440536928,48.95688552167627,931600,51.549999
6281,2019-07-03,50.88387762928001,51.55340435980685,50.88387762928001,51.51343173472841,49.74822478250076,509700,51.09
6282,2019-07-05,51.10372257040352,51.10372257040352,50.24433261596595,51.05375903745943,49.304302904373465,593400,51.369999
6283,2019-07-08,51.03377322456553,51.48345401467821,51.03377322456553,51.333559418683336,49.57451209398959,711900,51.950001
6284,2019-07-09,51.28359588573924,51.94312771123783,51.153687102638266,51.91314999118763,50.13424576209315,815900,52.349998
6285,2019-07-10,52.0930223072327,52.4527679386135,51.64334051782938,52.31286325119363,50.52026374381361,1333500,51.610001000000004
6286,2019-07-11,52.252908810383886,52.39280850135051,51.27360397858293,51.57339117199139,49.80613267607018,946100,51.740002000000004
6287,2019-07-12,51.57339117199139,51.89316317900309,51.443482388890416,51.70329995509236,49.93158862005839,1042300,51.630001
6288,2019-07-15,51.793236113114894,52.15297774733311,51.51343173472841,51.59337698488528,49.82543297558181,873500,51.459998999999996
6289,2019-07-16,51.55340435980685,51.61336379706983,51.09373166253786,51.42349557670587,49.66137243540775,724300,51.0
6290,2019-07-17,51.59337698488528,51.713290862958026,50.71400021826318,50.96382287943689,49.21744656011787,700800,51.029999
6291,2019-07-18,50.98380869233079,51.08373675750963,50.37424139906693,50.99380059948709,49.246399007966616,922900,49.619999
6292,2019-07-19,51.00379550451533,51.09373166253786,49.464886912394626,49.58480079046736,47.88568192502661,1076900,49.450001
6293,2019-07-22,49.63476432341146,49.674736948489894,49.25503687629936,49.41492337945053,47.72162538201513,1664100,49.740002000000004
6294,2019-07-23,49.44490109950073,49.864605168853856,49.20507334335527,49.70471866570268,48.00148971784029,1028100,49.610001000000004
6295,2019-07-24,49.88458698458517,49.88458698458517,49.285014596349555,49.574809882601706,47.87603377385208,668500,49.650002
6296,2019-07-25,49.52484535036696,49.74468729361853,49.25503687629936,49.61478250768015,47.91463437287535,724600,49.84
6297,2019-07-26,49.664746040624244,50.09444101784302,49.464886912394626,49.804645731590874,48.097994213270404,1228700,50.25
6298,2019-07-29,49.98451804763595,50.80393637628571,49.84461835666931,50.214354895915754,48.49366434332798,1055600,50.029999
6299,2019-07-30,50.114427830027566,50.67402759318474,49.83462345164108,49.99450995479224,48.281355052956116,1050100,49.540001000000004
6300,2019-07-31,49.98451804763595,50.454186649223814,49.20507334335527,49.50485953747307,47.808481726270706,1058100,49.560001
6301,2019-08-01,49.577321878050974,49.907102501621466,48.95773128406832,49.52735481407323,47.830204498585125,1396100,50.23
6302,2019-08-02,49.47738475207165,50.566666746786304,48.807828093452564,50.19691247203362,48.47682027879077,2100000,48.790001000000004
6303,2019-08-05,49.99704321678139,49.99704321678139,47.98836824421769,48.7578620288161,47.087080332330316,1639100,50.049999
6304,2019-08-06,49.17758336754652,50.186920058579354,48.95773128406832,50.01703004237249,48.30309878811809,1264100,50.189999
6305,2019-08-07,49.797177958894295,50.63662063635513,49.23754484366109,50.15693782151015,48.438213726479006,783700,50.669998
6306,2019-08-08,50.17692464710124,50.72656135151506,49.72722007196034,50.63662063635513,48.90146337332299,607900,50.799999
6307,2019-08-09,50.466734617513396,50.826498477494376,50.07699251782834,50.76653600203853,49.026921676899576,939300,50.959998999999996
6308,2019-08-12,50.66660387276562,51.246219816224794,50.64661604783324,50.92643060676728,49.18133889207509,749900,50.389998999999996
6309,2019-08-13,50.886455956243815,51.01637132192721,50.08698393194132,50.35680607742109,48.631236494625,1129400,49.380001
6310,2019-08-14,50.226890711737695,50.436755378468035,49.28751190763882,49.34747338375338,47.65648800461884,923700,50.080002
6311,2019-08-15,49.0876426523866,50.16693323298826,49.01768876281776,50.04701327878297,48.71682008180607,1317500,50.66
6312,2019-08-16,50.16693323298826,50.85647671719845,49.01768876281776,50.626629222242144,49.28102718207579,1215100,50.990002000000004
6313,2019-08-19,50.83648989160736,51.04635455833769,50.436755378468035,50.95641384317777,49.6020435826246,975200,50.490002000000004
6314,2019-08-20,51.06633738656366,51.186261338134074,50.36680248824048,50.45674320340041,49.11565418845252,1381800,50.599998
6315,2019-08-21,50.526696093627955,50.89645136772192,50.23688612321581,50.566666746786304,49.222658655960835,861800,50.73
6316,2019-08-22,50.566666746786304,51.03635914685958,50.36680248824048,50.69658311181097,49.349120298182086,1182000,50.360001000000004
6317,2019-08-23,50.72656135151506,51.03635914685958,50.206907883511725,50.32682783771702,48.989192546231266,1418800,50.650002
6318,2019-08-26,50.63662063635513,50.826498477494376,50.04701327878297,50.616637808129155,49.271298594719326,724800,50.389998999999996
6319,2019-08-27,50.906443781176186,51.246219816224794,50.33681925183,50.35680607742109,49.018375310276824,836100,50.580002
6320,2019-08-28,50.51670068214985,50.616637808129155,50.19691247203362,50.546683918560326,49.20320547861303,527700,51.049999
6321,2019-08-29,50.816502066674985,51.10631203708713,50.526696093627955,51.01637132192721,49.66041210873954,1163700,51.0
6322,2019-08-30,51.27620205329399,51.28619446674826,50.72656135151506,50.96640525729075,49.61177216998106,801100,51.310001
6323,2019-09-03,50.74676634509404,51.32593253898792,50.74676634509404,51.23606123403269,49.874264469681684,924800,51.419998
6324,2019-09-04,51.55560010121943,51.655454998656325,51.07629279899828,51.345899723951256,49.98118117608341,1035400,51.07
6325,2019-09-05,51.26601700427249,51.61551164169902,50.82665305900864,50.99640608508368,49.640978129779285,1561300,51.799999
6326,2019-09-06,51.48570097402233,52.044891994481205,51.44575761706503,51.72535312729447,50.35054813537208,1586500,51.5
6327,2019-09-09,51.61551164169902,51.61551164169902,51.11623216171974,51.42578643786585,50.0589459522081,800300,50.779999
6328,2019-09-10,51.15617551867704,51.18613029035788,49.78815074209278,50.70682298813673,49.35909392241363,989300,50.990002000000004
6329,2019-09-11,50.65689603869776,50.936490550368234,50.29741381455372,50.91652336540492,49.5632133536546,1021400,51.110001000000004
6330,2019-09-12,51.24604582507332,51.57557227897756,50.577013319019,51.036349442040986,49.67985502576735,1079400,50.77
6331,2019-09-13,50.74676634509404,51.23606123403269,50.32737357902936,50.69683839709611,49.34937195237947,1270500,51.57
6332,2019-09-16,50.676867217896934,51.57557227897756,50.55704114126087,51.495685565062956,50.12698276694487,869800,52.18
6333,2019-09-17,51.535628922020265,52.21464901479208,51.535628922020265,52.104806530637674,50.71991509466075,1470100,51.869999
6334,2019-09-18,52.294531734470844,52.35444627062732,51.44575761706503,51.795252254491565,50.41859194002158,1590100,51.5
6335,2019-09-19,51.86515138168867,52.02491981672308,51.395830667626065,51.42578643786585,50.0589459522081,1326100,51.119999
6336,2019-09-20,51.51565674426213,51.7153695348128,51.02636085676451,51.04633303452264,49.68957200300671,1946600,51.139998999999996
6337,2019-09-23,50.7267941673359,51.30596036122979,50.7267941673359,51.06630421372181,49.70901794019294,925000,51.310001
6338,2019-09-24,51.12621974843725,51.5256403367438,50.95646272812637,51.23606123403269,49.874264469681684,763700,51.639998999999996
6339,2019-09-25,51.12621974843725,51.705381948095294,51.12621974843725,51.565583693701086,50.19502657159438,865900,52.139998999999996
6340,2019-09-26,51.785268662009905,52.25459237174938,51.55560010121943,52.06486317368037,50.68103420443685,631000,51.82
6341,2019-09-27,52.05487958119871,52.194676837033946,51.30596036122979,51.745325305052596,50.3699870826456,501600,52.139998999999996
6342,2019-09-30,51.655454998656325,52.194676837033946,51.62549922841653,52.06486317368037,50.68103420443685,892900,51.939999
6343,2019-10-01,51.906252233265725,52.155322551048,51.23874577417174,51.74684822616633,50.37147296484112,977200,51.939999
6344,2019-10-02,51.677108537187294,51.83651354056795,51.16900708147398,51.74684822616633,50.37147296484112,1023100,52.73
6345,2019-10-03,51.517703533806625,52.53391142663962,51.507742713657876,52.53391142663962,51.137614258620694,1038400,53.32
6346,2019-10-04,52.53391142663962,53.1416430020284,52.53391142663962,53.121717376605815,51.70980051081813,760300,53.380001
6347,2019-10-07,52.84275961697093,53.44052638708587,52.71324205544286,53.181495249154835,51.767986325895876,1248600,53.290001000000004
6348,2019-10-08,53.171530443881004,53.43056556693712,52.61361492461123,53.09182993475322,51.6807041162948,892800,53.060001
6349,2019-10-09,53.3409002525355,53.60989619574036,52.79294654969574,52.86268524239351,51.457651683908054,1761000,53.310001
6350,2019-10-10,52.70328123529412,53.30104800540906,52.56379787221095,53.111755560175794,51.70010569776876,615100,53.549999
6351,2019-10-11,53.26119575828262,53.72944895199459,52.87264705882353,53.350861072684246,51.932852943204864,1367500,53.75
6352,2019-10-14,53.360825877958085,53.58997057031779,53.131682181879654,53.55011832319135,52.12681495875592,511100,53.599998
6353,2019-10-15,53.48037863421231,53.64974445774172,53.01212544050034,53.400674139959435,51.981338963826914,906900,53.93
6354,2019-10-16,53.29108718526032,53.779263015551045,52.88261186409736,53.72944895199459,52.30138037423935,518400,54.029999
6355,2019-10-17,53.73941076842461,54.02833333333333,53.64974445774172,53.829076082826234,52.398358393171065,711300,54.48
6356,2019-10-18,53.81911426639622,54.40692121264368,53.709523326572004,54.27740365111562,52.834770437457735,679000,54.799999
6357,2019-10-21,54.21762478228533,54.61613928329953,54.02833333333333,54.59621266159567,53.14510507944557,494500,54.849998
6358,2019-10-22,54.70580459770115,54.85524778465179,54.4965865270453,54.64602572887086,53.193592096348894,605800,54.700001
6359,2019-10-23,54.66595235057472,54.675917155848545,53.83904088810007,54.4965865270453,53.048128056795136,877100,54.5
6360,2019-10-24,54.43680765821501,54.54639959432049,53.948632824205546,54.29732927653821,52.85416504496281,756700,54.290001000000004
6361,2019-10-25,54.20766396213657,54.36706896551724,53.928706202501694,54.088111205882356,52.650503234956055,589100,54.029999
6362,2019-10-28,53.958593644354295,54.058219778904665,53.58997057031779,53.829076082826234,52.398358393171065,659600,53.98
6363,2019-10-29,53.62982281744422,54.02833333333333,53.49034045064233,53.779263015551045,52.34986739114266,539900,54.599998
6364,2019-10-30,53.928706202501694,54.40692121264368,53.699562506423256,54.39695541108857,52.951142067613254,717500,54.880001
6365,2019-10-31,54.48662172177146,54.72573022312373,54.187737340432726,54.675917155848545,53.22268948715348,1020400,55.23
6366,2019-11-01,54.61553904384391,55.31331110532333,54.166970934030054,55.05413700195951,53.59085426085893,1522700,54.77
6367,2019-11-04,54.79496588904312,54.914582789026795,54.166970934030054,54.595601730894856,53.14450705666231,1198600,53.630001
6368,2019-11-05,54.25668435662966,54.38627140831157,53.050538227384074,53.45923270811562,52.03834554008819,908000,53.549999
6369,2019-11-06,53.38945560164925,53.947670459748544,53.2299660693991,53.37948544995103,51.960716515512736,699400,52.959998999999996
6370,2019-11-07,53.080441704768134,53.36951928551602,52.243116427171785,52.791364124020255,51.388227255062056,890600,53.169998
6371,2019-11-08,52.8113014369693,53.210028756450036,52.69168453698565,53.00069444660353,51.591994348628354,643900,53.299999
6372,2019-11-11,53.04056807568583,53.439296391982374,52.77142780788701,53.13028149828544,51.718136404882436,690000,52.82
6373,2019-11-12,53.13028149828544,53.53897597901699,52.54216017235467,52.65181090790334,51.252381196930116,718500,53.639998999999996
6374,2019-11-13,52.77142780788701,53.60875308548335,52.77142780788701,53.46919887255063,52.04804555470282,733200,53.82
6375,2019-11-14,53.40939291459831,53.69846650808296,53.289772027351404,53.64862671456565,52.60517986446767,739800,54.220001
6376,2019-11-15,53.79815008238081,54.09719382756369,53.52900981458198,54.04735403404639,52.996150960156776,663900,54.599998
6377,2019-11-18,54.196874411414115,54.81490320199218,54.147034617896814,54.426141050130646,53.367572504245594,475600,54.689999
6378,2019-11-19,54.456048514777926,54.77502957290987,54.09719382756369,54.51585546954606,53.45554050236773,1146300,54.59
6379,2019-11-20,54.625505208278916,54.94448626641085,54.206844563112355,54.41617488569564,53.357799722077075,827300,53.5
6380,2019-11-21,54.21681072754736,54.21681072754736,53.29974217904965,53.32964565643371,52.29240099428479,508300,53.23
6381,2019-11-22,53.37948544995103,53.54894613071523,52.84120391753756,53.06050538863489,52.02849699991837,633000,53.189999
6382,2019-11-25,53.2299660693991,53.42932524346833,52.891047698318104,53.020631759552586,51.98939889353365,647900,53.619999
6383,2019-11-26,53.2000586047518,53.489136185499675,53.13028149828544,53.44926255641738,52.40969431662313,1321700,53.740002000000004
6384,2019-11-27,53.40939291459831,53.6286894016166,53.190092440316796,53.56888344366429,52.52698763896147,1092000,53.77
6385,2019-11-29,53.63865955331484,53.838019724199874,53.49910234993469,53.59878592423254,52.55630598546703,500000,52.349998
6386,2019-12-02,53.53784328375633,53.72740875427864,52.20089378692008,52.23082349662612,51.21495339641365,811000,52.900002
6387,2019-12-03,52.380484017838384,52.899300240491264,52.10112243413342,52.77957541532607,51.7530286758855,2097700,52.810001
6388,2019-12-04,52.69975553947092,53.25848170005137,52.32061960980877,52.689779302143414,51.66498057428379,1475500,52.689999
6389,2019-12-05,52.61993965450981,52.77957541532607,52.27073343455369,52.5700504860842,51.547583438055995,2104400,52.610001000000004
6390,2019-12-06,52.59000495618623,52.96914088584838,52.47027913329754,52.49023460112308,51.469317017698295,918500,52.650002
6391,2019-12-09,52.510189071225106,52.59998418668427,52.04125802610381,52.530144539050646,51.50845072673889,1000100,52.119999
6392,2019-12-10,52.47027913329754,52.61993965450981,51.9714173807467,52.001348088176236,50.98993781203157,878200,51.529999
6393,2019-12-11,52.180938319094544,52.330598840306806,51.03355928139813,51.412691220166245,50.412729821242614,1286000,51.0
6394,2019-12-12,51.48253086779986,51.672101326939696,50.674377821838014,50.88389876018586,49.894224888323336,1378000,51.150002
6395,2019-12-13,50.96371863604101,51.11337516635924,50.414967715064556,51.03355928139813,50.04097704551823,1602700,51.369999
6396,2019-12-16,51.13332963646128,51.42267045066428,50.45487765299214,51.25305545934997,50.25619997369773,1529400,50.459998999999996
6397,2019-12-17,51.27300992945201,51.55237151315698,50.225401246818755,50.345127069707445,49.36593528098952,1349500,50.450001
6398,2019-12-18,50.35510630020548,50.624492644306436,50.00590107797287,50.33515183010344,49.35614960885149,933100,50.709998999999996
6399,2019-12-19,50.25533195424829,50.63446788391044,50.1256308917556,50.594557945982864,49.61051323013613,1226600,50.709998999999996
6400,2019-12-20,50.804078884330714,50.86394429008382,50.39501224723902,50.594557945982864,49.61051323013613,2903000,50.470001
6401,2019-12-23,50.7841284051227,50.85396805275632,50.3151963622779,50.35510630020548,49.37571696223353,985300,50.759997999999996
6402,2019-12-24,50.444901415664624,50.76417293729716,50.3151963622779,50.64444312351444,49.65942862042075,261600,50.830002
6403,2019-12-26,50.64444312351444,50.933783937717436,50.444901415664624,50.71428775976558,49.72790936864041,824900,51.25
6404,2019-12-27,50.85396805275632,51.13332963646128,50.7841284051227,51.13332963646128,50.13880283746994,768300,51.139998999999996
6405,2019-12-30,51.083444458929705,51.34285057480913,50.84398882225828,51.02357905317659,50.03118838020968,1143100,51.650002
6406,2019-12-31,50.9038532302879,51.55237151315698,50.9038532302879,51.532421033948964,50.53013394153495,1400700,50.580002
6407,2020-01-02,51.37301151529048,51.46245959278756,50.041228034244156,50.26982154109571,49.292089452663284,880500,51.380001
6408,2020-01-03,50.10086207364394,51.29350410080591,49.98159896418203,51.064914569424474,50.07172187773044,1101600,51.700001
6409,2020-01-06,50.985403179469785,51.53202932586221,50.64748822003636,51.38295217830299,50.38357166738122,2153200,51.029999
6410,2020-01-07,51.14442198390904,51.392888865845386,50.57791749309418,50.71705894697853,49.73062952381082,1583500,51.259997999999996
6411,2020-01-08,50.75681464195588,51.23387006140612,50.6872439150137,50.94564748449244,49.954771498005584,1267100,51.029999
6412,2020-01-09,50.8959551019727,51.19411436642878,50.61767318807153,50.71705894697853,49.73062952381082,931300,51.52
6413,2020-01-10,50.8959551019727,51.263689068841074,50.63755153249396,51.2040550294413,50.208152060999105,754500,51.900002
6414,2020-01-13,51.323318138903204,51.72086713773642,51.13448529636665,51.58172667771959,50.578479028247365,1173700,51.349998
6415,2020-01-14,51.4028295288579,51.4028295288579,50.64748822003636,51.03509556198953,50.0424793134616,1004500,52.139998999999996
6416,2020-01-15,51.23387006140612,51.989211370227665,51.22393337386373,51.82025190277589,50.812364879684154,1003400,52.630001
6417,2020-01-16,51.91964163715302,52.31718566664858,51.63141906023933,52.30724897910618,51.28989039847503,548700,52.75
6418,2020-01-17,52.27742997167123,52.57559420546496,52.10847447968958,52.426512088568096,51.40683382112718,726000,53.299999
6419,2020-01-21,52.53583851048762,52.99301657938295,52.40663473801319,52.973138234960516,51.94282856657531,982800,53.0
6420,2020-01-22,53.17191273437712,53.291175843839035,52.565652548584914,52.67497897050444,51.650470506878676,1034600,53.810001
6421,2020-01-23,52.80418274297887,53.50982769381055,52.47620447108783,53.48001266184571,52.43984581532033,792100,54.02
6422,2020-01-24,53.569461733210325,53.79805027072423,53.35080888937129,53.68872384880471,52.644497053428495,877300,53.580002
6423,2020-01-27,53.48001266184571,53.807986958266625,53.17191273437712,53.251424124331805,52.21570085952297,1390700,53.259997999999996
6424,2020-01-28,52.92344585244078,53.38062392133612,52.83399777494369,52.93338253998317,51.90384709440208,1017500,53.049999
6425,2020-01-29,53.16197604683473,53.30111650685155,52.68491565804683,52.72467135302418,51.699195856293926,678400,53.169998
6426,2020-01-30,52.63522327552709,53.10234200743494,52.436448776110495,52.84393446248609,51.81613828507856,1844500,52.709998999999996
6427,2020-01-31,52.714734665481785,53.28123915629664,52.10847447968958,52.38675639359075,51.36785533055654,1464600,52.77
6428,2020-02-03,52.39225135647021,52.60039210910862,51.995788909806784,52.30304676083781,51.28577381108947,1216700,53.220001
6429,2020-02-04,52.44180792336418,53.07614367519078,52.293133266926446,52.7490657743952,51.72311529623316,861500,53.349998
6430,2020-02-05,52.71932925726579,53.22481833162851,52.50127798416952,52.87791245185907,51.849455352411105,639800,53.490002000000004
6431,2020-02-06,53.056320651972726,53.2049943172593,52.85809339324566,53.016677578990105,51.98552355723332,896400,53.369999
6432,2020-02-07,53.11579071277805,53.24464135484657,52.709418736807926,52.89773646622829,51.868892817827565,423300,53.939999
6433,2020-02-10,53.24464135484657,53.46269262794285,52.94729303312226,53.46269262794285,52.42286107777237,378100,54.130001
6434,2020-02-11,53.452782107484985,53.75012745575581,53.393312046679654,53.651013330816696,52.60751848595552,531300,54.09
6435,2020-02-12,53.541985711966234,53.978091231612275,53.234727860935216,53.61136629322943,52.56864652857607,558000,54.130001
6436,2020-02-13,53.19508082334794,53.819507045867844,52.98694007070954,53.651013330816696,53.00933116658549,857800,54.799999
6437,2020-02-14,53.87897809782432,54.32499612023056,53.71048041816854,54.31508262631921,53.66545638553337,922500,54.869999
6438,2020-02-18,54.483580305975,54.503404320344224,53.888887627131034,54.3844632075824,53.734008364426046,898200,54.27
6439,2020-02-19,54.41420071586297,54.463757282756944,53.78977350219192,53.78977350219192,53.1464311597662,1128600,55.16
6440,2020-02-20,53.83933106023705,54.69172105861342,53.57171925564215,54.67189803539535,54.01800290655951,606200,55.490002000000004
6441,2020-02-21,54.60251745413217,55.18729663906478,54.60251745413217,54.99897990079559,54.341174680629976,966800,54.810001
6442,2020-02-24,54.49349082643286,55.08818350527683,54.196145478162045,54.32499612023056,53.67525292360773,1236100,53.59
6443,2020-02-25,54.453843788845596,54.453843788845596,53.016677578990105,53.11579071277805,52.480509402743955,2564300,52.860001000000004
6444,2020-02-26,53.22481833162851,53.53207221805488,52.382336871407695,52.39225135647021,51.765623787221955,1208000,49.529999
6445,2020-02-27,51.9164987992369,52.00570240371814,48.99260188342264,49.09171600836175,48.50456202524761,2362600,47.84
6446,2020-02-28,47.93207113240786,47.951894155625915,45.90021125255724,47.41667153758727,46.84955268403962,2704400,49.490002000000004
6447,2020-03-02,47.62936213079054,49.1888626387463,47.29163569102532,49.159065233628425,48.57110833482363,2417900,49.529999
6448,2020-03-03,49.14913011642098,50.66889710873835,48.79153642218004,49.198794776014566,48.61036009362881,2484400,51.290001000000004
6449,2020-03-04,49.93384743234605,51.04635706414195,49.67558405060535,50.947027744954774,50.33768481600836,1071200,50.41
6450,2020-03-05,50.053044006008946,50.4205688442051,49.34779272804757,50.072911260484666,49.474021958162055,1042300,49.810001
6451,2020-03-06,48.75180687979389,49.76498222583732,47.86775527811634,49.476924418917925,48.88516313110048,2637000,47.189999
6452,2020-03-09,46.97377551242276,47.82802573573019,46.04005825783856,46.87444221998334,46.31380838346861,1897400,49.16
6453,2020-03-10,47.887621539279,48.88093459741201,46.28838652237181,48.83126993781841,48.247230665714895,2309400,46.009997999999996
6454,2020-03-11,47.45056478701354,47.510165557127635,45.39440774999128,45.70233181807333,45.155718595374154,2005500,43.25
6455,2020-03-12,42.682663101288185,44.997080540111966,40.626506064265925,42.96078976425237,42.44696481228909,2913300,46.049999
6456,2020-03-13,45.16594574662069,45.851330763419405,41.63968141030936,45.742065333711714,45.194975320744625,2070700,35.509997999999996
6457,2020-03-16,41.35162360338996,41.58008560676056,35.20301378692056,35.27254470767681,34.850675712070206,2384100,37.349998
6458,2020-03-17,36.285725020285525,37.716097810623175,34.517628770121846,37.10024073464154,36.65650792531236,2025500,31.200001
6459,2020-03-18,31.170162770900564,36.981045154291685,29.799391743990082,30.991368407062744,30.620701719663714,2299400,31.190001000000002
6460,2020-03-19,30.603974327764753,34.050770639486274,28.85574334545067,30.981435276481413,30.610885800023247,1553900,28.309998999999998
6461,2020-03-20,31.358893245258898,31.627087770954805,27.643902407841463,28.12069168243225,27.784359854200652,1908500,25.290001
6462,2020-03-23,28.051160761675995,28.051160761675995,24.614298573848867,25.120888233496697,24.8204338796118,1832000,26.33
6463,2020-03-24,26.39232795459388,26.888984483660384,24.365970309315617,26.15393282064196,25.841123638940008,2213200,30.51
6464,2020-03-25,26.143999690060635,31.388692637002887,25.965202346283633,30.305981403637915,29.943511535594602,1820600,33.009997999999996
6465,2020-03-26,30.445045231776533,33.146855756585246,30.216583228405945,32.7892620623443,32.39709312717587,1914900,34.98
6466,2020-03-27,31.686686554442787,35.40167639854715,31.348959121364505,34.746090773492426,34.330514416109104,1962800,34.779999
6467,2020-03-30,34.765957034655095,35.0937523304651,32.60053456792515,34.54742716855277,34.134226816004485,1658400,35.150002
6468,2020-03-31,34.219635845995,35.0937523304651,33.444848680712084,34.91495598000117,34.497360217170645,3086600,32.32
6469,2020-04-01,33.290001000000004,33.32,30.43,32.32,31.933441,2222200,31.219998999999998
6470,2020-04-02,32.369999,33.66,30.4,31.219998999999998,30.846597999999997,2135200,30.639999
6471,2020-04-03,31.16,31.860001,29.959999,30.639999,30.273535,1678700,35.52
6472,2020-04-06,32.240002000000004,35.93,31.969998999999998,35.52,35.095169,3599800,34.459998999999996
6473,2020-04-07,37.200001,37.52,34.32,34.459998999999996,34.047847999999995,2879400,36.540001000000004
6474,2020-04-08,34.849998,36.869999,33.990002000000004,36.540001000000004,36.10297,2206200,39.970001
6475,2020-04-09,37.41,41.16,37.119999,39.970001,39.491946999999996,1917900,38.349998
6476,2020-04-13,39.959998999999996,40.279999,38.25,38.349998,37.891319,1264800,39.490002000000004
6477,2020-04-14,39.380001,39.91,38.220001,39.490002000000004,39.017689000000004,1379500,37.48
6478,2020-04-15,38.02,38.709998999999996,36.459998999999996,37.48,37.031727000000004,1278700,36.150002
6479,2020-04-16,37.48,37.900002,35.98,36.150002,35.717636,1778200,39.150002
6480,2020-04-17,37.360001000000004,39.459998999999996,37.240002000000004,39.150002,38.681754999999995,1729700,36.720001
6481,2020-04-20,38.25,38.549999,36.720001,36.720001,36.280819,1811800,35.75
6482,2020-04-21,35.34,36.560001,35.330002,35.75,35.322418,1184500,36.939999
6483,2020-04-22,36.48,37.330002,36.0,36.939999,36.498184,1258000,35.139998999999996
6484,2020-04-23,37.0,37.009997999999996,34.700001,35.139998999999996,34.719715,2648300,35.09
6485,2020-04-24,35.459998999999996,35.73,34.41,35.09,34.670311,1358500,36.57
6486,2020-04-27,35.610001000000004,36.66,35.389998999999996,36.57,36.13261,1263100,37.209998999999996
6487,2020-04-28,37.669998,38.32,36.41,37.209998999999996,36.764953999999996,1841700,38.009997999999996
6488,2020-04-29,38.27,38.790001000000004,37.200001,38.009997999999996,37.555386,1717800,37.669998
6489,2020-04-30,37.34,37.84,36.529999,37.669998,37.219452000000004,940000,36.470001
6490,2020-05-01,36.41,36.650002,35.849998,36.470001,36.033809999999995,1035900,36.41
6491,2020-05-04,36.029999,36.529999,35.299999,36.41,35.974525,1652100,36.59
6492,2020-05-05,36.709998999999996,37.139998999999996,36.459998999999996,36.59,36.15237,874000,36.029999
6493,2020-05-06,36.849998,37.169998,36.009997999999996,36.029999,35.599068,773600,37.139998999999996
6494,2020-05-07,36.509997999999996,37.830002,36.439999,37.139998999999996,36.695793,2304000,37.84
6495,2020-05-08,37.66,38.349998,37.18,37.84,37.387421,1135000,36.93
6496,2020-05-11,37.23,37.869999,36.650002,36.93,36.488304,1002900,35.400002
6497,2020-05-12,37.09,37.09,35.110001000000004,35.400002,34.976603999999995,1273300,34.279999
6498,2020-05-13,35.009997999999996,35.119999,33.939999,34.279999,33.869999,1619100,33.549999
6499,2020-05-14,33.200001,33.599998,31.66,33.549999,33.549999,1639000,33.610001000000004
6500,2020-05-15,33.209998999999996,33.759997999999996,32.049999,33.610001000000004,33.610001000000004,4282900,36.490002000000004
6501,2020-05-18,35.139998999999996,36.990002000000004,34.91,36.490002000000004,36.490002000000004,1520600,35.220001
6502,2020-05-19,36.130001,36.209998999999996,35.189999,35.220001,35.220001,1467200,35.869999
6503,2020-05-20,35.790001000000004,36.099998,35.32,35.869999,35.869999,1254600,35.779999
6504,2020-05-21,35.650002,36.700001,35.5,35.779999,35.779999,662500,35.900002
6505,2020-05-22,35.790001000000004,35.93,35.389998999999996,35.900002,35.900002,697300,
