,Date,Open,High,Low,Close,Adj Close,Volume,Next Close
0,1980-03-17,0.0,5.450417228876406,5.155800340898876,5.155800340898876,1.700476836254682,38000,1.610754
1,1980-03-18,0.0,5.450417228876406,5.155800340898876,5.155800340898876,1.700476836254682,23700,1.610754
2,1980-03-19,0.0,5.450417228876406,5.155800340898876,5.155800340898876,1.700476836254682,3200,1.610754
3,1980-03-20,0.0,5.450417228876406,5.155800340898876,5.155800340898876,1.700476836254682,1900,1.610754
4,1980-03-21,0.0,5.450417228876406,5.155800340898876,5.155800340898876,1.700476836254682,4100,1.610754
5,1980-03-24,5.155800340898876,5.155800340898876,5.155800340898876,5.155800340898876,1.700476836254682,0,1.610754
6,1980-03-25,0.0,5.450417228876406,5.155800340898876,5.155800340898876,1.700476836254682,46600,1.610754
7,1980-03-26,0.0,5.450417228876406,5.155800340898876,5.155800340898876,1.700476836254682,12800,1.564732
8,1980-03-27,0.0,5.3031071844569295,5.008490296479401,5.008490296479401,1.6518909607116106,74800,1.5877430000000001
9,1980-03-28,0.0,5.376762206666668,5.08214531868914,5.08214531868914,1.6761854989138578,3200,1.610754
10,1980-03-31,0.0,5.450417228876406,5.155800340898876,5.155800340898876,1.700476836254682,19500,1.7027970000000001
11,1980-04-01,0.0,5.6812004044444455,5.389857037444445,5.389857037444445,1.7776747141481484,40000,1.7948400000000002
12,1980-04-02,0.0,5.972543771444444,5.6812004044444455,5.6812004044444455,1.873763613814815,50800,1.7948400000000002
13,1980-04-03,0.0,5.972543771444444,5.6812004044444455,5.6812004044444455,1.873763613814815,1900,1.7258069999999999
14,1980-04-07,0.0,5.754033872222223,5.462690505222222,5.462690505222222,1.801696147740741,31300,1.7258069999999999
15,1980-04-08,0.0,5.754033872222223,5.462690505222222,5.462690505222222,1.801696147740741,17200,1.7258069999999999
16,1980-04-09,0.0,5.754033872222223,5.462690505222222,5.462690505222222,1.801696147740741,6400,1.7258069999999999
17,1980-04-10,0.0,5.754033872222223,5.462690505222222,5.462690505222222,1.801696147740741,9600,1.7258069999999999
18,1980-04-11,0.0,5.754033872222223,5.462690505222222,5.462690505222222,1.801696147740741,27100,1.7258069999999999
19,1980-04-14,0.0,5.754033872222223,5.462690505222222,5.462690505222222,1.801696147740741,7400,1.7258069999999999
20,1980-04-15,0.0,5.754033872222223,5.462690505222222,5.462690505222222,1.801696147740741,27100,1.771829
21,1980-04-16,0.0,5.899707138370371,5.608363771370371,5.608363771370371,1.849742180222222,62900,1.748818
22,1980-04-17,0.0,5.826870505296297,5.535527138296297,5.535527138296297,1.8257175813333333,21700,1.771829
23,1980-04-18,0.0,5.899707138370371,5.608363771370371,5.608363771370371,1.849742180222222,74800,1.771829
24,1980-04-21,0.0,5.899707138370371,5.608363771370371,5.608363771370371,1.849742180222222,9600,1.771829
25,1980-04-22,0.0,5.899707138370371,5.608363771370371,5.608363771370371,1.849742180222222,900,1.840861
26,1980-04-23,0.0,6.118213872296297,5.826870505296297,5.826870505296297,1.9218096462962961,45400,1.840861
27,1980-04-24,0.0,6.118213872296297,5.826870505296297,5.826870505296297,1.9218096462962961,73800,1.840861
28,1980-04-25,0.0,6.118213872296297,5.826870505296297,5.826870505296297,1.9218096462962961,7400,1.840861
29,1980-04-28,0.0,6.118213872296297,5.826870505296297,5.826870505296297,1.9218096462962961,1900,1.81785
30,1980-04-29,0.0,6.045380404518518,5.754033872222223,5.754033872222223,1.8977850474074074,12800,1.81785
31,1980-04-30,0.0,6.045380404518518,5.754033872222223,5.754033872222223,1.8977850474074074,7400,1.81785
32,1980-05-01,0.0,5.986256879779951,5.697759702322738,5.697759702322738,1.879224802444988,16200,1.81785
33,1980-05-02,0.0,5.986256879779951,5.697759702322738,5.697759702322738,1.879224802444988,9600,1.81785
34,1980-05-05,0.0,5.986256879779951,5.697759702322738,5.697759702322738,1.879224802444988,7400,1.81785
35,1980-05-06,0.0,5.986256879779951,5.697759702322738,5.697759702322738,1.879224802444988,57500,1.81785
36,1980-05-07,0.0,5.986256879779951,5.697759702322738,5.697759702322738,1.879224802444988,10800,1.81785
37,1980-05-08,0.0,5.986256879779951,5.697759702322738,5.697759702322738,1.879224802444988,12800,1.81785
38,1980-05-09,0.0,5.986256879779951,5.697759702322738,5.697759702322738,1.879224802444988,12800,1.81785
39,1980-05-12,0.0,5.986256879779951,5.697759702322738,5.697759702322738,1.879224802444988,7400,1.81785
40,1980-05-13,0.0,5.986256879779951,5.697759702322738,5.697759702322738,1.879224802444988,900,1.81785
41,1980-05-14,0.0,5.986256879779951,5.697759702322738,5.697759702322738,1.879224802444988,11800,1.7948400000000002
42,1980-05-15,0.0,5.914132585415648,5.625638542298289,5.625638542298289,1.8554382972982886,19500,1.7948400000000002
43,1980-05-16,0.0,5.914132585415648,5.625638542298289,5.625638542298289,1.8554382972982886,33500,1.7948400000000002
44,1980-05-19,0.0,5.914132585415648,5.625638542298289,5.625638542298289,1.8554382972982886,24900,1.7948400000000002
45,1980-05-20,0.0,5.914132585415648,5.625638542298289,5.625638542298289,1.8554382972982886,27100,1.771829
46,1980-05-21,0.0,5.842008291051346,5.553514247933986,5.553514247933986,1.8316517921515894,12800,1.771829
47,1980-05-22,0.0,5.842008291051346,5.553514247933986,5.553514247933986,1.8316517921515894,28100,1.771829
48,1980-05-23,0.0,5.842008291051346,5.553514247933986,5.553514247933986,1.8316517921515894,6400,1.771829
49,1980-05-27,0.0,5.842008291051346,5.553514247933986,5.553514247933986,1.8316517921515894,6400,1.771829
50,1980-05-28,5.553514247933986,5.553514247933986,5.553514247933986,5.553514247933986,1.8316517921515894,0,1.771829
51,1980-05-29,0.0,5.842008291051346,5.553514247933986,5.553514247933986,1.8316517921515894,12800,1.771829
52,1980-05-30,5.553514247933986,5.553514247933986,5.553514247933986,5.553514247933986,1.8316517921515894,0,1.748818
53,1980-06-02,0.0,5.707092030580411,5.421737584062877,5.421737584062877,1.788187715695284,15000,1.7258069999999999
54,1980-06-03,0.0,5.635752643893592,5.350398197376058,5.350398197376058,1.764660072152358,22700,1.7258069999999999
55,1980-06-04,0.0,5.635752643893592,5.350398197376058,5.350398197376058,1.764660072152358,21700,1.7258069999999999
56,1980-06-05,0.0,5.635752643893592,5.350398197376058,5.350398197376058,1.764660072152358,6400,1.7258069999999999
57,1980-06-06,0.0,5.635752643893592,5.350398197376058,5.350398197376058,1.764660072152358,11800,1.7258069999999999
58,1980-06-09,0.0,5.635752643893592,5.350398197376058,5.350398197376058,1.764660072152358,29100,1.7258069999999999
59,1980-06-10,0.0,5.635752643893592,5.350398197376058,5.350398197376058,1.764660072152358,40000,1.7258069999999999
60,1980-06-11,0.0,5.635752643893592,5.350398197376058,5.350398197376058,1.764660072152358,16200,1.748818
61,1980-06-12,0.0,5.707092030580411,5.421737584062877,5.421737584062877,1.788187715695284,24900,1.771829
62,1980-06-13,0.0,5.778431417267232,5.493076970749699,5.493076970749699,1.8117184594679563,53000,1.7948400000000002
63,1980-06-16,0.0,5.849770803954051,5.564416357436518,5.564416357436518,1.8352461030108826,4100,1.7948400000000002
64,1980-06-17,0.0,5.849770803954051,5.564416357436518,5.564416357436518,1.8352461030108826,7400,1.7948400000000002
65,1980-06-18,5.564416357436518,5.564416357436518,5.564416357436518,5.564416357436518,1.8352461030108826,0,1.840861
66,1980-06-19,0.0,5.992446477097945,5.707092030580411,5.707092030580411,1.8823044903264812,56200,1.840861
67,1980-06-20,0.0,5.992446477097945,5.707092030580411,5.707092030580411,1.8823044903264812,30300,1.840861
68,1980-06-23,0.0,5.992446477097945,5.707092030580411,5.707092030580411,1.8823044903264812,5400,1.840861
69,1980-06-24,5.707092030580411,5.707092030580411,5.707092030580411,5.707092030580411,1.8823044903264812,0,1.840861
70,1980-06-25,0.0,5.992446477097945,5.707092030580411,5.707092030580411,1.8823044903264812,19500,1.840861
71,1980-06-26,0.0,5.992446477097945,5.707092030580411,5.707092030580411,1.8823044903264812,11800,1.840861
72,1980-06-27,0.0,5.992446477097945,5.707092030580411,5.707092030580411,1.8823044903264812,11800,1.840861
73,1980-06-30,0.0,5.992446477097945,5.707092030580411,5.707092030580411,1.8823044903264812,15000,1.81785
74,1980-07-01,0.0,5.921110190640871,5.635752643893592,5.635752643893592,1.858773746553809,69300,1.81785
75,1980-07-02,0.0,5.921110190640871,5.635752643893592,5.635752643893592,1.858773746553809,900,1.7948400000000002
76,1980-07-03,0.0,5.849770803954051,5.564416357436518,5.564416357436518,1.8352461030108826,11800,1.840861
77,1980-07-07,0.0,5.849770803954051,5.707092030580411,5.707092030580411,1.8823044903264812,6400,1.840861
78,1980-07-08,0.0,5.849770803954051,5.707092030580411,5.707092030580411,1.8823044903264812,23700,1.840861
79,1980-07-09,0.0,5.849770803954051,5.707092030580411,5.707092030580411,1.8823044903264812,6400,1.81785
80,1980-07-10,0.0,5.849770803954051,5.635752643893592,5.635752643893592,1.858773746553809,109600,1.840861
81,1980-07-11,0.0,5.849770803954051,5.707092030580411,5.707092030580411,1.8823044903264812,42200,1.840861
82,1980-07-14,0.0,5.849770803954051,5.707092030580411,5.707092030580411,1.8823044903264812,23700,1.840861
83,1980-07-15,0.0,5.921110190640871,5.707092030580411,5.707092030580411,1.8823044903264812,68300,1.8638720000000002
84,1980-07-16,0.0,5.921110190640871,5.778431417267232,5.778431417267232,1.9058321338694078,100900,1.886883
85,1980-07-17,0.0,5.992446477097945,5.849770803954051,5.849770803954051,1.9293597774123337,30300,1.9098939999999998
86,1980-07-18,0.0,6.135125250471583,5.921110190640871,5.921110190640871,1.952890521185006,42200,1.9329040000000002
87,1980-07-21,0.0,6.135125250471583,5.992446477097945,5.992446477097945,1.976418164727932,34500,1.955915
88,1980-07-22,0.0,6.206464637158403,6.063785863784764,6.063785863784764,1.9999458082708585,33500,1.9329040000000002
89,1980-07-23,0.0,6.206464637158403,5.992446477097945,5.992446477097945,1.976418164727932,20400,1.9789259999999997
90,1980-07-24,0.0,6.206464637158403,6.135125250471583,6.135125250471583,2.023476552043531,21700,1.9789259999999997
91,1980-07-25,0.0,6.2778009236154775,6.135125250471583,6.135125250471583,2.023476552043531,23700,2.001937
92,1980-07-28,0.0,6.349140310302299,6.206464637158403,6.206464637158403,2.0470041955864566,77000,2.024947
93,1980-07-29,0.0,6.420479696989117,6.2778009236154775,6.2778009236154775,2.070534939359129,1900,2.0479580000000004
94,1980-07-30,0.0,6.5631553701330105,6.349140310302299,6.349140310302299,2.0940625829020556,162900,2.070969
95,1980-07-31,0.0,6.5631553701330105,6.420479696989117,6.420479696989117,2.117590226444982,23700,2.0939799999999997
96,1980-08-01,0.0,6.586707279579832,6.445059282352941,6.445059282352941,2.125698730336134,156300,2.0939799999999997
97,1980-08-04,0.0,6.586707279579832,6.445059282352941,6.445059282352941,2.125698730336134,5400,2.0939799999999997
98,1980-08-05,0.0,6.586707279579832,6.445059282352941,6.445059282352941,2.125698730336134,53000,2.0939799999999997
99,1980-08-06,0.0,6.586707279579832,6.445059282352941,6.445059282352941,2.125698730336134,41200,2.11699
100,1980-08-07,0.0,6.7283583547058825,6.515881742016807,6.515881742016807,2.149056907058824,40000,2.1630119999999997
101,1980-08-08,0.0,6.799180814369749,6.657532817142856,6.657532817142856,2.1957763384033617,27100,2.2320439999999997
102,1980-08-11,0.0,7.0116574270588234,6.870006351932773,6.870006351932773,2.265853946470588,118200,2.255055
103,1980-08-12,0.0,7.08248296462185,6.940831889495799,6.940831889495799,2.289212123193278,90100,2.255055
104,1980-08-13,0.0,7.08248296462185,6.940831889495799,6.940831889495799,2.289212123193278,45400,2.255055
105,1980-08-14,0.0,7.08248296462185,6.940831889495799,6.940831889495799,2.289212123193278,17200,2.255055
106,1980-08-15,0.0,7.08248296462185,6.940831889495799,6.940831889495799,2.289212123193278,18200,2.255055
107,1980-08-18,0.0,7.08248296462185,6.940831889495799,6.940831889495799,2.289212123193278,63900,2.255055
108,1980-08-19,0.0,7.08248296462185,6.940831889495799,6.940831889495799,2.289212123193278,19500,2.255055
109,1980-08-20,0.0,7.0116574270588234,6.940831889495799,6.940831889495799,2.289212123193278,100900,2.255055
110,1980-08-21,0.0,7.0116574270588234,6.940831889495799,6.940831889495799,2.289212123193278,36700,2.255055
111,1980-08-22,0.0,7.08248296462185,6.940831889495799,6.940831889495799,2.289212123193278,937500,2.2320439999999997
112,1980-08-25,0.0,7.0116574270588234,6.870006351932773,6.870006351932773,2.265853946470588,139000,2.24355
113,1980-08-26,0.0,7.0116574270588234,6.905420659663866,6.905420659663866,2.277531495882353,11800,2.2320439999999997
114,1980-08-27,0.0,7.0116574270588234,6.870006351932773,6.870006351932773,2.265853946470588,91100,2.2320439999999997
115,1980-08-28,0.0,7.0116574270588234,6.870006351932773,6.870006351932773,2.265853946470588,6400,2.2320439999999997
116,1980-08-29,0.0,7.0116574270588234,6.870006351932773,6.870006351932773,2.265853946470588,4100,2.2320439999999997
117,1980-09-02,0.0,6.9532269485,6.812756298999999,6.812756298999999,2.24697183025,15000,2.2320439999999997
118,1980-09-03,0.0,6.9532269485,6.812756298999999,6.812756298999999,2.24697183025,55300,2.2320439999999997
119,1980-09-04,0.0,7.023462273250001,6.812756298999999,6.812756298999999,2.24697183025,22700,2.2320439999999997
120,1980-09-05,0.0,6.9532269485,6.812756298999999,6.812756298999999,2.24697183025,19500,2.2320439999999997
121,1980-09-08,0.0,6.9532269485,6.812756298999999,6.812756298999999,2.24697183025,131300,2.2320439999999997
122,1980-09-09,0.0,6.9532269485,6.812756298999999,6.812756298999999,2.24697183025,9600,2.2320439999999997
123,1980-09-10,0.0,6.9532269485,6.812756298999999,6.812756298999999,2.24697183025,15000,2.2320439999999997
124,1980-09-11,0.0,6.9532269485,6.812756298999999,6.812756298999999,2.24697183025,8600,2.2320439999999997
125,1980-09-12,0.0,6.9532269485,6.812756298999999,6.812756298999999,2.24697183025,53000,2.2320439999999997
126,1980-09-15,0.0,6.88299162375,6.812756298999999,6.812756298999999,2.24697183025,48800,2.2320439999999997
127,1980-09-16,0.0,6.9532269485,6.812756298999999,6.812756298999999,2.24697183025,79200,2.255055
128,1980-09-17,0.0,6.9532269485,6.88299162375,6.88299162375,2.2701353555,24900,2.255055
129,1980-09-18,0.0,6.9532269485,6.88299162375,6.88299162375,2.2701353555,5400,2.255055
130,1980-09-19,0.0,7.023462273250001,6.88299162375,6.88299162375,2.2701353555,17200,2.255055
131,1980-09-22,0.0,7.023462273250001,6.88299162375,6.88299162375,2.2701353555,22700,2.2665599999999997
132,1980-09-23,0.0,7.023462273250001,6.918107759999999,6.918107759999999,2.28171864425,66100,2.255055
133,1980-09-24,0.0,7.023462273250001,6.88299162375,6.88299162375,2.2701353555,19500,2.255055
134,1980-09-25,0.0,7.023462273250001,6.88299162375,6.88299162375,2.2701353555,19500,2.255055
135,1980-09-26,0.0,6.9532269485,6.88299162375,6.88299162375,2.2701353555,28100,2.255055
136,1980-09-29,0.0,6.9532269485,6.88299162375,6.88299162375,2.2701353555,78000,2.255055
137,1980-09-30,0.0,7.023462273250001,6.88299162375,6.88299162375,2.2701353555,111800,2.255055
138,1980-10-01,0.0,6.9572031952004725,6.818057740507077,6.818057740507077,2.2487189842216986,96500,2.255055
139,1980-10-02,0.0,6.9572031952004725,6.818057740507077,6.818057740507077,2.2487189842216986,30300,2.3010770000000003
140,1980-10-03,0.0,7.09634562643868,6.9572031952004725,6.9572031952004725,2.29461201053066,54300,2.3010770000000003
141,1980-10-06,0.0,7.09634562643868,6.9572031952004725,6.9572031952004725,2.29461201053066,33500,2.3010770000000003
142,1980-10-07,0.0,7.09634562643868,6.9572031952004725,6.9572031952004725,2.29461201053066,44400,2.3010770000000003
143,1980-10-08,0.0,7.09634562643868,6.9572031952004725,6.9572031952004725,2.29461201053066,45400,2.3010770000000003
144,1980-10-09,0.0,7.09634562643868,6.9572031952004725,6.9572031952004725,2.29461201053066,8600,2.3010770000000003
145,1980-10-10,0.0,7.09634562643868,6.9572031952004725,6.9572031952004725,2.29461201053066,52100,2.3010770000000003
146,1980-10-13,0.0,7.09634562643868,6.9572031952004725,6.9572031952004725,2.29461201053066,900,2.324087
147,1980-10-14,0.0,7.235491081132077,7.0267728990919816,7.0267728990919816,2.3175570119575473,69300,2.370109
148,1980-10-15,0.0,7.305060785023585,7.1659183537853774,7.1659183537853774,2.36345003826651,72500,2.370109
149,1980-10-16,0.0,7.374633512370282,7.1659183537853774,7.1659183537853774,2.36345003826651,10800,2.370109
150,1980-10-17,0.0,7.305060785023585,7.1659183537853774,7.1659183537853774,2.36345003826651,53000,2.370109
151,1980-10-20,0.0,7.305060785023585,7.1659183537853774,7.1659183537853774,2.36345003826651,28100,2.370109
152,1980-10-21,0.0,7.235491081132077,7.1659183537853774,7.1659183537853774,2.36345003826651,9600,2.370109
153,1980-10-22,0.0,7.305060785023585,7.1659183537853774,7.1659183537853774,2.36345003826651,55300,2.370109
154,1980-10-23,0.0,7.305060785023585,7.1659183537853774,7.1659183537853774,2.36345003826651,129100,2.370109
155,1980-10-24,0.0,7.235491081132077,7.1659183537853774,7.1659183537853774,2.36345003826651,20400,2.370109
156,1980-10-27,0.0,7.305060785023585,7.1659183537853774,7.1659183537853774,2.36345003826651,24900,2.39312
157,1980-10-28,0.0,7.374633512370282,7.235491081132077,7.235491081132077,2.3863950396933964,42200,2.39312
158,1980-10-29,0.0,7.374633512370282,7.235491081132077,7.235491081132077,2.3863950396933964,28100,2.39312
159,1980-10-30,0.0,7.444206239716982,7.235491081132077,7.235491081132077,2.3863950396933964,34500,2.39312
160,1980-10-31,0.0,7.374633512370282,7.235491081132077,7.235491081132077,2.3863950396933964,6400,2.39312
161,1980-11-03,0.0,7.383259521964913,7.176253142456141,7.176253142456141,2.3668573025263155,18200,2.41613
162,1980-11-05,0.0,7.383259521964913,7.245253269824562,7.245253269824562,2.389617448842105,58500,2.41613
163,1980-11-06,0.0,7.383259521964913,7.245253269824562,7.245253269824562,2.389617448842105,32500,2.39312
164,1980-11-07,0.0,7.314256395894736,7.176253142456141,7.176253142456141,2.3668573025263155,198700,2.3010770000000003
165,1980-11-10,0.0,7.038246890315789,6.900243636877194,6.900243636877194,2.275825713368421,32500,2.3010770000000003
166,1980-11-11,0.0,7.038246890315789,6.900243636877194,6.900243636877194,2.275825713368421,6400,2.324087
167,1980-11-12,0.0,7.107250016385965,6.969243764245615,6.969243764245615,2.298582860982456,50800,2.347098
168,1980-11-13,0.0,7.176253142456141,7.038246890315789,7.038246890315789,2.3213430072982457,9600,2.347098
169,1980-11-14,0.0,7.176253142456141,7.038246890315789,7.038246890315789,2.3213430072982457,29100,2.347098
170,1980-11-17,0.0,7.245253269824562,7.038246890315789,7.038246890315789,2.3213430072982457,29100,2.347098
171,1980-11-18,0.0,7.245253269824562,7.038246890315789,7.038246890315789,2.3213430072982457,20400,2.347098
172,1980-11-19,0.0,7.245253269824562,7.038246890315789,7.038246890315789,2.3213430072982457,1900,2.347098
173,1980-11-20,0.0,7.245253269824562,7.038246890315789,7.038246890315789,2.3213430072982457,3200,2.347098
174,1980-11-21,0.0,7.245253269824562,7.038246890315789,7.038246890315789,2.3213430072982457,36700,2.347098
175,1980-11-24,0.0,7.176253142456141,7.038246890315789,7.038246890315789,2.3213430072982457,327900,2.347098
176,1980-11-25,0.0,7.176253142456141,7.038246890315789,7.038246890315789,2.3213430072982457,9600,2.370109
177,1980-11-26,0.0,7.245253269824562,7.107250016385965,7.107250016385965,2.3441001549122804,359500,2.370109
178,1980-11-28,0.0,7.245253269824562,7.107250016385965,7.107250016385965,2.3441001549122804,10800,2.347098
179,1980-12-01,0.0,7.178089855967555,6.973002423198146,6.973002423198146,2.2998241845191196,61700,2.347098
180,1980-12-02,0.0,7.178089855967555,6.973002423198146,6.973002423198146,2.2998241845191196,393000,2.370109
181,1980-12-03,0.0,7.178089855967555,7.041365891089224,7.041365891089224,2.3223703736384707,141200,2.370109
182,1980-12-04,0.0,7.178089855967555,7.041365891089224,7.041365891089224,2.3223703736384707,336700,2.370109
183,1980-12-05,0.0,7.178089855967555,7.041365891089224,7.041365891089224,2.3223703736384707,353000,2.347098
184,1980-12-08,0.0,7.109729358980302,6.973002423198146,6.973002423198146,2.2998241845191196,109600,2.324087
185,1980-12-09,0.0,7.109729358980302,6.904638955307069,6.904638955307069,2.2772750244959448,88800,2.324087
186,1980-12-10,0.0,7.109729358980302,6.904638955307069,6.904638955307069,2.2772750244959448,17200,2.255055
187,1980-12-11,0.0,6.836278458319816,6.69955152253766,6.69955152253766,2.2096334862340674,42200,2.255055
188,1980-12-12,0.0,6.836278458319816,6.69955152253766,6.69955152253766,2.2096334862340674,3200,2.255055
189,1980-12-15,0.0,6.836278458319816,6.69955152253766,6.69955152253766,2.2096334862340674,3200,2.255055
190,1980-12-16,0.0,6.836278458319816,6.69955152253766,6.69955152253766,2.2096334862340674,28100,2.278066
191,1980-12-17,0.0,6.836278458319816,6.7679149904287375,6.7679149904287375,2.2321826462572423,23700,2.324087
192,1980-12-18,0.0,7.109729358980302,6.904638955307069,6.904638955307069,2.2772750244959448,85600,2.370109
193,1980-12-19,0.0,7.178089855967555,7.041365891089224,7.041365891089224,2.3223703736384707,18200,2.370109
194,1980-12-22,0.0,7.178089855967555,7.041365891089224,7.041365891089224,2.3223703736384707,11800,2.370109
195,1980-12-23,0.0,7.178089855967555,7.041365891089224,7.041365891089224,2.3223703736384707,49800,2.370109
196,1980-12-24,0.0,7.178089855967555,7.041365891089224,7.041365891089224,2.3223703736384707,14000,2.39312
197,1980-12-26,0.0,7.246453323858633,7.109729358980302,7.109729358980302,2.3449165627578217,38000,2.39312
198,1980-12-29,0.0,7.178089855967555,7.109729358980302,7.109729358980302,2.3449165627578217,4100,2.39312
199,1980-12-30,0.0,7.178089855967555,7.109729358980302,7.109729358980302,2.3449165627578217,7400,2.370109
200,1980-12-31,0.0,7.178089855967555,7.041365891089224,7.041365891089224,2.3223703736384707,18200,2.370109
201,1981-01-02,0.0,7.12033511,6.984711223,6.984711223,2.303684635,5400,2.370109
202,1981-01-05,0.0,7.188148527,6.984711223,6.984711223,2.303684635,60700,2.370109
203,1981-01-06,0.0,7.12033511,6.984711223,6.984711223,2.303684635,8600,2.3010770000000003
204,1981-01-07,0.0,6.916897806,6.781273919000001,6.781273919000001,2.236587339,150800,2.3010770000000003
205,1981-01-08,0.0,6.916897806,6.781273919000001,6.781273919000001,2.236587339,79200,2.3010770000000003
206,1981-01-09,0.0,6.916897806,6.781273919000001,6.781273919000001,2.236587339,99700,2.324087
207,1981-01-12,0.0,6.984711223,6.849084389,6.849084389,2.258952122,16200,2.324087
208,1981-01-13,0.0,6.984711223,6.849084389,6.849084389,2.258952122,31300,2.347098
209,1981-01-14,0.0,7.052524640000001,6.916897806,6.916897806,2.281319852,81400,2.347098
210,1981-01-15,0.0,7.052524640000001,6.916897806,6.916897806,2.281319852,4100,2.439141
211,1981-01-16,0.0,7.323775361000001,7.188148527,7.188148527,2.370781931,219200,2.462152
212,1981-01-19,0.0,7.3915858309999996,7.255961944000001,7.255961944000001,2.393149661,71600,2.462152
213,1981-01-20,0.0,7.3915858309999996,7.255961944000001,7.255961944000001,2.393149661,18200,2.439141
214,1981-01-21,0.0,7.323775361000001,7.188148527,7.188148527,2.370781931,59700,2.39312
215,1981-01-22,0.0,7.255961944000001,7.052524640000001,7.052524640000001,2.3260494179999998,40000,2.39312
216,1981-01-23,0.0,7.188148527,7.052524640000001,7.052524640000001,2.3260494179999998,27100,2.39312
217,1981-01-26,0.0,7.188148527,7.052524640000001,7.052524640000001,2.3260494179999998,22700,2.39312
218,1981-01-27,0.0,7.188148527,7.052524640000001,7.052524640000001,2.3260494179999998,14000,2.347098
219,1981-01-28,0.0,7.052524640000001,6.916897806,6.916897806,2.281319852,30300,2.347098
220,1981-01-29,0.0,7.052524640000001,6.916897806,6.916897806,2.281319852,1900,2.324087
221,1981-01-30,0.0,7.052524640000001,6.849084389,6.849084389,2.258952122,19500,2.324087
222,1981-02-02,0.0,6.846076326757679,6.778957245085325,6.778957245085325,2.2358229193856656,554000,2.324087
223,1981-02-03,0.0,6.913195408430034,6.778957245085325,6.778957245085325,2.2358229193856656,27100,2.347098
224,1981-02-04,0.0,6.913195408430034,6.846076326757679,6.846076326757679,2.2579616282593857,17200,2.358603
225,1981-02-05,0.0,6.98031449010239,6.879634409180887,6.879634409180887,2.269028065870307,86900,2.358603
226,1981-02-06,0.0,7.047430654948806,6.879634409180887,6.879634409180887,2.269028065870307,8600,2.370109
227,1981-02-09,0.0,7.047430654948806,6.913195408430034,6.913195408430034,2.280097420307167,18200,2.370109
228,1981-02-10,0.0,7.11454973662116,6.913195408430034,6.913195408430034,2.280097420307167,61700,2.370109
229,1981-02-11,0.0,7.11454973662116,6.913195408430034,6.913195408430034,2.280097420307167,73800,2.370109
230,1981-02-12,0.0,7.11454973662116,6.913195408430034,6.913195408430034,2.280097420307167,27100,2.370109
231,1981-02-13,0.0,7.047430654948806,6.913195408430034,6.913195408430034,2.280097420307167,32500,2.39312
232,1981-02-17,0.0,7.047430654948806,6.98031449010239,6.98031449010239,2.3022332123549485,104200,2.39312
233,1981-02-18,0.0,7.047430654948806,6.98031449010239,6.98031449010239,2.3022332123549485,5400,2.347098
234,1981-02-19,0.0,6.98031449010239,6.846076326757679,6.846076326757679,2.2579616282593857,39000,2.347098
235,1981-02-20,0.0,6.98031449010239,6.846076326757679,6.846076326757679,2.2579616282593857,3200,2.347098
236,1981-02-23,0.0,6.98031449010239,6.846076326757679,6.846076326757679,2.2579616282593857,8600,2.370109
237,1981-02-24,0.0,6.98031449010239,6.913195408430034,6.913195408430034,2.280097420307167,3200,2.370109
238,1981-02-25,0.0,6.98031449010239,6.913195408430034,6.913195408430034,2.280097420307167,900,2.370109
239,1981-02-26,0.0,7.047430654948806,6.913195408430034,6.913195408430034,2.280097420307167,15000,2.370109
240,1981-02-27,0.0,7.047430654948806,6.913195408430034,6.913195408430034,2.280097420307167,27100,2.370109
241,1981-03-02,0.0,6.932990324067798,6.866326287016949,6.866326287016949,2.2646391327118645,25900,2.370109
242,1981-03-03,0.0,6.932990324067798,6.866326287016949,6.866326287016949,2.2646391327118645,78000,2.347098
243,1981-03-04,0.0,6.932990324067798,6.799662249966102,6.799662249966102,2.2426534138305088,24900,2.347098
244,1981-03-05,0.0,6.932990324067798,6.799662249966102,6.799662249966102,2.2426534138305088,7400,2.347098
245,1981-03-06,0.0,6.932990324067798,6.799662249966102,6.799662249966102,2.2426534138305088,5400,2.347098
246,1981-03-09,0.0,6.899656857016949,6.799662249966102,6.799662249966102,2.2426534138305088,6400,2.347098
247,1981-03-10,6.799662249966102,6.799662249966102,6.799662249966102,6.799662249966102,2.2426534138305088,0,2.347098
248,1981-03-11,0.0,6.999651464067797,6.799662249966102,6.799662249966102,2.2426534138305088,14000,2.347098
249,1981-03-12,0.0,6.932990324067798,6.799662249966102,6.799662249966102,2.2426534138305088,104200,2.358603
250,1981-03-13,0.0,6.932990324067798,6.832992819966102,6.832992819966102,2.2536448247457628,17200,2.370109
251,1981-03-16,0.0,6.999651464067797,6.866326287016949,6.866326287016949,2.2646391327118645,66100,2.39312
252,1981-03-17,0.0,7.066315501118644,6.932990324067798,6.932990324067798,2.2866248515932206,9600,2.41613
253,1981-03-18,0.0,7.19964357522034,6.999651464067797,6.999651464067797,2.308613467525424,43400,2.41613
254,1981-03-19,0.0,7.19964357522034,6.999651464067797,6.999651464067797,2.308613467525424,17200,2.462152
255,1981-03-20,0.0,7.266304715220339,7.132979538169493,7.132979538169493,2.352587802338983,60700,2.485163
256,1981-03-23,0.0,7.266304715220339,7.19964357522034,7.19964357522034,2.374573521220339,12800,2.485163
257,1981-03-24,0.0,7.399632789322034,7.19964357522034,7.19964357522034,2.374573521220339,49800,2.5081729999999998
258,1981-03-25,0.0,7.399632789322034,7.266304715220339,7.266304715220339,2.396559240101695,20400,2.531184
259,1981-03-26,0.0,7.466296826372883,7.332968752271188,7.332968752271188,2.418547856033898,23700,2.531184
260,1981-03-27,0.0,7.466296826372883,7.332968752271188,7.332968752271188,2.418547856033898,29100,2.531184
261,1981-03-30,0.0,7.466296826372883,7.332968752271188,7.332968752271188,2.418547856033898,1900,2.531184
262,1981-03-31,0.0,7.466296826372883,7.332968752271188,7.332968752271188,2.418547856033898,52100,2.554195
263,1981-04-01,0.0,7.482230976700337,7.349803612289563,7.349803612289563,2.424099005387206,12800,2.5772060000000003
264,1981-04-02,0.0,7.548446097676768,7.416018733265995,7.416018733265995,2.445936672289563,43400,2.5772060000000003
265,1981-04-03,0.0,7.482230976700337,7.416018733265995,7.416018733265995,2.445936672289563,10800,2.5772060000000003
266,1981-04-06,0.0,7.482230976700337,7.416018733265995,7.416018733265995,2.445936672289563,19500,2.554195
267,1981-04-07,0.0,7.482230976700337,7.349803612289563,7.349803612289563,2.424099005387206,49800,2.554195
268,1981-04-08,0.0,7.482230976700337,7.349803612289563,7.349803612289563,2.424099005387206,30300,2.554195
269,1981-04-09,0.0,7.416018733265995,7.349803612289563,7.349803612289563,2.424099005387206,80200,2.554195
270,1981-04-10,0.0,7.416018733265995,7.349803612289563,7.349803612289563,2.424099005387206,28100,2.531184
271,1981-04-13,0.0,7.416018733265995,7.283588491313132,7.283588491313132,2.402261338484849,14000,2.5081729999999998
272,1981-04-14,0.0,7.349803612289563,7.2173733703367,7.2173733703367,2.380420794040404,900,2.5081729999999998
273,1981-04-15,0.0,7.349803612289563,7.2173733703367,7.2173733703367,2.380420794040404,900,2.531184
274,1981-04-16,0.0,7.416018733265995,7.283588491313132,7.283588491313132,2.402261338484849,40000,2.531184
275,1981-04-20,0.0,7.416018733265995,7.283588491313132,7.283588491313132,2.402261338484849,6400,2.554195
276,1981-04-21,0.0,7.482230976700337,7.349803612289563,7.349803612289563,2.424099005387206,218200,2.554195
277,1981-04-22,0.0,7.482230976700337,7.349803612289563,7.349803612289563,2.424099005387206,22700,2.5772060000000003
278,1981-04-23,0.0,7.548446097676768,7.416018733265995,7.416018733265995,2.445936672289563,15000,2.5772060000000003
279,1981-04-24,0.0,7.548446097676768,7.416018733265995,7.416018733265995,2.445936672289563,31300,2.5772060000000003
280,1981-04-27,0.0,7.548446097676768,7.416018733265995,7.416018733265995,2.445936672289563,77000,2.5772060000000003
281,1981-04-28,0.0,7.548446097676768,7.416018733265995,7.416018733265995,2.445936672289563,12800,2.5772060000000003
282,1981-04-29,0.0,7.548446097676768,7.416018733265995,7.416018733265995,2.445936672289563,8600,2.554195
283,1981-04-30,0.0,7.482230976700337,7.349803612289563,7.349803612289563,2.424099005387206,24900,2.554195
284,1981-05-01,0.0,7.42390623634744,7.292511156514477,7.292511156514477,2.405202910690423,18200,2.554195
285,1981-05-04,0.0,7.42390623634744,7.292511156514477,7.292511156514477,2.405202910690423,49800,2.554195
286,1981-05-05,0.0,7.42390623634744,7.292511156514477,7.292511156514477,2.405202910690423,38000,2.554195
287,1981-05-06,0.0,7.42390623634744,7.292511156514477,7.292511156514477,2.405202910690423,6400,2.554195
288,1981-05-07,0.0,7.42390623634744,7.292511156514477,7.292511156514477,2.405202910690423,10800,2.5772060000000003
289,1981-05-08,0.0,7.555304171291761,7.358210123986638,7.358210123986638,2.426870350790646,50800,2.623227
290,1981-05-11,0.0,7.555304171291761,7.4896052038195995,7.4896052038195995,2.47020808610245,34500,2.623227
291,1981-05-12,0.0,7.621003138763921,7.4896052038195995,7.4896052038195995,2.47020808610245,72500,2.623227
292,1981-05-13,0.0,7.621003138763921,7.4896052038195995,7.4896052038195995,2.47020808610245,24900,2.623227
293,1981-05-14,0.0,7.621003138763921,7.4896052038195995,7.4896052038195995,2.47020808610245,10800,2.634733
294,1981-05-15,0.0,7.621003138763921,7.52245611511136,7.52245611511136,2.4810432337082404,4100,2.6462380000000003
295,1981-05-18,0.0,7.68670210623608,7.555304171291761,7.555304171291761,2.4918783813140317,11800,2.6462380000000003
296,1981-05-19,0.0,7.68670210623608,7.555304171291761,7.555304171291761,2.4918783813140317,8600,2.6462380000000003
297,1981-05-20,0.0,7.68670210623608,7.555304171291761,7.555304171291761,2.4918783813140317,4100,2.6462380000000003
298,1981-05-21,0.0,7.68670210623608,7.555304171291761,7.555304171291761,2.4918783813140317,17200,2.6462380000000003
299,1981-05-22,0.0,7.68670210623608,7.555304171291761,7.555304171291761,2.4918783813140317,14000,2.6462380000000003
300,1981-05-26,7.555304171291761,7.555304171291761,7.555304171291761,7.555304171291761,2.4918783813140317,0,2.6462380000000003
301,1981-05-27,0.0,7.752398218596883,7.555304171291761,7.555304171291761,2.4918783813140317,28100,2.669249
302,1981-05-28,0.0,7.752398218596883,7.621003138763921,7.621003138763921,2.513545821414254,29100,2.669249
303,1981-05-29,0.0,7.752398218596883,7.621003138763921,7.621003138763921,2.513545821414254,5400,2.669249
304,1981-06-01,0.0,7.749063215331128,7.553709512814571,7.553709512814571,2.491351156324504,110600,2.669249
305,1981-06-02,0.0,7.749063215331128,7.553709512814571,7.553709512814571,2.491351156324504,9600,2.669249
306,1981-06-03,0.0,7.683944371192055,7.553709512814571,7.553709512814571,2.491351156324504,55300,2.669249
307,1981-06-04,0.0,7.749063215331128,7.553709512814571,7.553709512814571,2.491351156324504,17200,2.669249
308,1981-06-05,0.0,7.749063215331128,7.553709512814571,7.553709512814571,2.491351156324504,1900,2.669249
309,1981-06-08,0.0,7.683944371192055,7.553709512814571,7.553709512814571,2.491351156324504,4100,2.669249
310,1981-06-09,0.0,7.683944371192055,7.553709512814571,7.553709512814571,2.491351156324504,62900,2.623227
311,1981-06-10,0.0,7.618828356953642,7.423471824536424,7.423471824536424,2.448396094172186,73800,2.623227
312,1981-06-11,7.423471824536424,7.423471824536424,7.423471824536424,7.423471824536424,2.448396094172186,0,2.623227
313,1981-06-12,0.0,7.553709512814571,7.423471824536424,7.423471824536424,2.448396094172186,42200,2.623227
314,1981-06-15,0.0,7.553709512814571,7.423471824536424,7.423471824536424,2.448396094172186,9600,2.623227
315,1981-06-16,0.0,7.618828356953642,7.423471824536424,7.423471824536424,2.448396094172186,40000,2.669249
316,1981-06-17,0.0,7.618828356953642,7.553709512814571,7.553709512814571,2.491351156324504,14000,2.669249
317,1981-06-18,0.0,7.683944371192055,7.553709512814571,7.553709512814571,2.491351156324504,150800,2.669249
318,1981-06-19,0.0,7.683944371192055,7.553709512814571,7.553709512814571,2.491351156324504,39000,2.6922599999999997
319,1981-06-22,0.0,7.683944371192055,7.618828356953642,7.618828356953642,2.5128301023509936,900,2.6922599999999997
320,1981-06-23,0.0,7.749063215331128,7.618828356953642,7.618828356953642,2.5128301023509936,28100,2.6922599999999997
321,1981-06-24,0.0,7.814182059470198,7.618828356953642,7.618828356953642,2.5128301023509936,40000,2.6922599999999997
322,1981-06-25,0.0,7.814182059470198,7.618828356953642,7.618828356953642,2.5128301023509936,22700,2.6922599999999997
323,1981-06-26,0.0,7.749063215331128,7.618828356953642,7.618828356953642,2.5128301023509936,17200,2.6922599999999997
324,1981-06-29,0.0,7.749063215331128,7.618828356953642,7.618828356953642,2.5128301023509936,29100,2.7152700000000003
325,1981-06-30,0.0,7.814182059470198,7.683944371192055,7.683944371192055,2.5343062184768215,156300,2.7152700000000003
326,1981-07-01,0.0,7.664466455338429,7.600058515611356,7.600058515611356,2.5066391200218345,56200,2.7152700000000003
327,1981-07-02,0.0,7.664466455338429,7.600058515611356,7.600058515611356,2.5066391200218345,54300,2.7152700000000003
328,1981-07-06,0.0,7.664466455338429,7.600058515611356,7.600058515611356,2.5066391200218345,47600,2.7152700000000003
329,1981-07-07,0.0,7.728874395065502,7.600058515611356,7.600058515611356,2.5066391200218345,97700,2.7152700000000003
330,1981-07-08,0.0,7.664466455338429,7.600058515611356,7.600058515611356,2.5066391200218345,29100,2.7152700000000003
331,1981-07-09,0.0,7.664466455338429,7.600058515611356,7.600058515611356,2.5066391200218345,17200,2.7152700000000003
332,1981-07-10,0.0,7.664466455338429,7.600058515611356,7.600058515611356,2.5066391200218345,46600,2.7152700000000003
333,1981-07-13,0.0,7.664466455338429,7.600058515611356,7.600058515611356,2.5066391200218345,1900,2.7152700000000003
334,1981-07-14,0.0,7.664466455338429,7.600058515611356,7.600058515611356,2.5066391200218345,27100,2.7152700000000003
335,1981-07-15,0.0,7.664466455338429,7.600058515611356,7.600058515611356,2.5066391200218345,1900,2.7152700000000003
336,1981-07-16,0.0,7.728874395065502,7.600058515611356,7.600058515611356,2.5066391200218345,31300,2.7152700000000003
337,1981-07-17,0.0,7.664466455338429,7.600058515611356,7.600058515611356,2.5066391200218345,4100,2.7152700000000003
338,1981-07-20,0.0,7.728874395065502,7.600058515611356,7.600058515611356,2.5066391200218345,34500,2.6922599999999997
339,1981-07-21,0.0,7.664466455338429,7.535653374890829,7.535653374890829,2.485397459312227,103200,2.6922599999999997
340,1981-07-22,0.0,7.600058515611356,7.535653374890829,7.535653374890829,2.485397459312227,28100,2.669249
341,1981-07-23,0.0,7.600058515611356,7.471245435163757,7.471245435163757,2.4641529995960703,36700,2.6922599999999997
342,1981-07-24,0.0,7.600058515611356,7.535653374890829,7.535653374890829,2.485397459312227,29100,2.6922599999999997
343,1981-07-27,0.0,7.600058515611356,7.535653374890829,7.535653374890829,2.485397459312227,4100,2.669249
344,1981-07-28,0.0,7.600058515611356,7.471245435163757,7.471245435163757,2.4641529995960703,10800,2.6462380000000003
345,1981-07-29,0.0,7.535653374890829,7.406837495436683,7.406837495436683,2.4429113388864634,40000,2.6462380000000003
346,1981-07-30,0.0,7.600058515611356,7.406837495436683,7.406837495436683,2.4429113388864634,35800,2.669249
347,1981-07-31,0.0,7.600058515611356,7.471245435163757,7.471245435163757,2.4641529995960703,900,2.669249
348,1981-08-03,0.0,7.542419935319611,7.414583768808235,7.414583768808235,2.4454649486782234,12800,2.669249
349,1981-08-04,0.0,7.542419935319611,7.414583768808235,7.414583768808235,2.4454649486782234,21700,2.669249
350,1981-08-05,0.0,7.542419935319611,7.414583768808235,7.414583768808235,2.4454649486782234,22700,2.669249
351,1981-08-06,7.414583768808235,7.414583768808235,7.414583768808235,7.414583768808235,2.4454649486782234,0,2.669249
352,1981-08-07,0.0,7.542419935319611,7.414583768808235,7.414583768808235,2.4454649486782234,5400,2.669249
353,1981-08-10,7.414583768808235,7.414583768808235,7.414583768808235,7.414583768808235,2.4454649486782234,0,2.6922599999999997
354,1981-08-11,0.0,7.542419935319611,7.478503240953412,7.478503240953412,2.4665482911484293,154000,2.6922599999999997
355,1981-08-12,0.0,7.542419935319611,7.478503240953412,7.478503240953412,2.4665482911484293,34500,2.6922599999999997
356,1981-08-13,0.0,7.542419935319611,7.478503240953412,7.478503240953412,2.4665482911484293,14000,2.6922599999999997
357,1981-08-14,0.0,7.542419935319611,7.478503240953412,7.478503240953412,2.4665482911484293,25900,2.6922599999999997
358,1981-08-17,0.0,7.542419935319611,7.478503240953412,7.478503240953412,2.4665482911484293,80200,2.6922599999999997
359,1981-08-18,0.0,7.542419935319611,7.478503240953412,7.478503240953412,2.4665482911484293,27100,2.6922599999999997
360,1981-08-19,0.0,7.542419935319611,7.478503240953412,7.478503240953412,2.4665482911484293,20400,2.6922599999999997
361,1981-08-20,0.0,7.606339407464789,7.478503240953412,7.478503240953412,2.4665482911484293,19500,2.6922599999999997
362,1981-08-21,0.0,7.606339407464789,7.478503240953412,7.478503240953412,2.4665482911484293,21700,2.669249
363,1981-08-24,0.0,7.542419935319611,7.414583768808235,7.414583768808235,2.4454649486782234,41200,2.6462380000000003
364,1981-08-25,0.0,7.478503240953412,7.350664296663057,7.350664296663057,2.4243843839869994,42200,2.6462380000000003
365,1981-08-26,0.0,7.478503240953412,7.350664296663057,7.350664296663057,2.4243843839869994,270300,2.623227
366,1981-08-27,0.0,7.478503240953412,7.286744824517877,7.286744824517877,2.403301041516793,62900,2.623227
367,1981-08-28,0.0,7.414583768808235,7.286744824517877,7.286744824517877,2.403301041516793,58500,2.623227
368,1981-08-31,0.0,7.414583768808235,7.286744824517877,7.286744824517877,2.403301041516793,14000,2.600216
369,1981-09-01,0.0,7.342983710954936,7.1530770388841205,7.1530770388841205,2.359216201834764,130300,2.5081729999999998
370,1981-09-02,0.0,7.026475341791846,6.899870893744635,6.899870893744635,2.2757027118991418,84600,2.439141
371,1981-09-03,0.0,6.836571420675965,6.709966972628755,6.709966972628755,2.2130689699248927,43400,2.41613
372,1981-09-04,0.0,6.773269196652361,6.64666474860515,6.64666474860515,2.192191972918455,87900,2.370109
373,1981-09-08,0.0,6.709966972628755,6.520063051512875,6.520063051512875,2.150435227950644,87900,2.370109
374,1981-09-09,0.0,6.709966972628755,6.520063051512875,6.520063051512875,2.150435227950644,49800,2.370109
375,1981-09-10,0.0,6.709966972628755,6.520063051512875,6.520063051512875,2.150435227950644,28100,2.370109
376,1981-09-11,0.0,6.709966972628755,6.520063051512875,6.520063051512875,2.150435227950644,569100,2.370109
377,1981-09-14,0.0,6.709966972628755,6.520063051512875,6.520063051512875,2.150435227950644,160700,2.39312
378,1981-09-15,0.0,6.773269196652361,6.58336527553648,6.58336527553648,2.1713122249570813,46600,2.41613
379,1981-09-16,0.0,6.836571420675965,6.64666474860515,6.64666474860515,2.192191972918455,61700,2.439141
380,1981-09-17,0.0,6.899870893744635,6.709966972628755,6.709966972628755,2.2130689699248927,5400,2.462152
381,1981-09-18,0.0,6.899870893744635,6.773269196652361,6.773269196652361,2.233948717886266,72500,2.462152
382,1981-09-21,0.0,6.963173117768241,6.773269196652361,6.773269196652361,2.233948717886266,5400,2.462152
383,1981-09-22,0.0,6.899870893744635,6.773269196652361,6.773269196652361,2.233948717886266,9600,2.462152
384,1981-09-23,0.0,6.899870893744635,6.773269196652361,6.773269196652361,2.233948717886266,9600,2.462152
385,1981-09-24,0.0,6.963173117768241,6.773269196652361,6.773269196652361,2.233948717886266,4100,2.462152
386,1981-09-25,0.0,6.963173117768241,6.773269196652361,6.773269196652361,2.233948717886266,11800,2.462152
387,1981-09-28,0.0,6.899870893744635,6.773269196652361,6.773269196652361,2.233948717886266,58500,2.462152
388,1981-09-29,0.0,6.899870893744635,6.773269196652361,6.773269196652361,2.233948717886266,1900,2.462152
389,1981-09-30,0.0,6.963173117768241,6.773269196652361,6.773269196652361,2.233948717886266,900,2.485163
390,1981-10-01,0.0,7.01142935604925,6.821932081445396,6.821932081445396,2.2499973943040685,29100,2.5081729999999998
391,1981-10-02,0.0,7.01142935604925,6.885096009603854,6.885096009603854,2.2708296868201288,36700,2.5772060000000003
392,1981-10-05,0.0,7.137759957430407,7.074596029271949,7.074596029271949,2.333329309432548,15000,2.5772060000000003
393,1981-10-06,0.0,7.200926630653105,7.074596029271949,7.074596029271949,2.333329309432548,25900,2.5772060000000003
394,1981-10-07,0.0,7.200926630653105,7.074596029271949,7.074596029271949,2.333329309432548,21700,2.5772060000000003
395,1981-10-08,0.0,7.200926630653105,7.074596029271949,7.074596029271949,2.333329309432548,4100,2.5772060000000003
396,1981-10-09,7.074596029271949,7.074596029271949,7.074596029271949,7.074596029271949,2.333329309432548,0,2.600216
397,1981-10-12,0.0,7.2640933038758035,7.137759957430407,7.137759957430407,2.354164347012848,72500,2.600216
398,1981-10-13,0.0,7.327259977098501,7.137759957430407,7.137759957430407,2.354164347012848,60700,2.600216
399,1981-10-14,0.0,7.327259977098501,7.137759957430407,7.137759957430407,2.354164347012848,900,2.600216
400,1981-10-15,0.0,7.2640933038758035,7.137759957430407,7.137759957430407,2.354164347012848,85600,2.600216
401,1981-10-16,0.0,7.2640933038758035,7.137759957430407,7.137759957430407,2.354164347012848,27100,2.600216
402,1981-10-19,0.0,7.327259977098501,7.137759957430407,7.137759957430407,2.354164347012848,7400,2.623227
403,1981-10-20,0.0,7.327259977098501,7.200926630653105,7.200926630653105,2.3749966395289075,23700,2.6462380000000003
404,1981-10-21,0.0,7.3904266503211975,7.2640933038758035,7.2640933038758035,2.395831677109208,103200,2.623227
405,1981-10-22,0.0,7.3904266503211975,7.200926630653105,7.200926630653105,2.3749966395289075,141200,2.623227
406,1981-10-23,0.0,7.3904266503211975,7.200926630653105,7.200926630653105,2.3749966395289075,3200,2.623227
407,1981-10-26,0.0,7.327259977098501,7.200926630653105,7.200926630653105,2.3749966395289075,44400,2.623227
408,1981-10-27,0.0,7.2640933038758035,7.200926630653105,7.200926630653105,2.3749966395289075,135800,2.623227
409,1981-10-28,0.0,7.2640933038758035,7.200926630653105,7.200926630653105,2.3749966395289075,28100,2.347098
410,1981-10-29,0.0,6.5061014603961445,6.442934787173447,6.442934787173447,2.124998149079229,98700,2.347098
411,1981-10-30,0.0,6.569268133618844,6.442934787173447,6.442934787173447,2.124998149079229,427900,2.370109
412,1981-11-02,0.0,6.548235258057631,6.485270826051226,6.485270826051226,2.138960120010672,80200,2.370109
413,1981-11-03,0.0,6.611196953788687,6.485270826051226,6.485270826051226,2.138960120010672,1868600,2.462152
414,1981-11-04,0.0,6.863051945538953,6.737125817801494,6.737125817801494,2.222027966990395,637500,2.485163
415,1981-11-05,0.0,6.926016377545357,6.800090249807898,6.800090249807898,2.2427935605976526,87900,2.554195
416,1981-11-06,0.0,7.114906937289221,6.988980809551761,6.988980809551761,2.305093077694771,438700,2.554195
417,1981-11-09,0.0,7.051945241558165,6.988980809551761,6.988980809551761,2.305093077694771,103200,2.623227
418,1981-11-10,0.0,7.209354953436501,7.177871369295625,7.177871369295625,2.3673925947918892,3576300,2.6117220000000003
419,1981-11-11,0.0,7.177871369295625,7.146390521430097,7.146390521430097,2.357008429850587,835300,2.623227
420,1981-11-12,0.0,7.240835801302029,7.177871369295625,7.177871369295625,2.3673925947918892,1149400,2.623227
421,1981-11-13,0.0,7.240835801302029,7.177871369295625,7.177871369295625,2.3673925947918892,421400,2.600216
422,1981-11-16,0.0,7.209354953436501,7.114906937289221,7.114906937289221,2.3466270011846317,1153600,2.600216
423,1981-11-17,0.0,7.177871369295625,7.114906937289221,7.114906937289221,2.3466270011846317,256300,2.600216
424,1981-11-18,0.0,7.177871369295625,7.114906937289221,7.114906937289221,2.3466270011846317,44400,2.600216
425,1981-11-19,0.0,7.146390521430097,7.114906937289221,7.114906937289221,2.3466270011846317,122700,2.600216
426,1981-11-20,0.0,7.177871369295625,7.114906937289221,7.114906937289221,2.3466270011846317,122700,2.6117220000000003
427,1981-11-23,0.0,7.177871369295625,7.146390521430097,7.146390521430097,2.357008429850587,149800,2.6117220000000003
428,1981-11-24,0.0,7.209354953436501,7.146390521430097,7.146390521430097,2.357008429850587,90100,2.623227
429,1981-11-25,0.0,7.240835801302029,7.177871369295625,7.177871369295625,2.3673925947918892,67100,2.623227
430,1981-11-27,0.0,7.240835801302029,7.177871369295625,7.177871369295625,2.3673925947918892,55300,2.6462380000000003
431,1981-11-30,0.0,7.303800233308432,7.240835801302029,7.240835801302029,2.388160924674493,308400,2.6462380000000003
432,1981-12-01,0.0,7.343253714255319,7.217726750872342,7.217726750872342,2.380539134489362,211800,2.6462380000000003
433,1981-12-02,0.0,7.343253714255319,7.217726750872342,7.217726750872342,2.380539134489362,233500,2.6462380000000003
434,1981-12-03,0.0,7.280490232563831,7.217726750872342,7.217726750872342,2.380539134489362,111800,2.6462380000000003
435,1981-12-04,0.0,7.280490232563831,7.217726750872342,7.217726750872342,2.380539134489362,104200,2.6462380000000003
436,1981-12-07,0.0,7.280490232563831,7.217726750872342,7.217726750872342,2.380539134489362,90100,2.623227
437,1981-12-08,0.0,7.280490232563831,7.1549632691808505,7.1549632691808505,2.3598370865106384,62900,2.623227
438,1981-12-09,0.0,7.217726750872342,7.1549632691808505,7.1549632691808505,2.3598370865106384,109600,2.623227
439,1981-12-10,0.0,7.217726750872342,7.1549632691808505,7.1549632691808505,2.3598370865106384,233500,2.623227
440,1981-12-11,0.0,7.217726750872342,7.1549632691808505,7.1549632691808505,2.3598370865106384,181200,2.5772060000000003
441,1981-12-14,0.0,7.092199787489362,7.029439033340427,7.029439033340427,2.3184357180957447,199700,2.531184
442,1981-12-15,0.0,7.092199787489362,6.903912069957447,6.903912069957447,2.277037077223404,574500,2.531184
443,1981-12-16,0.0,7.029439033340427,6.903912069957447,6.903912069957447,2.277037077223404,175800,2.531184
444,1981-12-17,0.0,6.966675551648937,6.903912069957447,6.903912069957447,2.277037077223404,392100,2.531184
445,1981-12-18,0.0,6.966675551648937,6.903912069957447,6.903912069957447,2.277037077223404,463700,2.531184
446,1981-12-21,0.0,6.966675551648937,6.903912069957447,6.903912069957447,2.277037077223404,131300,2.531184
447,1981-12-22,0.0,6.966675551648937,6.903912069957447,6.903912069957447,2.277037077223404,79200,2.554195
448,1981-12-23,0.0,7.029439033340427,6.966675551648937,6.966675551648937,2.2977363976595746,77000,2.5772060000000003
449,1981-12-24,0.0,7.1549632691808505,7.029439033340427,7.029439033340427,2.3184357180957447,27100,2.600216
450,1981-12-28,0.0,7.217726750872342,7.092199787489362,7.092199787489362,2.3391377660744683,28100,2.600216
451,1981-12-29,0.0,7.1549632691808505,7.092199787489362,7.092199787489362,2.3391377660744683,104200,2.600216
452,1981-12-30,0.0,7.217726750872342,7.092199787489362,7.092199787489362,2.3391377660744683,18200,2.669249
453,1981-12-31,0.0,7.468777950095746,7.280490232563831,7.280490232563831,2.401238454925532,90100,2.669249
454,1982-01-04,0.0,7.382453446765642,7.257328545715802,7.257328545715802,2.3935993081972433,266100,2.600216
455,1982-01-05,0.0,7.257328545715802,7.069637115843054,7.069637115843054,2.3316961825132556,438700,2.531184
456,1982-01-06,0.0,7.069637115843054,6.881948404835631,6.881948404835631,2.269793056829269,355000,2.462152
457,1982-01-07,0.0,6.8193845948780485,6.694259693828209,6.694259693828209,2.207889931145281,228100,2.462152
458,1982-01-08,0.0,6.8193845948780485,6.694259693828209,6.694259693828209,2.207889931145281,104200,2.462152
459,1982-01-11,0.0,6.8193845948780485,6.694259693828209,6.694259693828209,2.207889931145281,88800,2.41613
460,1982-01-12,0.0,6.756823503785791,6.569132073913043,6.569132073913043,2.1666202744008487,49800,2.41613
461,1982-01-13,0.0,6.694259693828209,6.569132073913043,6.569132073913043,2.1666202744008487,12800,2.41613
462,1982-01-14,0.0,6.694259693828209,6.569132073913043,6.569132073913043,2.1666202744008487,43400,2.41613
463,1982-01-15,0.0,6.694259693828209,6.569132073913043,6.569132073913043,2.1666202744008487,170300,2.39312
464,1982-01-18,0.0,6.694259693828209,6.506570982820786,6.506570982820786,2.1459840865959703,49800,2.39312
465,1982-01-19,0.0,6.631695883870626,6.506570982820786,6.506570982820786,2.1459840865959703,47600,2.39312
466,1982-01-20,0.0,6.631695883870626,6.506570982820786,6.506570982820786,2.1459840865959703,63900,2.39312
467,1982-01-21,0.0,6.631695883870626,6.506570982820786,6.506570982820786,2.1459840865959703,85600,2.39312
468,1982-01-22,0.0,6.631695883870626,6.506570982820786,6.506570982820786,2.1459840865959703,32500,2.347098
469,1982-01-25,0.0,6.506570982820786,6.381443362905621,6.381443362905621,2.1047171487168614,356300,2.370109
470,1982-01-26,0.0,6.506570982820786,6.444007172863203,6.444007172863203,2.125350617656416,123700,2.370109
471,1982-01-27,0.0,6.506570982820786,6.444007172863203,6.444007172863203,2.125350617656416,11800,2.370109
472,1982-01-28,0.0,6.569132073913043,6.444007172863203,6.444007172863203,2.125350617656416,74800,2.39312
473,1982-01-29,0.0,6.631695883870626,6.506570982820786,6.506570982820786,2.1459840865959703,43400,2.39312
474,1982-02-01,0.0,6.610665135824524,6.485937036786471,6.485937036786471,2.139178640232558,88800,2.39312
475,1982-02-02,0.0,6.610665135824524,6.485937036786471,6.485937036786471,2.139178640232558,23700,2.41613
476,1982-02-03,0.0,6.735395945105709,6.548299731183932,6.548299731183932,2.1597493855813954,19500,2.439141
477,1982-02-04,0.0,6.735395945105709,6.610665135824524,6.610665135824524,2.180317420687104,41200,2.439141
478,1982-02-05,0.0,6.797758639503171,6.610665135824524,6.610665135824524,2.180317420687104,38000,2.439141
479,1982-02-08,0.0,6.735395945105709,6.610665135824524,6.610665135824524,2.180317420687104,65100,2.439141
480,1982-02-09,0.0,6.735395945105709,6.610665135824524,6.610665135824524,2.180317420687104,29100,2.439141
481,1982-02-10,0.0,6.735395945105709,6.610665135824524,6.610665135824524,2.180317420687104,20400,2.462152
482,1982-02-11,0.0,6.797758639503171,6.673030540465118,6.673030540465118,2.200888166035941,70600,2.485163
483,1982-02-12,0.0,6.860124044143764,6.735395945105709,6.735395945105709,2.2214562011416494,38000,2.531184
484,1982-02-16,0.0,6.984854853424949,6.860124044143764,6.860124044143764,2.2625949815961945,72500,2.531184
485,1982-02-17,0.0,6.984854853424949,6.860124044143764,6.860124044143764,2.2625949815961945,78000,2.531184
486,1982-02-18,0.0,6.984854853424949,6.860124044143764,6.860124044143764,2.2625949815961945,6400,2.485163
487,1982-02-19,0.0,6.860124044143764,6.735395945105709,6.735395945105709,2.2214562011416494,147600,2.485163
488,1982-02-22,0.0,6.860124044143764,6.735395945105709,6.735395945105709,2.2214562011416494,5400,2.370109
489,1982-02-23,0.0,6.610665135824524,6.423571632145877,6.423571632145877,2.1186106051268503,107400,2.370109
490,1982-02-24,0.0,6.610665135824524,6.423571632145877,6.423571632145877,2.1186106051268503,696300,2.370109
491,1982-02-25,0.0,6.610665135824524,6.423571632145877,6.423571632145877,2.1186106051268503,15000,2.370109
492,1982-02-26,0.0,6.548299731183932,6.423571632145877,6.423571632145877,2.1186106051268503,108600,2.370109
493,1982-03-01,0.0,6.492800462222223,6.430369062444444,6.430369062444444,2.1208525211111113,72500,2.39312
494,1982-03-02,0.0,6.555229148888889,6.492800462222223,6.492800462222223,2.1414423213333333,217200,2.39312
495,1982-03-03,0.0,6.555229148888889,6.492800462222223,6.492800462222223,2.1414423213333333,3200,2.39312
496,1982-03-04,0.0,6.555229148888889,6.492800462222223,6.492800462222223,2.1414423213333333,57500,2.39312
497,1982-03-05,0.0,6.555229148888889,6.492800462222223,6.492800462222223,2.1414423213333333,56200,2.370109
498,1982-03-08,0.0,6.555229148888889,6.430369062444444,6.430369062444444,2.1208525211111113,134500,2.347098
499,1982-03-09,0.0,6.492800462222223,6.367937662666667,6.367937662666667,2.1002627208888893,99700,2.347098
500,1982-03-10,0.0,6.492800462222223,6.367937662666667,6.367937662666667,2.1002627208888893,88800,2.347098
501,1982-03-11,0.0,6.492800462222223,6.367937662666667,6.367937662666667,2.1002627208888893,24900,2.370109
502,1982-03-12,0.0,6.492800462222223,6.430369062444444,6.430369062444444,2.1208525211111113,83400,2.370109
503,1982-03-15,0.0,6.617660548666667,6.430369062444444,6.430369062444444,2.1208525211111113,29100,2.41613
504,1982-03-16,0.0,6.680091948444445,6.555229148888889,6.555229148888889,2.1620348346666667,38000,2.439141
505,1982-03-17,0.0,6.742523348222222,6.617660548666667,6.617660548666667,2.182624634888889,20400,2.439141
506,1982-03-18,0.0,6.804952034888889,6.617660548666667,6.617660548666667,2.182624634888889,15000,2.462152
507,1982-03-19,0.0,6.804952034888889,6.680091948444445,6.680091948444445,2.203217148222222,101900,2.554195
508,1982-03-22,0.0,7.05467492088889,6.929814834444445,6.929814834444445,2.2855790622222227,114000,2.554195
509,1982-03-23,0.0,7.117106320666667,6.929814834444445,6.929814834444445,2.2855790622222227,14000,2.554195
510,1982-03-24,0.0,7.05467492088889,6.929814834444445,6.929814834444445,2.2855790622222227,112800,2.554195
511,1982-03-25,0.0,7.05467492088889,6.929814834444445,6.929814834444445,2.2855790622222227,53000,2.439141
512,1982-03-26,0.0,6.804952034888889,6.617660548666667,6.617660548666667,2.182624634888889,136700,2.370109
513,1982-03-29,0.0,6.617660548666667,6.430369062444444,6.430369062444444,2.1208525211111113,66100,2.370109
514,1982-03-30,0.0,6.617660548666667,6.430369062444444,6.430369062444444,2.1208525211111113,38000,2.370109
515,1982-03-31,6.430369062444444,6.430369062444444,6.430369062444444,6.430369062444444,2.1208525211111113,0,2.370109
516,1982-04-01,0.0,6.527599099789252,6.403265294004214,6.403265294004214,2.1119132059536354,178000,2.370109
517,1982-04-02,0.0,6.527599099789252,6.403265294004214,6.403265294004214,2.1119132059536354,172500,2.370109
518,1982-04-05,0.0,6.527599099789252,6.403265294004214,6.403265294004214,2.1119132059536354,59700,2.370109
519,1982-04-06,0.0,6.527599099789252,6.403265294004214,6.403265294004214,2.1119132059536354,100900,2.370109
520,1982-04-07,0.0,6.527599099789252,6.403265294004214,6.403265294004214,2.1119132059536354,142200,2.370109
521,1982-04-08,0.0,6.527599099789252,6.403265294004214,6.403265294004214,2.1119132059536354,5400,2.370109
522,1982-04-12,0.0,6.527599099789252,6.403265294004214,6.403265294004214,2.1119132059536354,17200,2.370109
523,1982-04-13,0.0,6.527599099789252,6.403265294004214,6.403265294004214,2.1119132059536354,39000,2.370109
524,1982-04-14,0.0,6.465433547734458,6.403265294004214,6.403265294004214,2.1119132059536354,129100,2.347098
525,1982-04-15,0.0,6.465433547734458,6.341097040273972,6.341097040273972,2.091410190979979,41200,2.347098
526,1982-04-16,0.0,6.465433547734458,6.341097040273972,6.341097040273972,2.091410190979979,30300,2.324087
527,1982-04-19,0.0,6.465433547734458,6.27892878654373,6.27892878654373,2.0709044743308747,63900,2.3010770000000003
528,1982-04-20,0.0,6.341097040273972,6.216763234488936,6.216763234488936,2.050401459357218,68300,2.3010770000000003
529,1982-04-21,0.0,6.341097040273972,6.216763234488936,6.216763234488936,2.050401459357218,11800,2.3010770000000003
530,1982-04-22,0.0,6.341097040273972,6.216763234488936,6.216763234488936,2.050401459357218,65100,2.3010770000000003
531,1982-04-23,0.0,6.341097040273972,6.216763234488936,6.216763234488936,2.050401459357218,170300,2.3010770000000003
532,1982-04-26,0.0,6.341097040273972,6.216763234488936,6.216763234488936,2.050401459357218,92300,2.3010770000000003
533,1982-04-27,0.0,6.341097040273972,6.216763234488936,6.216763234488936,2.050401459357218,46600,2.278066
534,1982-04-28,0.0,6.341097040273972,6.154594980758693,6.154594980758693,2.0298984443835613,39000,2.278066
535,1982-04-29,0.0,6.216763234488936,6.154594980758693,6.154594980758693,2.0298984443835613,31300,2.278066
536,1982-04-30,0.0,6.216763234488936,6.154594980758693,6.154594980758693,2.0298984443835613,31300,2.255055
537,1982-05-03,0.0,6.158359404519834,6.0351909853340295,6.0351909853340295,1.99051534302714,116000,2.255055
538,1982-05-04,0.0,6.096775194926931,6.0351909853340295,6.0351909853340295,1.99051534302714,21700,2.255055
539,1982-05-05,0.0,6.096775194926931,6.0351909853340295,6.0351909853340295,1.99051534302714,33500,2.278066
540,1982-05-06,0.0,6.219940937818372,6.096775194926931,6.096775194926931,2.0108284172442588,85600,2.278066
541,1982-05-07,0.0,6.158359404519834,6.096775194926931,6.096775194926931,2.0108284172442588,57500,2.278066
542,1982-05-10,0.0,6.158359404519834,6.096775194926931,6.096775194926931,2.0108284172442588,74800,2.278066
543,1982-05-11,0.0,6.158359404519834,6.096775194926931,6.096775194926931,2.0108284172442588,23700,2.255055
544,1982-05-12,0.0,6.158359404519834,6.0351909853340295,6.0351909853340295,1.99051534302714,52100,2.255055
545,1982-05-13,0.0,6.158359404519834,6.0351909853340295,6.0351909853340295,1.99051534302714,10800,2.255055
546,1982-05-14,0.0,6.158359404519834,6.0351909853340295,6.0351909853340295,1.99051534302714,11800,2.255055
547,1982-05-17,0.0,6.158359404519834,6.0351909853340295,6.0351909853340295,1.99051534302714,66100,2.255055
548,1982-05-18,0.0,6.158359404519834,6.0351909853340295,6.0351909853340295,1.99051534302714,49800,2.255055
549,1982-05-19,0.0,6.158359404519834,6.0351909853340295,6.0351909853340295,1.99051534302714,19500,2.255055
550,1982-05-20,0.0,6.096775194926931,6.0351909853340295,6.0351909853340295,1.99051534302714,17200,2.2320439999999997
551,1982-05-21,0.0,6.096775194926931,5.973606775741127,5.973606775741127,1.9702049451043842,173800,2.2320439999999997
552,1982-05-24,0.0,6.096775194926931,5.973606775741127,5.973606775741127,1.9702049451043842,55300,2.2320439999999997
553,1982-05-25,0.0,6.096775194926931,5.973606775741127,5.973606775741127,1.9702049451043842,6400,2.2320439999999997
554,1982-05-26,0.0,6.0351909853340295,5.973606775741127,5.973606775741127,1.9702049451043842,80200,2.2090330000000002
555,1982-05-27,0.0,6.096775194926931,5.912022566148226,5.912022566148226,1.9498918708872652,44400,2.2320439999999997
556,1982-05-28,0.0,6.096775194926931,5.973606775741127,5.973606775741127,1.9702049451043842,29100,2.186023
557,1982-06-01,0.0,5.899706485731958,5.778064442752577,5.778064442752577,1.9057103619587628,94300,2.186023
558,1982-06-02,0.0,5.838884142649485,5.778064442752577,5.778064442752577,1.9057103619587628,10800,2.186023
559,1982-06-03,0.0,5.899706485731958,5.778064442752577,5.778064442752577,1.9057103619587628,7400,2.186023
560,1982-06-04,0.0,5.899706485731958,5.778064442752577,5.778064442752577,1.9057103619587628,36700,2.186023
561,1982-06-07,0.0,5.838884142649485,5.778064442752577,5.778064442752577,1.9057103619587628,73800,2.186023
562,1982-06-08,0.0,5.838884142649485,5.778064442752577,5.778064442752577,1.9057103619587628,16200,2.1630119999999997
563,1982-06-09,0.0,5.778064442752577,5.717242099670103,5.717242099670103,1.8856512266907217,73800,2.11699
564,1982-06-10,0.0,5.717242099670103,5.595597413505155,5.595597413505155,1.845530312969072,76000,2.11699
565,1982-06-11,0.0,5.717242099670103,5.595597413505155,5.595597413505155,1.845530312969072,63900,2.070969
566,1982-06-14,0.0,5.656419756587629,5.473955370525773,5.473955370525773,1.805409399247423,74800,2.0479580000000004
567,1982-06-15,0.0,5.534777713608246,5.4131330274433,5.4131330274433,1.7853502639793815,35800,2.070969
568,1982-06-16,0.0,5.595597413505155,5.473955370525773,5.473955370525773,1.805409399247423,43400,2.0479580000000004
569,1982-06-17,0.0,5.595597413505155,5.4131330274433,5.4131330274433,1.7853502639793815,16200,2.001937
570,1982-06-18,0.0,5.4131330274433,5.291490984463917,5.291490984463917,1.745229350257732,147600,2.001937
571,1982-06-21,0.0,5.4131330274433,5.291490984463917,5.291490984463917,1.745229350257732,21700,2.001937
572,1982-06-22,0.0,5.4131330274433,5.291490984463917,5.291490984463917,1.745229350257732,1900,2.001937
573,1982-06-23,0.0,5.4131330274433,5.291490984463917,5.291490984463917,1.745229350257732,47600,2.001937
574,1982-06-24,0.0,5.473955370525773,5.291490984463917,5.291490984463917,1.745229350257732,28100,2.001937
575,1982-06-25,0.0,5.473955370525773,5.291490984463917,5.291490984463917,1.745229350257732,18200,2.024947
576,1982-06-28,0.0,5.4131330274433,5.352310684360825,5.352310684360825,1.76529112871134,136700,2.001937
577,1982-06-29,0.0,5.473955370525773,5.291490984463917,5.291490984463917,1.745229350257732,28100,2.001937
578,1982-06-30,0.0,5.352310684360825,5.291490984463917,5.291490984463917,1.745229350257732,16200,1.9789259999999997
579,1982-07-01,0.0,5.324862937261539,5.203844699630769,5.203844699630769,1.7163231882461538,53000,1.9789259999999997
580,1982-07-02,0.0,5.324862937261539,5.203844699630769,5.203844699630769,1.7163231882461538,40000,1.955915
581,1982-07-06,0.0,5.324862937261539,5.143334266,5.143334266,1.6963642907076923,139000,1.9789259999999997
582,1982-07-07,0.0,5.264355133261539,5.203844699630769,5.203844699630769,1.7163231882461538,47600,1.9329040000000002
583,1982-07-08,0.0,5.203844699630769,5.082823832369232,5.082823832369232,1.6764080227999998,44400,1.9329040000000002
584,1982-07-09,0.0,5.203844699630769,5.082823832369232,5.082823832369232,1.6764080227999998,242200,1.9329040000000002
585,1982-07-12,0.0,5.203844699630769,5.082823832369232,5.082823832369232,1.6764080227999998,19500,1.9098939999999998
586,1982-07-13,0.0,5.143334266,5.0223160283692305,5.0223160283692305,1.6564517548923077,220400,1.9098939999999998
587,1982-07-14,0.0,5.143334266,5.0223160283692305,5.0223160283692305,1.6564517548923077,18200,1.9098939999999998
588,1982-07-15,0.0,5.143334266,5.0223160283692305,5.0223160283692305,1.6564517548923077,12800,2.024947
589,1982-07-16,0.0,5.385373370892308,5.324862937261539,5.324862937261539,1.7562383536923076,139000,2.024947
590,1982-07-19,0.0,5.385373370892308,5.324862937261539,5.324862937261539,1.7562383536923076,14000,2.0479580000000004
591,1982-07-20,0.0,5.445883804523077,5.385373370892308,5.385373370892308,1.7761946216,31300,2.0479580000000004
592,1982-07-21,0.0,5.445883804523077,5.385373370892308,5.385373370892308,1.7761946216,55300,2.0479580000000004
593,1982-07-22,0.0,5.445883804523077,5.385373370892308,5.385373370892308,1.7761946216,43400,2.0479580000000004
594,1982-07-23,0.0,5.445883804523077,5.385373370892308,5.385373370892308,1.7761946216,14000,2.0479580000000004
595,1982-07-26,0.0,5.445883804523077,5.385373370892308,5.385373370892308,1.7761946216,9600,2.0479580000000004
596,1982-07-27,0.0,5.445883804523077,5.385373370892308,5.385373370892308,1.7761946216,19500,2.0479580000000004
597,1982-07-28,0.0,5.506394238153846,5.385373370892308,5.385373370892308,1.7761946216,66100,2.0479580000000004
598,1982-07-29,0.0,5.506394238153846,5.385373370892308,5.385373370892308,1.7761946216,23700,2.0479580000000004
599,1982-07-30,0.0,5.506394238153846,5.385373370892308,5.385373370892308,1.7761946216,3200,2.0479580000000004
600,1982-08-02,0.0,5.495122192630501,5.374349065117708,5.374349065117708,1.77255860395087,1900,2.0479580000000004
601,1982-08-03,0.0,5.495122192630501,5.374349065117708,5.374349065117708,1.77255860395087,30300,2.0479580000000004
602,1982-08-04,0.0,5.434735628874105,5.374349065117708,5.374349065117708,1.77255860395087,78000,2.0479580000000004
603,1982-08-05,0.0,5.434735628874105,5.374349065117708,5.374349065117708,1.77255860395087,239000,2.0479580000000004
604,1982-08-06,0.0,5.434735628874105,5.374349065117708,5.374349065117708,1.77255860395087,36700,2.0479580000000004
605,1982-08-09,0.0,5.434735628874105,5.374349065117708,5.374349065117708,1.77255860395087,19500,2.0479580000000004
606,1982-08-10,0.0,5.434735628874105,5.374349065117708,5.374349065117708,1.77255860395087,53000,2.0479580000000004
607,1982-08-11,0.0,5.434735628874105,5.374349065117708,5.374349065117708,1.77255860395087,185600,2.0479580000000004
608,1982-08-12,0.0,5.495122192630501,5.374349065117708,5.374349065117708,1.77255860395087,16200,2.1630119999999997
609,1982-08-13,0.0,5.797049762917093,5.676279259651995,5.676279259651995,1.8721409313101331,70600,2.186023
610,1982-08-16,0.0,5.917822890429887,5.736665823408393,5.736665823408393,1.8920563470829066,40000,2.2090330000000002
611,1982-08-17,0.0,5.978209454186285,5.797049762917093,5.797049762917093,1.9119717628556805,31300,2.324087
612,1982-08-18,0.0,6.280139648720573,6.098979957451382,6.098979957451382,2.011554090214944,87900,2.324087
613,1982-08-19,0.0,6.280139648720573,6.098979957451382,6.098979957451382,2.011554090214944,25900,2.347098
614,1982-08-20,0.0,6.280139648720573,6.159366521207779,6.159366521207779,2.0314721302354144,53000,2.347098
615,1982-08-23,0.0,6.280139648720573,6.159366521207779,6.159366521207779,2.0314721302354144,42200,2.347098
616,1982-08-24,0.0,6.280139648720573,6.159366521207779,6.159366521207779,2.0314721302354144,27100,2.11699
617,1982-08-25,0.0,5.615892695895599,5.555506132139202,5.555506132139202,1.8323074755168884,215000,2.140001
618,1982-08-26,0.0,5.797049762917093,5.615892695895599,5.615892695895599,1.852222891289662,91100,2.1630119999999997
619,1982-08-27,0.0,5.736665823408393,5.676279259651995,5.676279259651995,1.8721409313101331,15000,2.1630119999999997
620,1982-08-30,0.0,5.736665823408393,5.676279259651995,5.676279259651995,1.8721409313101331,109600,2.1630119999999997
621,1982-08-31,0.0,5.857436326673489,5.676279259651995,5.676279259651995,1.8721409313101331,40000,2.186023
622,1982-09-01,0.0,5.845470164616955,5.724946383524004,5.724946383524004,1.8881910634320733,56200,2.186023
623,1982-09-02,0.0,5.905733364606741,5.724946383524004,5.724946383524004,1.8881910634320733,18200,2.2090330000000002
624,1982-09-03,0.0,5.905733364606741,5.7852069646271715,5.7852069646271715,1.9080657939836567,25900,2.2090330000000002
625,1982-09-07,0.0,5.845470164616955,5.7852069646271715,5.7852069646271715,1.9080657939836567,42200,2.2090330000000002
626,1982-09-08,0.0,5.905733364606741,5.7852069646271715,5.7852069646271715,1.9080657939836567,61700,2.2090330000000002
627,1982-09-09,0.0,5.905733364606741,5.7852069646271715,5.7852069646271715,1.9080657939836567,49800,2.2090330000000002
628,1982-09-10,0.0,5.905733364606741,5.7852069646271715,5.7852069646271715,1.9080657939836567,78000,2.2090330000000002
629,1982-09-13,0.0,5.905733364606741,5.7852069646271715,5.7852069646271715,1.9080657939836567,20400,2.2320439999999997
630,1982-09-14,0.0,5.965996564596527,5.845470164616955,5.845470164616955,1.927943143421859,85600,2.278066
631,1982-09-15,0.0,6.026259764586313,5.965996564596527,5.965996564596527,1.9676952234116443,82400,2.278066
632,1982-09-16,0.0,6.086520345689479,5.965996564596527,5.965996564596527,1.9676952234116443,93300,2.324087
633,1982-09-17,0.0,6.207046745669049,6.086520345689479,6.086520345689479,2.007444684514811,58500,2.324087
634,1982-09-20,0.0,6.207046745669049,6.086520345689479,6.086520345689479,2.007444684514811,124900,2.324087
635,1982-09-21,0.0,6.207046745669049,6.086520345689479,6.086520345689479,2.007444684514811,34500,2.347098
636,1982-09-22,0.0,6.267309945658836,6.1467835456792645,6.1467835456792645,2.0273220339530136,94300,2.347098
637,1982-09-23,0.0,6.267309945658836,6.1467835456792645,6.1467835456792645,2.0273220339530136,22700,2.370109
638,1982-09-24,0.0,6.267309945658836,6.207046745669049,6.207046745669049,2.0471967645045965,21700,2.370109
639,1982-09-27,0.0,6.267309945658836,6.207046745669049,6.207046745669049,2.0471967645045965,32500,2.370109
640,1982-09-28,0.0,6.267309945658836,6.207046745669049,6.207046745669049,2.0471967645045965,94300,2.370109
641,1982-09-29,0.0,6.267309945658836,6.207046745669049,6.207046745669049,2.0471967645045965,77000,2.370109
642,1982-09-30,0.0,6.267309945658836,6.207046745669049,6.207046745669049,2.0471967645045965,363900,2.370109
643,1982-10-01,0.0,6.248163377596741,6.188084281069246,6.188084281069246,2.0409425992362524,115000,2.347098
644,1982-10-04,0.0,6.248163377596741,6.128005184541751,6.128005184541751,2.021128585784114,122700,2.347098
645,1982-10-05,0.0,6.248163377596741,6.128005184541751,6.128005184541751,2.021128585784114,20400,2.347098
646,1982-10-06,0.0,6.248163377596741,6.128005184541751,6.128005184541751,2.021128585784114,22700,2.347098
647,1982-10-07,0.0,6.248163377596741,6.128005184541751,6.128005184541751,2.021128585784114,124900,2.347098
648,1982-10-08,0.0,6.308239863238289,6.128005184541751,6.128005184541751,2.021128585784114,103200,2.462152
649,1982-10-11,0.0,6.6086327349898175,6.42839805629328,6.42839805629328,2.120203874816701,147600,2.485163
650,1982-10-12,0.0,6.6086327349898175,6.488477152820773,6.488477152820773,2.140017888268839,598500,2.485163
651,1982-10-13,0.0,6.6086327349898175,6.488477152820773,6.488477152820773,2.140017888268839,121400,2.485163
652,1982-10-14,0.0,6.6086327349898175,6.488477152820773,6.488477152820773,2.140017888268839,60700,2.485163
653,1982-10-15,0.0,6.6086327349898175,6.488477152820773,6.488477152820773,2.140017888268839,99700,2.485163
654,1982-10-18,0.0,6.6086327349898175,6.488477152820773,6.488477152820773,2.140017888268839,52100,2.5081729999999998
655,1982-10-19,0.0,6.668711831517312,6.548553638462321,6.548553638462321,2.159831901720978,111800,2.5081729999999998
656,1982-10-20,0.0,6.668711831517312,6.548553638462321,6.548553638462321,2.159831901720978,360500,2.531184
657,1982-10-21,0.0,6.728790928044808,6.6086327349898175,6.6086327349898175,2.1796485260590632,60700,2.531184
658,1982-10-22,0.0,6.728790928044808,6.6086327349898175,6.6086327349898175,2.1796485260590632,92300,2.5081729999999998
659,1982-10-25,0.0,6.668711831517312,6.548553638462321,6.548553638462321,2.159831901720978,49800,2.485163
660,1982-10-26,0.0,6.6086327349898175,6.488477152820773,6.488477152820773,2.140017888268839,111800,2.485163
661,1982-10-27,0.0,6.6086327349898175,6.488477152820773,6.488477152820773,2.140017888268839,74800,2.485163
662,1982-10-28,0.0,6.6086327349898175,6.488477152820773,6.488477152820773,2.140017888268839,368100,2.485163
663,1982-10-29,0.0,6.6086327349898175,6.488477152820773,6.488477152820773,2.140017888268839,900,2.5081729999999998
664,1982-11-01,0.0,6.62211974057143,6.561918033642856,6.561918033642856,2.164239721928572,20400,2.531184
665,1982-11-02,0.0,6.742523154428572,6.62211974057143,6.62211974057143,2.184096788357143,60700,2.554195
666,1982-11-03,0.0,6.802722245142857,6.682321447500001,6.682321447500001,2.203951238571429,24900,2.600216
667,1982-11-04,0.0,6.983327365928572,6.802722245142857,6.802722245142857,2.2436627552142854,99700,2.623227
668,1982-11-05,0.0,6.983327365928572,6.862923952071428,6.862923952071428,2.2635172054285713,61700,2.623227
669,1982-11-08,0.0,6.983327365928572,6.862923952071428,6.862923952071428,2.2635172054285713,72500,2.6462380000000003
670,1982-11-09,0.0,7.043529072857142,6.923125659000001,6.923125659000001,2.2833742718571433,76000,2.6922599999999997
671,1982-11-10,0.0,7.1639298705000005,7.043529072857142,7.043529072857142,2.3230857885,500700,2.6922599999999997
672,1982-11-11,0.0,7.1639298705000005,7.043529072857142,7.043529072857142,2.3230857885,10800,2.6922599999999997
673,1982-11-12,0.0,7.1639298705000005,7.043529072857142,7.043529072857142,2.3230857885,32500,2.669249
674,1982-11-15,0.0,7.1639298705000005,6.983327365928572,6.983327365928572,2.3032287220714287,52100,2.669249
675,1982-11-16,0.0,7.1037281635714296,6.983327365928572,6.983327365928572,2.3032287220714287,92300,2.669249
676,1982-11-17,0.0,7.1037281635714296,6.983327365928572,6.983327365928572,2.3032287220714287,114000,2.669249
677,1982-11-18,0.0,7.043529072857142,6.983327365928572,6.983327365928572,2.3032287220714287,183400,2.623227
678,1982-11-19,0.0,6.983327365928572,6.862923952071428,6.862923952071428,2.2635172054285713,184600,2.5772060000000003
679,1982-11-22,0.0,6.862923952071428,6.742523154428572,6.742523154428572,2.2238056887857143,61700,2.554195
680,1982-11-23,0.0,6.802722245142857,6.682321447500001,6.682321447500001,2.203951238571429,93300,2.531184
681,1982-11-24,0.0,6.682321447500001,6.62211974057143,6.62211974057143,2.184096788357143,57500,2.531184
682,1982-11-26,0.0,6.682321447500001,6.62211974057143,6.62211974057143,2.184096788357143,17200,2.5081729999999998
683,1982-11-29,0.0,6.682321447500001,6.561918033642856,6.561918033642856,2.164239721928572,25900,2.485163
684,1982-11-30,0.0,6.62211974057143,6.501718942928572,6.501718942928572,2.144385271714286,80200,2.5081729999999998
685,1982-12-01,0.0,6.709708010809426,6.588811140338115,6.588811140338115,2.1731095568545085,181200,2.5081729999999998
686,1982-12-02,0.0,6.649259575573772,6.588811140338115,6.588811140338115,2.1731095568545085,74800,2.5081729999999998
687,1982-12-03,0.0,6.649259575573772,6.588811140338115,6.588811140338115,2.1731095568545085,7400,2.5081729999999998
688,1982-12-06,0.0,6.709708010809426,6.588811140338115,6.588811140338115,2.1731095568545085,87900,2.5081729999999998
689,1982-12-07,0.0,6.709708010809426,6.588811140338115,6.588811140338115,2.1731095568545085,30300,2.5081729999999998
690,1982-12-08,0.0,6.709708010809426,6.588811140338115,6.588811140338115,2.1731095568545085,24900,2.5081729999999998
691,1982-12-09,0.0,6.709708010809426,6.588811140338115,6.588811140338115,2.1731095568545085,57500,2.5081729999999998
692,1982-12-10,0.0,6.709708010809426,6.588811140338115,6.588811140338115,2.1731095568545085,44400,2.5081729999999998
693,1982-12-13,0.0,6.709708010809426,6.588811140338115,6.588811140338115,2.1731095568545085,4100,2.5081729999999998
694,1982-12-14,0.0,6.649259575573772,6.588811140338115,6.588811140338115,2.1731095568545085,39000,2.5081729999999998
695,1982-12-15,0.0,6.649259575573772,6.588811140338115,6.588811140338115,2.1731095568545085,85600,2.5081729999999998
696,1982-12-16,0.0,6.649259575573772,6.588811140338115,6.588811140338115,2.1731095568545085,1900,2.5081729999999998
697,1982-12-17,0.0,6.709708010809426,6.588811140338115,6.588811140338115,2.1731095568545085,94300,2.5081729999999998
698,1982-12-20,0.0,6.649259575573772,6.588811140338115,6.588811140338115,2.1731095568545085,33500,2.5081729999999998
699,1982-12-21,0.0,6.649259575573772,6.588811140338115,6.588811140338115,2.1731095568545085,91100,2.5081729999999998
700,1982-12-22,0.0,6.649259575573772,6.588811140338115,6.588811140338115,2.1731095568545085,10800,2.485163
701,1982-12-23,0.0,6.588811140338115,6.528365332038935,6.528365332038935,2.1531737359426235,219200,2.462152
702,1982-12-27,0.0,6.588811140338115,6.46791689680328,6.46791689680328,2.1332379150307377,53000,2.462152
703,1982-12-28,0.0,6.588811140338115,6.46791689680328,6.46791689680328,2.1332379150307377,78000,2.462152
704,1982-12-29,0.0,6.588811140338115,6.46791689680328,6.46791689680328,2.1332379150307377,22700,2.462152
705,1982-12-30,0.0,6.588811140338115,6.46791689680328,6.46791689680328,2.1332379150307377,16200,2.439141
706,1982-12-31,0.0,6.528365332038935,6.407468461567623,6.407468461567623,2.1132994671823773,27100,2.41613
707,1983-01-03,0.0,6.454690072883436,6.334040435276074,6.334040435276074,2.0890827390184055,42200,2.41613
708,1983-01-04,0.0,6.454690072883436,6.334040435276074,6.334040435276074,2.0890827390184055,59700,2.41613
709,1983-01-05,0.0,6.454690072883436,6.334040435276074,6.334040435276074,2.0890827390184055,234500,2.41613
710,1983-01-06,0.0,6.454690072883436,6.334040435276074,6.334040435276074,2.0890827390184055,114000,2.41613
711,1983-01-07,0.0,6.454690072883436,6.334040435276074,6.334040435276074,2.0890827390184055,79200,2.41613
712,1983-01-10,0.0,6.454690072883436,6.334040435276074,6.334040435276074,2.0890827390184055,56200,2.41613
713,1983-01-11,0.0,6.454690072883436,6.334040435276074,6.334040435276074,2.0890827390184055,234500,2.439141
714,1983-01-12,0.0,6.515014891687117,6.394365254079754,6.394365254079754,2.1089777913803682,32500,2.439141
715,1983-01-13,0.0,6.515014891687117,6.394365254079754,6.394365254079754,2.1089777913803682,5400,2.439141
716,1983-01-14,0.0,6.515014891687117,6.394365254079754,6.394365254079754,2.1089777913803682,54300,2.439141
717,1983-01-17,0.0,6.454690072883436,6.394365254079754,6.394365254079754,2.1089777913803682,61700,2.439141
718,1983-01-18,0.0,6.515014891687117,6.394365254079754,6.394365254079754,2.1089777913803682,62900,2.439141
719,1983-01-19,0.0,6.515014891687117,6.394365254079754,6.394365254079754,2.1089777913803682,97700,2.439141
720,1983-01-20,0.0,6.515014891687117,6.394365254079754,6.394365254079754,2.1089777913803682,240900,2.439141
721,1983-01-21,0.0,6.454690072883436,6.394365254079754,6.394365254079754,2.1089777913803682,71600,2.41613
722,1983-01-24,0.0,6.454690072883436,6.334040435276074,6.334040435276074,2.0890827390184055,76000,2.41613
723,1983-01-25,0.0,6.454690072883436,6.334040435276074,6.334040435276074,2.0890827390184055,80200,2.41613
724,1983-01-26,0.0,6.454690072883436,6.334040435276074,6.334040435276074,2.0890827390184055,9600,2.41613
725,1983-01-27,0.0,6.454690072883436,6.334040435276074,6.334040435276074,2.0890827390184055,31300,2.41613
726,1983-01-28,0.0,6.454690072883436,6.334040435276074,6.334040435276074,2.0890827390184055,65100,2.41613
727,1983-01-31,0.0,6.454690072883436,6.334040435276074,6.334040435276074,2.0890827390184055,17200,2.41613
728,1983-02-01,0.0,6.448096926741573,6.327570526762002,6.327570526762002,2.086948844494382,187900,2.41613
729,1983-02-02,0.0,6.448096926741573,6.327570526762002,6.327570526762002,2.086948844494382,340900,2.41613
730,1983-02-03,0.0,6.387833726751787,6.327570526762002,6.327570526762002,2.086948844494382,9600,2.41613
731,1983-02-04,0.0,6.387833726751787,6.327570526762002,6.327570526762002,2.086948844494382,33500,2.41613
732,1983-02-07,0.0,6.387833726751787,6.327570526762002,6.327570526762002,2.086948844494382,331300,2.41613
733,1983-02-08,0.0,6.387833726751787,6.327570526762002,6.327570526762002,2.086948844494382,97700,2.41613
734,1983-02-09,0.0,6.387833726751787,6.327570526762002,6.327570526762002,2.086948844494382,41200,2.41613
735,1983-02-10,0.0,6.387833726751787,6.327570526762002,6.327570526762002,2.086948844494382,342200,2.41613
736,1983-02-11,0.0,6.387833726751787,6.327570526762002,6.327570526762002,2.086948844494382,126900,2.41613
737,1983-02-14,0.0,6.448096926741573,6.327570526762002,6.327570526762002,2.086948844494382,150800,2.462152
738,1983-02-15,0.0,6.508360126731358,6.448096926741573,6.448096926741573,2.1267009244841675,239000,2.462152
739,1983-02-16,0.0,6.508360126731358,6.448096926741573,6.448096926741573,2.1267009244841675,119500,2.462152
740,1983-02-17,0.0,6.5686207078345245,6.448096926741573,6.448096926741573,2.1267009244841675,68300,2.5081729999999998
741,1983-02-18,0.0,6.749410307803882,6.5686207078345245,6.5686207078345245,2.1664503855873343,111800,2.554195
742,1983-02-22,0.0,6.809670888907048,6.689147107814096,6.689147107814096,2.2062024655771197,58500,2.600216
743,1983-02-23,0.0,6.93019728888662,6.809670888907048,6.809670888907048,2.245954545566905,69300,2.623227
744,1983-02-24,0.0,7.050723688866189,6.869934088896833,6.869934088896833,2.265829276118488,76000,2.623227
745,1983-02-25,0.0,6.990460488876405,6.869934088896833,6.869934088896833,2.265829276118488,123700,2.623227
746,1983-02-28,0.0,7.050723688866189,6.869934088896833,6.869934088896833,2.265829276118488,28100,2.623227
747,1983-03-01,0.0,7.050723688866189,6.869934088896833,6.869934088896833,2.265829276118488,40000,2.623227
748,1983-03-02,0.0,7.050723688866189,6.869934088896833,6.869934088896833,2.265829276118488,135800,2.623227
749,1983-03-03,0.0,7.050723688866189,6.869934088896833,6.869934088896833,2.265829276118488,12800,2.623227
750,1983-03-04,0.0,7.050723688866189,6.869934088896833,6.869934088896833,2.265829276118488,55300,2.6922599999999997
751,1983-03-07,0.0,7.171247469959143,7.050723688866189,7.050723688866189,2.3254587055464757,172500,2.7152700000000003
752,1983-03-08,0.0,7.291773869938713,7.110984269969356,7.110984269969356,2.3453334360980587,41200,2.7152700000000003
753,1983-03-09,0.0,7.291773869938713,7.110984269969356,7.110984269969356,2.3453334360980587,190100,2.7612919999999996
754,1983-03-10,0.0,7.35203445104188,7.231510669948927,7.231510669948927,2.3850855160878446,109600,2.7612919999999996
755,1983-03-11,0.0,7.291773869938713,7.231510669948927,7.231510669948927,2.3850855160878446,63900,2.738281
756,1983-03-14,0.0,7.291773869938713,7.171247469959143,7.171247469959143,2.3652081666496425,29100,2.7152700000000003
757,1983-03-15,0.0,7.231510669948927,7.110984269969356,7.110984269969356,2.3453334360980587,109600,2.6922599999999997
758,1983-03-16,0.0,7.231510669948927,7.050723688866189,7.050723688866189,2.3254587055464757,34500,2.6922599999999997
759,1983-03-17,0.0,7.110984269969356,7.050723688866189,7.050723688866189,2.3254587055464757,54300,2.6922599999999997
760,1983-03-18,0.0,7.110984269969356,7.050723688866189,7.050723688866189,2.3254587055464757,15000,2.6922599999999997
761,1983-03-21,0.0,7.110984269969356,7.050723688866189,7.050723688866189,2.3254587055464757,53000,2.669249
762,1983-03-22,0.0,7.110984269969356,6.990460488876405,6.990460488876405,2.305581356108274,30300,2.669249
763,1983-03-23,0.0,7.110984269969356,6.990460488876405,6.990460488876405,2.305581356108274,54300,2.669249
764,1983-03-24,0.0,7.050723688866189,6.990460488876405,6.990460488876405,2.305581356108274,34500,2.669249
765,1983-03-25,0.0,7.050723688866189,6.990460488876405,6.990460488876405,2.305581356108274,6400,2.669249
766,1983-03-28,0.0,7.050723688866189,6.990460488876405,6.990460488876405,2.305581356108274,28100,2.6462380000000003
767,1983-03-29,0.0,7.050723688866189,6.93019728888662,6.93019728888662,2.2857066255566902,57500,2.623227
768,1983-03-30,0.0,6.990460488876405,6.869934088896833,6.869934088896833,2.265829276118488,39000,2.554195
769,1983-03-31,0.0,6.809670888907048,6.689147107814096,6.689147107814096,2.2062024655771197,141200,2.5081729999999998
770,1983-04-04,0.0,6.581822865882354,6.5219874979411765,6.5219874979411765,2.151069906176471,429100,2.5081729999999998
771,1983-04-05,0.0,6.64165823382353,6.5219874979411765,6.5219874979411765,2.151069906176471,59700,2.600216
772,1983-04-06,0.0,6.880997105294119,6.761326369411766,6.761326369411766,2.230009635,212800,2.623227
773,1983-04-07,0.0,6.880997105294119,6.821161737352942,6.821161737352942,2.2497432670588235,80200,2.623227
774,1983-04-08,0.0,6.880997105294119,6.821161737352942,6.821161737352942,2.2497432670588235,153000,2.669249
775,1983-04-11,0.0,7.0605006088235305,6.940832473235295,6.940832473235295,2.2892131314705884,59700,2.7152700000000003
776,1983-04-12,0.0,7.180171344705882,7.0605006088235305,7.0605006088235305,2.328682995882353,119500,2.738281
777,1983-04-13,0.0,7.24000671264706,7.120335976764707,7.120335976764707,2.3484166279411767,690800,2.830324
778,1983-04-14,0.0,7.479345584117647,7.359674848235295,7.359674848235295,2.4273537564705885,240000,2.876346
779,1983-04-15,0.0,7.599013719705884,7.479345584117647,7.479345584117647,2.466823620882353,112800,2.899356
780,1983-04-18,0.0,7.599013719705884,7.539178351764707,7.539178351764707,2.4865598532352946,29100,2.876346
781,1983-04-19,0.0,7.599013719705884,7.479345584117647,7.479345584117647,2.466823620882353,66100,2.830324
782,1983-04-20,0.0,7.479345584117647,7.359674848235295,7.359674848235295,2.4273537564705885,48800,2.853335
783,1983-04-21,0.0,7.479345584117647,7.419510216176471,7.419510216176471,2.4470899888235293,59700,2.853335
784,1983-04-22,0.0,7.479345584117647,7.419510216176471,7.419510216176471,2.4470899888235293,21700,2.853335
785,1983-04-25,0.0,7.479345584117647,7.419510216176471,7.419510216176471,2.4470899888235293,30300,2.830324
786,1983-04-26,0.0,7.479345584117647,7.359674848235295,7.359674848235295,2.4273537564705885,76000,2.830324
787,1983-04-27,0.0,7.479345584117647,7.359674848235295,7.359674848235295,2.4273537564705885,29100,2.830324
788,1983-04-28,0.0,7.479345584117647,7.359674848235295,7.359674848235295,2.4273537564705885,230100,2.853335
789,1983-04-29,0.0,7.479345584117647,7.419510216176471,7.419510216176471,2.4470899888235293,168300,2.830324
790,1983-05-02,0.0,7.434107606794354,7.315160685846775,7.315160685846775,2.412672181330645,134500,2.7612919999999996
791,1983-05-03,0.0,7.255687225372984,7.136742888991935,7.136742888991935,2.353829355090726,117200,2.830324
792,1983-05-04,0.0,7.493578482701613,7.315160685846775,7.315160685846775,2.412672181330645,417000,2.876346
793,1983-05-05,0.0,7.5530519431754035,7.434107606794354,7.434107606794354,2.4519033167237905,132300,2.945378
794,1983-05-06,0.0,7.7314723245967745,7.612525403649194,7.612525403649194,2.510748727530242,117200,2.922367
795,1983-05-09,0.0,7.671998864122983,7.5530519431754035,7.5530519431754035,2.491134452116935,133500,2.922367
796,1983-05-10,0.0,7.612525403649194,7.5530519431754035,7.5530519431754035,2.491134452116935,97700,2.922367
797,1983-05-11,0.0,7.671998864122983,7.5530519431754035,7.5530519431754035,2.491134452116935,24900,2.922367
798,1983-05-12,0.0,7.671998864122983,7.5530519431754035,7.5530519431754035,2.491134452116935,36700,2.922367
799,1983-05-13,0.0,7.671998864122983,7.5530519431754035,7.5530519431754035,2.491134452116935,90100,2.945378
800,1983-05-16,0.0,7.671998864122983,7.612525403649194,7.612525403649194,2.510748727530242,253000,2.922367
801,1983-05-17,0.0,7.671998864122983,7.5530519431754035,7.5530519431754035,2.491134452116935,47600,2.945378
802,1983-05-18,0.0,7.671998864122983,7.612525403649194,7.612525403649194,2.510748727530242,23700,2.945378
803,1983-05-19,0.0,7.671998864122983,7.612525403649194,7.612525403649194,2.510748727530242,39000,2.945378
804,1983-05-20,0.0,7.7909432005040316,7.612525403649194,7.612525403649194,2.510748727530242,161700,2.9683889999999997
805,1983-05-23,0.0,7.7909432005040316,7.671998864122983,7.671998864122983,2.5303630029435484,140000,2.9914
806,1983-05-24,0.0,7.850416660977822,7.7314723245967745,7.7314723245967745,2.5499772783568546,57500,3.0374209999999997
807,1983-05-25,0.0,7.96936099735887,7.850416660977822,7.850416660977822,2.5892109983165317,28100,3.129464
808,1983-05-26,0.0,8.207254839254032,8.088307918306452,8.088307918306452,2.6676706845362905,76000,3.129464
809,1983-05-27,0.0,8.266725715161291,8.088307918306452,8.088307918306452,2.6676706845362905,101900,3.129464
810,1983-05-31,0.0,8.207254839254032,8.088307918306452,8.088307918306452,2.6676706845362905,62900,3.129464
811,1983-06-01,0.0,8.123215203768845,8.063921060261308,8.063921060261308,2.6596274563417084,58500,3.129464
812,1983-06-02,0.0,8.123215203768845,8.063921060261308,8.063921060261308,2.6596274563417084,35800,3.083442
813,1983-06-03,0.0,8.123215203768845,7.945332773246231,7.945332773246231,2.6205171825527644,92300,3.083442
814,1983-06-06,0.0,8.123215203768845,7.945332773246231,7.945332773246231,2.6205171825527644,21700,3.083442
815,1983-06-07,0.0,8.123215203768845,7.945332773246231,7.945332773246231,2.6205171825527644,33500,3.083442
816,1983-06-08,0.0,8.123215203768845,7.945332773246231,7.945332773246231,2.6205171825527644,17200,3.083442
817,1983-06-09,0.0,8.123215203768845,7.945332773246231,7.945332773246231,2.6205171825527644,16200,3.1064529999999997
818,1983-06-10,0.0,8.123215203768845,8.004626916753768,8.004626916753768,2.640074896221106,12800,3.129464
819,1983-06-13,0.0,8.123215203768845,8.063921060261308,8.063921060261308,2.6596274563417084,22700,3.129464
820,1983-06-14,0.0,8.123215203768845,8.063921060261308,8.063921060261308,2.6596274563417084,35800,3.129464
821,1983-06-15,0.0,8.182509347276383,8.063921060261308,8.063921060261308,2.6596274563417084,81400,3.152475
822,1983-06-16,0.0,8.241800914010051,8.123215203768845,8.123215203768845,2.67918517001005,35800,3.152475
823,1983-06-17,0.0,8.301095057517587,8.123215203768845,8.123215203768845,2.67918517001005,66100,3.1754860000000003
824,1983-06-20,0.0,8.301095057517587,8.182509347276383,8.182509347276383,2.698740306904523,21700,3.198496
825,1983-06-21,0.0,8.360389201025127,8.241800914010051,8.241800914010051,2.7182980205728646,45400,3.221507
826,1983-06-22,0.0,8.419683344532665,8.301095057517587,8.301095057517587,2.737853157467337,82400,3.2445180000000002
827,1983-06-23,0.0,8.419683344532665,8.360389201025127,8.360389201025127,2.757408294361809,296500,3.2445180000000002
828,1983-06-24,0.0,8.419683344532665,8.360389201025127,8.360389201025127,2.757408294361809,57500,3.221507
829,1983-06-27,0.0,8.360389201025127,8.301095057517587,8.301095057517587,2.737853157467337,96500,3.1064529999999997
830,1983-06-28,0.0,8.123215203768845,8.004626916753768,8.004626916753768,2.640074896221106,119500,3.060432
831,1983-06-29,0.0,8.063921060261308,7.886041206512563,7.886041206512563,2.600959468884423,35800,3.060432
832,1983-06-30,0.0,8.063921060261308,7.886041206512563,7.886041206512563,2.600959468884423,15000,3.152475
833,1983-07-01,0.0,8.149746547087087,8.090689817567569,8.090689817567569,2.6684577018618616,232300,3.1754860000000003
834,1983-07-05,0.0,8.267857439669669,8.149746547087087,8.149746547087087,2.6879345399099104,86900,3.1754860000000003
835,1983-07-06,0.0,8.267857439669669,8.149746547087087,8.149746547087087,2.6879345399099104,40000,3.1754860000000003
836,1983-07-07,0.0,8.267857439669669,8.149746547087087,8.149746547087087,2.6879345399099104,900,3.1754860000000003
837,1983-07-08,0.0,8.267857439669669,8.149746547087087,8.149746547087087,2.6879345399099104,4100,3.1754860000000003
838,1983-07-11,0.0,8.267857439669669,8.149746547087087,8.149746547087087,2.6879345399099104,11800,3.1754860000000003
839,1983-07-12,0.0,8.267857439669669,8.149746547087087,8.149746547087087,2.6879345399099104,19500,3.152475
840,1983-07-13,0.0,8.267857439669669,8.090689817567569,8.090689817567569,2.6684577018618616,80200,3.1754860000000003
841,1983-07-14,0.0,8.267857439669669,8.149746547087087,8.149746547087087,2.6879345399099104,19500,3.1754860000000003
842,1983-07-15,0.0,8.267857439669669,8.149746547087087,8.149746547087087,2.6879345399099104,28100,3.1754860000000003
843,1983-07-18,0.0,8.267857439669669,8.149746547087087,8.149746547087087,2.6879345399099104,36700,3.267529
844,1983-07-19,0.0,8.504081791291291,8.20880071015015,8.38597089870871,2.7658444585585586,147600,3.31355
845,1983-07-20,0.0,8.504081791291291,8.38597089870871,8.504081791291291,2.8048007011111116,41200,3.267529
846,1983-07-21,0.0,8.38597089870871,8.38597089870871,8.38597089870871,2.7658444585585586,5400,3.31355
847,1983-07-22,0.0,8.504081791291291,8.504081791291291,8.504081791291291,2.8048007011111116,33500,3.31355
848,1983-07-25,8.504081791291291,8.504081791291291,8.504081791291291,8.504081791291291,2.8048007011111116,0,3.31355
849,1983-07-26,0.0,8.504081791291291,8.38597089870871,8.504081791291291,2.8048007011111116,18200,3.267529
850,1983-07-27,0.0,8.38597089870871,8.356441250720719,8.38597089870871,2.7658444585585586,105100,3.198496
851,1983-07-28,0.0,8.445027628228228,8.20880071015015,8.20880071015015,2.7074139444144145,67100,3.152475
852,1983-07-29,0.0,8.149746547087087,7.913519629009008,8.090689817567569,2.6684577018618616,111800,3.01441
853,1983-08-01,0.0,7.978147605299402,7.713189276347305,7.713189276347305,2.54395204502994,101900,3.0374209999999997
854,1983-08-02,0.0,7.830949102275449,7.7720691893113765,7.7720691893113765,2.5633705691916164,16200,3.083442
855,1983-08-03,0.0,7.889826456467065,7.830949102275449,7.889826456467065,2.6022101762874255,7400,3.060432
856,1983-08-04,0.0,7.889826456467065,7.7720691893113765,7.830949102275449,2.5827890933532935,25900,3.01441
857,1983-08-05,0.0,7.7720691893113765,7.713189276347305,7.713189276347305,2.54395204502994,17200,3.01441
858,1983-08-08,0.0,7.7720691893113765,7.713189276347305,7.713189276347305,2.54395204502994,273500,3.01441
859,1983-08-09,0.0,7.801507866407185,7.713189276347305,7.713189276347305,2.54395204502994,118200,2.9914
860,1983-08-10,0.0,7.713189276347305,7.654311922155689,7.654311922155689,2.524528403323353,59700,3.01441
861,1983-08-11,0.0,7.713189276347305,7.654311922155689,7.713189276347305,2.54395204502994,6400,3.0374209999999997
862,1983-08-12,0.0,7.7720691893113765,7.654311922155689,7.7720691893113765,2.5633705691916164,15000,2.9914
863,1983-08-15,0.0,7.7720691893113765,7.654311922155689,7.654311922155689,2.524528403323353,120400,3.0374209999999997
864,1983-08-16,0.0,7.948706369431138,7.654311922155689,7.7720691893113765,2.5633705691916164,143200,3.060432
865,1983-08-17,0.0,7.830949102275449,7.830949102275449,7.830949102275449,2.5827890933532935,16200,3.1064529999999997
866,1983-08-18,0.0,7.948706369431138,7.830949102275449,7.948706369431138,2.6216312592215574,80200,3.083442
867,1983-08-19,0.0,7.948706369431138,7.830949102275449,7.889826456467065,2.6022101762874255,20400,3.060432
868,1983-08-22,0.0,7.948706369431138,7.830949102275449,7.830949102275449,2.5827890933532935,14000,3.01441
869,1983-08-23,0.0,7.830949102275449,7.713189276347305,7.713189276347305,2.54395204502994,81400,2.9914
870,1983-08-24,0.0,7.654311922155689,7.654311922155689,7.654311922155689,2.524528403323353,6400,2.9683889999999997
871,1983-08-25,0.0,7.713189276347305,7.595432009191616,7.595432009191616,2.505109879161677,25900,2.9914
872,1983-08-26,0.0,7.654311922155689,7.595432009191616,7.654311922155689,2.524528403323353,40000,2.9683889999999997
873,1983-08-29,0.0,7.713189276347305,7.595432009191616,7.595432009191616,2.505109879161677,10800,2.9914
874,1983-08-30,0.0,7.654311922155689,7.595432009191616,7.654311922155689,2.524528403323353,5400,3.01441
875,1983-08-31,0.0,7.713189276347305,7.5365520962275445,7.713189276347305,2.54395204502994,228100,2.9914
876,1983-09-01,0.0,7.7920665347368425,7.587011348222442,7.616306401191659,2.511993505590864,186600,3.060432
877,1983-09-02,0.0,7.7920665347368425,7.7920665347368425,7.7920665347368425,2.5699649171201595,7400,3.083442
878,1983-09-06,0.0,7.850651548540218,7.733478974865938,7.850651548540218,2.589289569652433,372600,3.152475
879,1983-09-07,0.0,8.02641422815293,7.7920665347368425,8.02641422815293,2.6472584351142006,61700,3.221507
880,1983-09-08,0.0,8.202174361698113,8.085001788023835,8.202174361698113,2.705227300575969,19500,3.2445180000000002
881,1983-09-09,0.0,8.260761921569017,8.085001788023835,8.260761921569017,2.724549407040715,56200,3.221507
882,1983-09-12,0.0,8.319349481439922,8.202174361698113,8.202174361698113,2.705227300575969,54300,3.221507
883,1983-09-13,0.0,8.377937041310824,8.202174361698113,8.202174361698113,2.705227300575969,53000,3.267529
884,1983-09-14,0.0,8.319349481439922,8.202174361698113,8.319349481439922,2.743871513505462,59700,3.336561
885,1983-09-15,0.0,8.553697174856008,8.260761921569017,8.495109614985104,2.801842925034757,80200,3.359572
886,1983-09-16,0.0,8.553697174856008,8.436522055114201,8.553697174856008,2.8211650314995036,386600,3.3710769999999997
887,1983-09-19,0.0,8.582989681757695,8.495109614985104,8.582989681757695,2.830824811698113,183400,3.336561
888,1983-09-20,0.0,8.612282188659384,8.495109614985104,8.495109614985104,2.801842925034757,90100,3.31355
889,1983-09-21,0.0,8.582989681757695,8.436522055114201,8.436522055114201,2.782518272502483,40000,3.359572
890,1983-09-22,0.0,8.553697174856008,8.377937041310824,8.553697174856008,2.8211650314995036,240000,3.29054
891,1983-09-23,0.0,8.495109614985104,8.348641988341608,8.377937041310824,2.763196166037736,378000,3.359572
892,1983-09-26,0.0,8.553697174856008,8.553697174856008,8.553697174856008,2.8211650314995036,22700,3.348066
893,1983-09-27,0.0,8.553697174856008,8.436522055114201,8.524402121886792,2.8115027052333668,145400,3.359572
894,1983-09-28,0.0,8.553697174856008,8.436522055114201,8.553697174856008,2.8211650314995036,17200,3.348066
895,1983-09-29,0.0,8.553697174856008,8.495109614985104,8.524402121886792,2.8115027052333668,101900,3.31355
896,1983-09-30,0.0,8.553697174856008,8.436522055114201,8.436522055114201,2.782518272502483,361700,3.348066
897,1983-10-03,0.0,8.528290153544555,8.411463078712872,8.499082115584159,2.80315170709901,62900,3.3825819999999998
898,1983-10-04,0.0,8.586701152455445,8.411463078712872,8.586701152455445,2.832050047455446,183400,3.359572
899,1983-10-05,0.0,8.528290153544555,8.528290153544555,8.528290153544555,2.8127853333861386,23700,3.3825819999999998
900,1983-10-06,0.0,8.586701152455445,8.499082115584159,8.586701152455445,2.832050047455446,17200,3.359572
901,1983-10-07,0.0,8.528290153544555,8.528290153544555,8.528290153544555,2.8127853333861386,15000,3.359572
902,1983-10-10,0.0,8.703528227287128,8.528290153544555,8.528290153544555,2.8127853333861386,69300,3.3940879999999995
903,1983-10-11,0.0,8.615909190415842,8.528290153544555,8.615909190415842,2.8416836737425744,36700,3.405593
904,1983-10-12,0.0,8.703528227287128,8.528290153544555,8.645114689871289,2.851317300029703,66100,3.428604
905,1983-10-13,0.0,8.703528227287128,8.528290153544555,8.703528227287128,2.8705845526039604,451800,3.3825819999999998
906,1983-10-14,0.0,8.703528227287128,8.586701152455445,8.586701152455445,2.832050047455446,74800,3.3940879999999995
907,1983-10-17,0.0,8.761941764702973,8.528290153544555,8.615909190415842,2.8416836737425744,388800,3.359572
908,1983-10-18,0.0,8.703528227287128,8.528290153544555,8.528290153544555,2.8127853333861386,32500,3.2445180000000002
909,1983-10-19,0.0,8.411463078712872,8.177811467554456,8.236225004970299,2.7164566860297032,110600,3.2445180000000002
910,1983-10-20,0.0,8.294638542386139,8.177811467554456,8.236225004970299,2.7164566860297032,54300,3.2445180000000002
911,1983-10-21,0.0,8.294638542386139,8.177811467554456,8.236225004970299,2.7164566860297032,130300,3.221507
912,1983-10-24,0.0,8.294638542386139,8.177811467554456,8.177811467554456,2.6971919719603967,38000,3.267529
913,1983-10-25,0.0,8.294638542386139,8.177811467554456,8.294638542386139,2.7357214000990098,65100,3.29054
914,1983-10-26,0.0,8.35305207980198,8.236225004970299,8.35305207980198,2.7549886526732674,11800,3.2445180000000002
915,1983-10-27,0.0,8.35305207980198,8.236225004970299,8.236225004970299,2.7164566860297032,92300,3.2445180000000002
916,1983-10-28,0.0,8.35305207980198,8.236225004970299,8.236225004970299,2.7164566860297032,48800,3.267529
917,1983-10-31,0.0,8.294638542386139,8.236225004970299,8.294638542386139,2.7357214000990098,43400,3.279034
918,1983-11-01,0.0,8.307393757173912,8.219947880454546,8.307393757173912,2.739931957055336,207400,3.29054
919,1983-11-02,0.0,8.336544071739132,8.219947880454546,8.336544071739132,2.7495440110671936,35800,3.267529
920,1983-11-03,0.0,8.336544071739132,8.219947880454546,8.278245976096839,2.730314836067194,63900,3.336561
921,1983-11-04,0.0,8.453137729535573,8.394839633893282,8.453137729535573,2.7879998275790516,29100,3.31355
922,1983-11-07,0.0,8.453137729535573,8.278245976096839,8.394839633893282,2.7687706525790516,60700,3.29054
923,1983-11-08,0.0,8.336544071739132,8.219947880454546,8.336544071739132,2.7495440110671936,3200,3.336561
924,1983-11-09,0.0,8.453137729535573,8.336544071739132,8.453137729535573,2.7879998275790516,202900,3.359572
925,1983-11-10,0.0,8.569731387332014,8.511435825177866,8.511435825177866,2.807226469090909,17200,3.359572
926,1983-11-11,8.511435825177866,8.511435825177866,8.511435825177866,8.511435825177866,2.807226469090909,0,3.3825819999999998
927,1983-11-14,0.0,8.6863275786166,8.511435825177866,8.569731387332014,2.826453110602767,27100,3.474626
928,1983-11-15,0.0,8.802923769901186,8.62802948297431,8.802923769901186,2.9033647436264824,47600,3.497636
929,1983-11-16,0.0,8.861219332055336,8.773773455335968,8.861219332055336,2.9225913851383396,79200,3.4516150000000003
930,1983-11-17,0.0,8.744625674258895,8.744625674258895,8.744625674258895,2.884135568626482,10800,3.5206470000000003
931,1983-11-18,0.0,8.91951742769763,8.861219332055336,8.91951742769763,2.94182056013834,12800,3.566669
932,1983-11-21,0.0,9.036113618982213,8.861219332055336,9.036113618982213,2.9802763766501976,80200,3.5206470000000003
933,1983-11-22,0.0,8.977815523339922,8.861219332055336,8.91951742769763,2.94182056013834,160700,3.543658
934,1983-11-23,0.0,8.977815523339922,8.91951742769763,8.977815523339922,2.9610472016501976,31300,3.543658
935,1983-11-25,0.0,8.977815523339922,8.91951742769763,8.977815523339922,2.9610472016501976,87900,3.543658
936,1983-11-28,0.0,9.036113618982213,8.91951742769763,8.977815523339922,2.9610472016501976,31300,3.543658
937,1983-11-29,0.0,8.977815523339922,8.91951742769763,8.977815523339922,2.9610472016501976,367100,3.543658
938,1983-11-30,0.0,9.036113618982213,8.948665208774703,8.977815523339922,2.9610472016501976,40000,3.543658
939,1983-12-01,0.0,9.085431482043436,8.910712375942746,8.968952921638698,2.9581241540671273,216000,3.543658
940,1983-12-02,0.0,9.02719346733465,8.968952921638698,8.968952921638698,2.9581241540671273,36700,3.566669
941,1983-12-05,0.0,9.02719346733465,9.02719346733465,9.02719346733465,2.977334346663376,88800,3.543658
942,1983-12-06,0.0,8.968952921638698,8.968952921638698,8.968952921638698,2.9581241540671273,60700,3.543658
943,1983-12-07,8.968952921638698,8.968952921638698,8.968952921638698,8.968952921638698,2.9581241540671273,0,3.497636
944,1983-12-08,0.0,8.968952921638698,8.852471830246794,8.852471830246794,2.919706299861797,67100,3.497636
945,1983-12-09,0.0,8.968952921638698,8.794233815538007,8.852471830246794,2.919706299861797,206400,3.566669
946,1983-12-12,0.0,9.02719346733465,8.910712375942746,9.02719346733465,2.977334346663376,88800,3.5206470000000003
947,1983-12-13,0.0,8.910712375942746,8.910712375942746,8.910712375942746,2.9389164924580453,1900,3.543658
948,1983-12-14,0.0,8.968952921638698,8.910712375942746,8.968952921638698,2.9581241540671273,9600,3.497636
949,1983-12-15,0.0,8.910712375942746,8.852471830246794,8.852471830246794,2.919706299861797,65100,3.497636
950,1983-12-16,0.0,8.910712375942746,8.852471830246794,8.852471830246794,2.919706299861797,17200,3.486131
951,1983-12-19,0.0,8.852471830246794,8.794233815538007,8.8233528228924,2.910103734550839,15000,3.474626
952,1983-12-20,0.0,8.852471830246794,8.765112277196446,8.794233815538007,2.9004986382527154,201900,3.4516150000000003
953,1983-12-21,0.0,8.852471830246794,8.735993269842055,8.735993269842055,2.881288445656466,91100,3.4516150000000003
954,1983-12-22,0.0,8.852471830246794,8.677752724146101,8.735993269842055,2.881288445656466,71600,3.405593
955,1983-12-23,0.0,8.735993269842055,8.61951217845015,8.61951217845015,2.842873122438302,55300,3.405593
956,1983-12-27,0.0,8.61951217845015,8.61951217845015,8.61951217845015,2.842873122438302,15000,3.405593
957,1983-12-28,0.0,8.735993269842055,8.61951217845015,8.61951217845015,2.842873122438302,34500,3.3825819999999998
958,1983-12-29,0.0,8.61951217845015,8.561271632754195,8.561271632754195,2.8236629298420532,17200,3.3825819999999998
959,1983-12-30,0.0,8.61951217845015,8.561271632754195,8.561271632754195,2.8236629298420532,45400,3.3825819999999998
960,1984-01-03,0.0,8.568759408017664,8.51086178997056,8.51086178997056,2.807036847821393,50800,3.405593
961,1984-01-04,0.0,8.568759408017664,8.51086178997056,8.568759408017664,2.8261339283905786,97700,3.428604
962,1984-01-05,0.0,8.62665702606477,8.51086178997056,8.62665702606477,2.845231008959764,852800,3.497636
963,1984-01-06,0.0,8.800347364121688,8.62665702606477,8.800347364121688,2.9025147024141313,345400,3.497636
964,1984-01-09,0.0,8.916142600215899,8.684554644111875,8.800347364121688,2.9025147024141313,342200,3.4516150000000003
965,1984-01-10,0.0,8.858244982168793,8.684554644111875,8.684554644111875,2.864323057360157,57500,3.497636
966,1984-01-11,0.0,8.800347364121688,8.74245226215898,8.800347364121688,2.9025147024141313,72500,3.474626
967,1984-01-12,0.0,8.800347364121688,8.684554644111875,8.74245226215898,2.8834201379293427,170300,3.4631199999999995
968,1984-01-13,0.0,8.800347364121688,8.684554644111875,8.713502195093229,2.87387159764475,162900,3.4516150000000003
969,1984-01-16,0.0,8.800347364121688,8.684554644111875,8.684554644111875,2.864323057360157,85600,3.474626
970,1984-01-17,0.0,8.858244982168793,8.684554644111875,8.74245226215898,2.8834201379293427,602900,3.497636
971,1984-01-18,0.0,8.858244982168793,8.74245226215898,8.800347364121688,2.9025147024141313,312800,3.5206470000000003
972,1984-01-19,0.0,8.916142600215899,8.74245226215898,8.858244982168793,2.921611782983317,571300,3.543658
973,1984-01-20,0.0,8.916142600215899,8.800347364121688,8.916142600215899,2.940706347468106,259500,3.543658
974,1984-01-23,0.0,8.916142600215899,8.800347364121688,8.916142600215899,2.940706347468106,40000,3.543658
975,1984-01-24,0.0,8.916142600215899,8.800347364121688,8.916142600215899,2.940706347468106,110600,3.497636
976,1984-01-25,0.0,8.916142600215899,8.800347364121688,8.800347364121688,2.9025147024141313,1123200,3.5206470000000003
977,1984-01-26,0.0,8.916142600215899,8.74245226215898,8.858244982168793,2.921611782983317,164900,3.5206470000000003
978,1984-01-27,0.0,8.858244982168793,8.74245226215898,8.858244982168793,2.921611782983317,70600,3.5206470000000003
979,1984-01-30,0.0,8.858244982168793,8.74245226215898,8.858244982168793,2.921611782983317,30300,3.5206470000000003
980,1984-01-31,0.0,8.858244982168793,8.74245226215898,8.858244982168793,2.921611782983317,105100,3.474626
981,1984-02-01,0.0,8.814991832841798,8.699764506972656,8.699764506972656,2.8693409380371095,92300,3.474626
982,1984-02-02,0.0,8.757376918007813,8.699764506972656,8.699764506972656,2.8693409380371095,58500,3.428604
983,1984-02-03,0.0,8.757376918007813,8.584534677304688,8.584534677304688,2.8313382794238278,110600,3.31355
984,1984-02-06,0.0,8.642149592138672,8.296462606933595,8.296462606933595,2.7363241214941407,105100,3.267529
985,1984-02-07,0.0,8.411692436601562,8.123620366230469,8.181235281064453,2.698318959082031,398500,3.267529
986,1984-02-08,0.0,8.296462606933595,8.181235281064453,8.181235281064453,2.698318959082031,47600,3.2445180000000002
987,1984-02-09,0.0,8.238850195898438,8.123620366230469,8.123620366230469,2.6793176297753902,1533800,3.29054
988,1984-02-10,0.0,8.238850195898438,8.094811656914063,8.238850195898438,2.7173227921875003,83400,3.267529
989,1984-02-13,0.0,8.296462606933595,8.181235281064453,8.181235281064453,2.698318959082031,76000,3.29054
990,1984-02-14,0.0,8.238850195898438,8.181235281064453,8.238850195898438,2.7173227921875003,49800,3.29054
991,1984-02-15,0.0,8.296462606933595,8.238850195898438,8.238850195898438,2.7173227921875003,71600,3.31355
992,1984-02-16,0.0,8.296462606933595,8.181235281064453,8.296462606933595,2.7363241214941407,163900,3.31355
993,1984-02-17,8.296462606933595,8.296462606933595,8.296462606933595,8.296462606933595,2.7363241214941407,0,3.29054
994,1984-02-21,0.0,8.296462606933595,8.238850195898438,8.238850195898438,2.7173227921875003,98700,3.31355
995,1984-02-22,0.0,8.296462606933595,8.238850195898438,8.296462606933595,2.7363241214941407,92300,3.31355
996,1984-02-23,0.0,8.296462606933595,8.296462606933595,8.296462606933595,2.7363241214941407,21700,3.3825819999999998
997,1984-02-24,0.0,8.469304847636717,8.296462606933595,8.469304847636717,2.7933306132128903,47600,3.3825819999999998
998,1984-02-27,0.0,8.699764506972656,8.354077521767577,8.469304847636717,2.7933306132128903,103200,3.428604
999,1984-02-28,0.0,8.584534677304688,8.469304847636717,8.584534677304688,2.8313382794238278,18200,3.405593
1000,1984-02-29,0.0,8.584534677304688,8.469304847636717,8.526919762470703,2.8123344463183595,40000,3.359572
1001,1984-03-01,0.0,8.510298086520468,8.395295375321638,8.395295375321638,2.768921234619883,12800,3.3825819999999998
1002,1984-03-02,0.0,8.452795481461989,8.452795481461989,8.452795481461989,2.787885524298246,1900,3.359572
1003,1984-03-05,0.0,8.395295375321638,8.395295375321638,8.395295375321638,2.768921234619883,900,3.359572
1004,1984-03-06,8.395295375321638,8.395295375321638,8.395295375321638,8.395295375321638,2.768921234619883,0,3.3825819999999998
1005,1984-03-07,0.0,8.452795481461989,8.337792770263158,8.452795481461989,2.787885524298246,11800,3.31355
1006,1984-03-08,0.0,8.395295375321638,8.28029016520468,8.28029016520468,2.7309901563450296,1900,3.31355
1007,1984-03-09,0.0,8.337792770263158,8.222790059064328,8.28029016520468,2.7309901563450296,57500,3.359572
1008,1984-03-12,0.0,8.395295375321638,8.309042717192982,8.395295375321638,2.768921234619883,68300,3.31355
1009,1984-03-13,0.0,8.395295375321638,8.28029016520468,8.28029016520468,2.7309901563450296,45400,3.221507
1010,1984-03-14,0.0,8.28029016520468,7.9927796388304095,8.05028224388889,2.6551304987134507,183400,3.2445180000000002
1011,1984-03-15,0.0,8.165287454005847,8.05028224388889,8.10778484894737,2.6740947883918134,299700,3.31355
1012,1984-03-16,0.0,8.28029016520468,8.05028224388889,8.28029016520468,2.7309901563450296,149800,3.267529
1013,1984-03-19,0.0,8.165287454005847,8.165287454005847,8.165287454005847,2.6930590780701755,900,3.267529
1014,1984-03-20,0.0,8.222790059064328,8.165287454005847,8.165287454005847,2.6930590780701755,129100,3.267529
1015,1984-03-21,0.0,8.28029016520468,8.165287454005847,8.165287454005847,2.6930590780701755,81400,3.31355
1016,1984-03-22,0.0,8.28029016520468,8.165287454005847,8.28029016520468,2.7309901563450296,97700,3.267529
1017,1984-03-23,0.0,8.28029016520468,8.165287454005847,8.165287454005847,2.6930590780701755,18200,3.31355
1018,1984-03-26,0.0,8.28029016520468,8.165287454005847,8.28029016520468,2.7309901563450296,52100,3.336561
1019,1984-03-27,0.0,8.337792770263158,8.222790059064328,8.337792770263158,2.749956944941521,46600,3.31355
1020,1984-03-28,0.0,8.337792770263158,8.194037507076024,8.28029016520468,2.7309901563450296,395300,3.359572
1021,1984-03-29,0.0,8.395295375321638,8.222790059064328,8.395295375321638,2.768921234619883,85600,3.359572
1022,1984-03-30,0.0,8.395295375321638,8.222790059064328,8.395295375321638,2.768921234619883,5400,3.29054
1023,1984-04-02,0.0,8.297357305809895,8.18291231871969,8.18291231871969,2.6988734618816688,46600,3.31355
1024,1984-04-03,0.0,8.354581042754608,8.240133568865181,8.240133568865181,2.7177457811930172,25900,3.359572
1025,1984-04-04,0.0,8.411802292900099,8.297357305809895,8.354581042754608,2.755492906614937,56200,3.31355
1026,1984-04-05,0.0,8.240133568865181,8.240133568865181,8.240133568865181,2.7177457811930172,18200,3.29054
1027,1984-04-06,0.0,8.240133568865181,8.125688581774977,8.18291231871969,2.6988734618816688,52100,3.267529
1028,1984-04-09,0.0,8.18291231871969,8.125688581774977,8.125688581774977,2.679998655771096,62900,3.31355
1029,1984-04-10,0.0,8.240133568865181,8.240133568865181,8.240133568865181,2.7177457811930172,22700,3.31355
1030,1984-04-11,0.0,8.240133568865181,8.125688581774977,8.240133568865181,2.7177457811930172,94300,3.267529
1031,1984-04-12,0.0,8.125688581774977,8.125688581774977,8.125688581774977,2.679998655771096,32500,3.267529
1032,1984-04-13,0.0,8.240133568865181,8.125688581774977,8.125688581774977,2.679998655771096,121400,3.267529
1033,1984-04-16,0.0,8.240133568865181,8.125688581774977,8.125688581774977,2.679998655771096,23700,3.221507
1034,1984-04-17,0.0,8.125688581774977,8.01124110788555,8.01124110788555,2.6422540171484004,54300,3.221507
1035,1984-04-18,0.0,8.068464844830263,7.954017370940835,8.01124110788555,2.6422540171484004,80200,3.198496
1036,1984-04-19,0.0,8.068464844830263,7.954017370940835,7.954017370940835,2.623381697837052,6400,3.1754860000000003
1037,1984-04-23,0.0,8.068464844830263,7.839572383850631,7.896796120795346,2.6045068917264795,211800,3.221507
1038,1984-04-24,0.0,8.01124110788555,7.839572383850631,8.01124110788555,2.6422540171484004,72500,3.152475
1039,1984-04-25,0.0,8.01124110788555,7.839572383850631,7.839572383850631,2.585634572415131,5400,3.2100020000000002
1040,1984-04-26,0.0,8.01124110788555,7.896796120795346,7.982630482812804,2.6328166140931133,1457800,3.198496
1041,1984-04-27,0.0,8.01124110788555,7.896796120795346,7.954017370940835,2.623381697837052,7400,3.1754860000000003
1042,1984-04-30,0.0,8.01124110788555,7.896796120795346,7.896796120795346,2.6045068917264795,9600,3.1754860000000003
1043,1984-05-01,0.0,7.930939951102514,7.873884720058028,7.873884720058028,2.59695029532882,4100,3.221507
1044,1984-05-02,0.0,7.987997661731141,7.873884720058028,7.987997661731141,2.6345879029787236,24900,3.2100020000000002
1045,1984-05-03,0.0,7.987997661731141,7.959470046208898,7.959470046208898,2.6251778811702122,35800,3.221507
1046,1984-05-04,0.0,8.045055372359768,7.959470046208898,7.987997661731141,2.6345879029787236,58500,3.2445180000000002
1047,1984-05-07,0.0,8.045055372359768,7.930939951102514,8.045055372359768,2.6534054670116056,47600,3.2100020000000002
1048,1984-05-08,0.0,8.045055372359768,7.930939951102514,7.959470046208898,2.6251778811702122,36700,3.221507
1049,1984-05-09,0.0,7.987997661731141,7.987997661731141,7.987997661731141,2.6345879029787236,8600,3.267529
1050,1984-05-10,0.0,8.102113082988396,7.987997661731141,8.102113082988396,2.6722230310444877,114000,3.267529
1051,1984-05-11,0.0,8.102113082988396,8.102113082988396,8.102113082988396,2.6722230310444877,11800,3.29054
1052,1984-05-14,0.0,8.15917079361702,8.045055372359768,8.15917079361702,2.691043074661509,74800,3.267529
1053,1984-05-15,0.0,8.216226024661509,8.045055372359768,8.102113082988396,2.6722230310444877,24900,3.336561
1054,1984-05-16,0.0,8.301811350812379,8.15917079361702,8.273283735290136,2.728680682311412,473500,3.359572
1055,1984-05-17,0.0,8.501512098220504,8.330341445918762,8.330341445918762,2.747498246344294,92300,3.3825819999999998
1056,1984-05-18,0.0,8.387396676963249,8.387396676963249,8.387396676963249,2.766315810377176,8600,3.405593
1057,1984-05-21,0.0,8.530039713742745,8.444454387591877,8.444454387591877,2.7851358539941975,297500,3.3940879999999995
1058,1984-05-22,0.0,8.444454387591877,8.330341445918762,8.415926772069632,2.7757258321856866,121400,3.359572
1059,1984-05-23,0.0,8.387396676963249,8.273283735290136,8.330341445918762,2.747498246344294,118200,3.1754860000000003
1060,1984-05-24,0.0,8.330341445918762,7.873884720058028,7.873884720058028,2.59695029532882,243200,3.267529
1061,1984-05-25,0.0,8.102113082988396,7.987997661731141,8.102113082988396,2.6722230310444877,23700,3.267529
1062,1984-05-29,0.0,8.102113082988396,7.930939951102514,8.102113082988396,2.6722230310444877,22700,3.198496
1063,1984-05-30,0.0,8.045055372359768,7.930939951102514,7.930939951102514,2.6157703389458415,24900,3.2445180000000002
1064,1984-05-31,0.0,8.045055372359768,7.930939951102514,8.045055372359768,2.6534054670116056,24900,3.2445180000000002
1065,1984-06-01,0.0,8.021781345245902,7.90799605539055,8.021781345245902,2.645729269903568,30300,3.267529
1066,1984-06-04,0.0,8.19245680761813,7.964888700318225,8.078673990173579,2.664492395467695,86900,3.221507
1067,1984-06-05,0.0,8.078673990173579,7.90799605539055,7.964888700318225,2.6269661443394408,124900,3.198496
1068,1984-06-06,0.0,8.078673990173579,7.90799605539055,7.90799605539055,2.6082030187753134,78700,3.221507
1069,1984-06-07,0.0,8.078673990173579,7.851105882873675,7.964888700318225,2.6269661443394408,23700,3.221507
1070,1984-06-08,0.0,8.078673990173579,7.90799605539055,7.964888700318225,2.6269661443394408,17700,3.2445180000000002
1071,1984-06-11,0.0,8.021781345245902,8.021781345245902,8.021781345245902,2.645729269903568,4100,3.1754860000000003
1072,1984-06-12,0.0,8.021781345245902,7.851105882873675,7.851105882873675,2.589437420800386,29100,3.2445180000000002
1073,1984-06-13,0.0,8.021781345245902,7.90799605539055,8.021781345245902,2.645729269903568,13500,3.221507
1074,1984-06-14,0.0,7.964888700318225,7.851105882873675,7.964888700318225,2.6269661443394408,134500,3.221507
1075,1984-06-15,0.0,7.964888700318225,7.851105882873675,7.964888700318225,2.6269661443394408,330600,3.221507
1076,1984-06-18,0.0,7.964888700318225,7.851105882873675,7.964888700318225,2.6269661443394408,8600,3.1754860000000003
1077,1984-06-19,0.0,7.964888700318225,7.851105882873675,7.851105882873675,2.589437420800386,73300,3.267529
1078,1984-06-20,0.0,8.078673990173579,7.851105882873675,8.078673990173579,2.664492395467695,47100,3.29054
1079,1984-06-21,0.0,8.249349452545806,8.078673990173579,8.135566635101254,2.683257993442623,24400,3.267529
1080,1984-06-22,0.0,8.306242097473481,8.078673990173579,8.078673990173579,2.664492395467695,8600,3.336561
1081,1984-06-25,0.0,8.306242097473481,8.078673990173579,8.249349452545806,2.7207867169816784,3200,3.267529
1082,1984-06-26,0.0,8.078673990173579,8.078673990173579,8.078673990173579,2.664492395467695,21700,3.31355
1083,1984-06-27,0.0,8.363132269990356,8.135566635101254,8.19245680761813,2.7020211190067505,27100,3.336561
1084,1984-06-28,0.0,8.420024914918034,8.135566635101254,8.249349452545806,2.7207867169816784,98200,3.31355
1085,1984-06-29,0.0,8.420024914918034,8.19245680761813,8.19245680761813,2.7020211190067505,230800,3.31355
1086,1984-07-02,0.0,8.387671312939482,8.160977626801154,8.160977626801154,2.6916387131700295,59700,3.359572
1087,1984-07-03,0.0,8.387671312939482,8.160977626801154,8.27432570132565,2.7290232341210374,870600,3.405593
1088,1984-07-05,0.0,8.387671312939482,8.160977626801154,8.387671312939482,2.7664077550720463,86100,3.359572
1089,1984-07-06,0.0,8.387671312939482,8.160977626801154,8.27432570132565,2.7290232341210374,101400,3.405593
1090,1984-07-09,0.0,8.387671312939482,8.160977626801154,8.387671312939482,2.7664077550720463,28600,3.359572
1091,1984-07-10,0.0,8.387671312939482,8.160977626801154,8.27432570132565,2.7290232341210374,23200,3.31355
1092,1984-07-11,0.0,8.27432570132565,8.160977626801154,8.160977626801154,2.6916387131700295,4100,3.359572
1093,1984-07-12,0.0,8.27432570132565,8.160977626801154,8.27432570132565,2.7290232341210374,23200,3.359572
1094,1984-07-13,0.0,8.27432570132565,8.160977626801154,8.27432570132565,2.7290232341210374,517000,3.336561
1095,1984-07-16,0.0,8.27432570132565,8.047632015187322,8.217651664063402,2.710332205100865,12300,3.359572
1096,1984-07-17,0.0,8.27432570132565,8.160977626801154,8.27432570132565,2.7290232341210374,103200,3.405593
1097,1984-07-18,0.0,8.387671312939482,8.160977626801154,8.387671312939482,2.7664077550720463,28100,3.405593
1098,1984-07-19,0.0,8.387671312939482,8.160977626801154,8.387671312939482,2.7664077550720463,59000,3.3825819999999998
1099,1984-07-20,0.0,8.387671312939482,8.160977626801154,8.330997275677234,2.747714263141211,53500,3.359572
1100,1984-07-23,0.0,8.27432570132565,8.217651664063402,8.27432570132565,2.7290232341210374,27600,3.359572
1101,1984-07-24,0.0,8.387671312939482,8.160977626801154,8.27432570132565,2.7290232341210374,156300,3.3825819999999998
1102,1984-07-25,0.0,8.330997275677234,8.160977626801154,8.330997275677234,2.747714263141211,17200,3.405593
1103,1984-07-26,0.0,8.387671312939482,8.160977626801154,8.387671312939482,2.7664077550720463,31300,3.3825819999999998
1104,1984-07-27,0.0,8.387671312939482,8.160977626801154,8.330997275677234,2.747714263141211,42200,3.359572
1105,1984-07-30,0.0,8.501019387463979,8.27432570132565,8.27432570132565,2.7290232341210374,68300,3.3825819999999998
1106,1984-07-31,0.0,8.501019387463979,8.27432570132565,8.330997275677234,2.747714263141211,7400,3.405593
1107,1984-08-01,0.0,8.355565394038278,8.242653641224882,8.355565394038278,2.755818634478469,128600,3.543658
1108,1984-08-02,0.0,8.694305559444977,8.242653641224882,8.694305559444977,2.8675404479138757,247600,3.5896790000000003
1109,1984-08-03,0.0,8.807217312258373,8.581391353148325,8.807217312258373,2.904781870220096,304200,3.5896790000000003
1110,1984-08-06,0.0,8.920131518555024,8.807217312258373,8.807217312258373,2.904781870220096,124200,3.5896790000000003
1111,1984-08-07,0.0,8.807217312258373,8.694305559444977,8.807217312258373,2.904781870220096,20900,3.681722
1112,1984-08-08,0.0,9.03304327136842,8.807217312258373,9.03304327136842,2.9792622613492825,100900,3.681722
1113,1984-08-09,0.0,9.03304327136842,8.807217312258373,9.03304327136842,2.9792622613492825,46100,3.681722
1114,1984-08-10,0.0,9.03304327136842,8.807217312258373,9.03304327136842,2.9792622613492825,105100,3.681722
1115,1984-08-13,0.0,9.089500374516748,8.920131518555024,9.03304327136842,2.9792622613492825,168800,3.7277440000000004
1116,1984-08-14,0.0,9.258871683961724,8.920131518555024,9.145957477665073,3.0165036836555026,194800,3.773766
1117,1984-08-15,0.0,9.258871683961724,9.03304327136842,9.258871683961724,3.0537426524784688,267600,3.681722
1118,1984-08-16,0.0,9.03304327136842,9.03304327136842,9.03304327136842,2.9792622613492825,9600,3.681722
1119,1984-08-17,0.0,9.145957477665073,9.03304327136842,9.03304327136842,2.9792622613492825,16700,3.7277440000000004
1120,1984-08-20,0.0,9.145957477665073,9.03304327136842,9.145957477665073,3.0165036836555026,67100,3.7277440000000004
1121,1984-08-21,0.0,9.145957477665073,9.03304327136842,9.145957477665073,3.0165036836555026,150800,3.773766
1122,1984-08-22,0.0,9.258871683961724,9.145957477665073,9.258871683961724,3.0537426524784688,120400,3.7277440000000004
1123,1984-08-23,0.0,9.258871683961724,9.145957477665073,9.145957477665073,3.0165036836555026,26400,3.773766
1124,1984-08-24,0.0,9.258871683961724,9.145957477665073,9.258871683961724,3.0537426524784688,98700,3.7277440000000004
1125,1984-08-27,0.0,9.258871683961724,9.145957477665073,9.145957477665073,3.0165036836555026,64400,3.773766
1126,1984-08-28,0.0,9.258871683961724,9.145957477665073,9.258871683961724,3.0537426524784688,43400,3.7277440000000004
1127,1984-08-29,0.0,9.145957477665073,9.145957477665073,9.145957477665073,3.0165036836555026,1900,3.7277440000000004
1128,1984-08-30,0.0,9.258871683961724,9.145957477665073,9.145957477665073,3.0165036836555026,63400,3.773766
1129,1984-08-31,0.0,9.258871683961724,9.145957477665073,9.258871683961724,3.0537426524784688,12800,3.773766
1130,1984-09-04,0.0,9.3271558966,9.1024052992,9.2147818188,3.0392010207999998,693100,3.773766
1131,1984-09-05,0.0,9.2147818188,9.2147818188,9.2147818188,3.0392010207999998,4100,3.773766
1132,1984-09-06,0.0,9.3271558966,9.2147818188,9.2147818188,3.0392010207999998,12800,3.7967760000000004
1133,1984-09-07,0.0,9.439529974400001,9.2147818188,9.270967636800002,3.0577318410000003,25400,3.8197870000000003
1134,1984-09-10,0.0,9.439529974400001,9.3271558966,9.3271558966,3.076265103,48800,3.8658080000000004
1135,1984-09-11,0.0,9.439529974400001,9.3271558966,9.439529974400001,3.1133291852,5400,3.8658080000000004
1136,1984-09-12,0.0,9.551906494,9.3271558966,9.439529974400001,3.1133291852,46600,3.8197870000000003
1137,1984-09-13,0.0,9.551906494,9.3271558966,9.3271558966,3.076265103,1900,3.8658080000000004
1138,1984-09-14,0.0,9.551906494,9.3271558966,9.439529974400001,3.1133291852,124200,3.8658080000000004
1139,1984-09-17,0.0,9.551906494,9.3271558966,9.439529974400001,3.1133291852,42200,3.9578519999999995
1140,1984-09-18,0.0,9.6642830136,9.3271558966,9.6642830136,3.1874573496,326400,3.8658080000000004
1141,1984-09-19,0.0,9.6642830136,9.439529974400001,9.439529974400001,3.1133291852,6900,3.8658080000000004
1142,1984-09-20,0.0,9.439529974400001,9.439529974400001,9.439529974400001,3.1133291852,6900,4.0038730000000005
1143,1984-09-21,0.0,9.7766570914,9.439529974400001,9.7766570914,3.2245189899999995,31300,3.91183
1144,1984-09-24,0.0,9.7766570914,9.551906494,9.551906494,3.1503932674,20400,3.9578519999999995
1145,1984-09-25,0.0,9.6642830136,9.551906494,9.6642830136,3.1874573496,71100,3.980862
1146,1984-09-26,0.0,9.7766570914,9.551906494,9.720468831600002,3.2059881698000003,164900,3.91183
1147,1984-09-27,0.0,9.551906494,9.551906494,9.551906494,3.1503932674,58500,3.91183
1148,1984-09-28,0.0,9.7766570914,9.551906494,9.551906494,3.1503932674,1214100,3.9578519999999995
1149,1984-10-01,0.0,9.636749443760683,9.524693085185186,9.636749443760683,3.1783762745299144,239000,3.9348410000000005
1150,1984-10-02,0.0,9.74880336749288,9.580721264472936,9.580721264472936,3.159895813846154,9600,3.91183
1151,1984-10-03,0.0,9.524693085185186,9.524693085185186,9.524693085185186,3.141417788005698,35300,3.9578519999999995
1152,1984-10-04,0.0,9.636749443760683,9.524693085185186,9.636749443760683,3.1783762745299144,48800,3.91183
1153,1984-10-05,0.0,9.636749443760683,9.524693085185186,9.524693085185186,3.141417788005698,1900,3.91183
1154,1984-10-08,0.0,9.74880336749288,9.524693085185186,9.524693085185186,3.141417788005698,41700,3.9578519999999995
1155,1984-10-09,0.0,9.860859726068377,9.636749443760683,9.636749443760683,3.1783762745299144,65600,4.0038730000000005
1156,1984-10-10,0.0,9.860859726068377,9.74880336749288,9.74880336749288,3.215332326210826,62900,4.026884
1157,1984-10-11,0.0,9.860859726068377,9.74880336749288,9.804831546780626,3.2338127868945867,25900,4.095916000000001
1158,1984-10-12,0.0,9.972913649800573,9.74880336749288,9.972913649800573,3.2892492992592595,124200,4.095916000000001
1159,1984-10-15,0.0,9.972913649800573,9.860859726068377,9.972913649800573,3.2892492992592595,280700,4.118926999999999
1160,1984-10-16,0.0,10.028941829088318,9.860859726068377,10.028941829088318,3.307727325099715,35800,4.049894999999999
1161,1984-10-17,0.0,9.972913649800573,9.860859726068377,9.860859726068377,3.2522932475783475,9100,4.049894999999999
1162,1984-10-18,0.0,9.972913649800573,9.860859726068377,9.860859726068377,3.2522932475783475,18200,4.141938
1163,1984-10-19,0.0,10.084970008376068,9.860859726068377,10.084970008376068,3.3262053509401714,112800,4.095916000000001
1164,1984-10-22,0.0,10.084970008376068,9.860859726068377,9.972913649800573,3.2892492992592595,11800,4.141938
1165,1984-10-23,0.0,10.084970008376068,9.860859726068377,10.084970008376068,3.3262053509401714,53500,4.095916000000001
1166,1984-10-24,0.0,10.084970008376068,9.972913649800573,9.972913649800573,3.2892492992592595,26400,4.233981
1167,1984-10-25,0.0,10.421136649259259,10.084970008376068,10.309080290683761,3.4001198891452997,63400,4.326023999999999
1168,1984-10-26,0.0,10.533190572991451,10.309080290683761,10.533190572991451,3.474039297037038,539200,4.233981
1169,1984-10-29,0.0,10.533190572991451,10.309080290683761,10.309080290683761,3.4001198891452997,196000,4.280003
1170,1984-10-30,0.0,10.533190572991451,10.309080290683761,10.421136649259259,3.4370808105128203,583900,4.326023999999999
1171,1984-10-31,0.0,10.533190572991451,10.309080290683761,10.533190572991451,3.474039297037038,302900,4.303013
1172,1984-11-01,0.0,10.533190572991451,10.309080290683761,10.477162393703704,3.4555588363532768,205100,4.187958999999999
1173,1984-11-02,0.0,10.533190572991451,10.19702393210826,10.19702393210826,3.363166272307692,17700,4.187958999999999
1174,1984-11-05,0.0,10.421136649259259,10.19702393210826,10.19702393210826,3.363166272307692,49800,4.233981
1175,1984-11-06,0.0,10.309080290683761,10.19702393210826,10.309080290683761,3.4001198891452997,20900,4.233981
1176,1984-11-07,0.0,10.421136649259259,10.19702393210826,10.309080290683761,3.4001198891452997,92800,4.233981
1177,1984-11-08,0.0,10.533190572991451,10.309080290683761,10.309080290683761,3.4001198891452997,172500,4.233981
1178,1984-11-09,0.0,10.533190572991451,10.309080290683761,10.309080290683761,3.4001198891452997,73800,4.326023999999999
1179,1984-11-12,0.0,10.533190572991451,10.421136649259259,10.533190572991451,3.474039297037038,10800,4.280003
1180,1984-11-13,0.0,10.421136649259259,10.421136649259259,10.421136649259259,3.4370808105128203,20400,4.372046
1181,1984-11-14,0.0,10.645246931566952,10.421136649259259,10.645246931566952,3.510995348717948,95000,4.372046
1182,1984-11-15,0.0,10.645246931566952,10.533190572991451,10.645246931566952,3.510995348717948,35800,4.326023999999999
1183,1984-11-16,0.0,10.645246931566952,10.533190572991451,10.533190572991451,3.474039297037038,246400,4.326023999999999
1184,1984-11-19,0.0,10.645246931566952,10.533190572991451,10.533190572991451,3.474039297037038,56200,4.372046
1185,1984-11-20,0.0,10.645246931566952,10.533190572991451,10.645246931566952,3.510995348717948,76500,4.372046
1186,1984-11-21,0.0,10.645246931566952,10.533190572991451,10.645246931566952,3.510995348717948,23700,4.372046
1187,1984-11-23,0.0,10.869354779031339,10.645246931566952,10.645246931566952,3.510995348717948,73300,4.372046
1188,1984-11-26,0.0,10.869354779031339,10.645246931566952,10.645246931566952,3.510995348717948,45400,4.418067
1189,1984-11-27,0.0,10.98141113760684,10.757300855299146,10.757300855299146,3.547953835242166,65600,4.418067
1190,1984-11-28,0.0,10.757300855299146,10.757300855299146,10.757300855299146,3.547953835242166,61200,4.418067
1191,1984-11-29,0.0,10.869354779031339,10.757300855299146,10.757300855299146,3.547953835242166,32500,4.372046
1192,1984-11-30,0.0,10.757300855299146,10.421136649259259,10.645246931566952,3.510995348717948,1565400,4.418067
1193,1984-12-03,0.0,10.757300855299146,10.645246931566952,10.757300855299146,3.547953835242166,34500,4.326023999999999
1194,1984-12-04,0.0,10.645246931566952,10.533190572991451,10.533190572991451,3.474039297037038,13500,4.280003
1195,1984-12-05,0.0,10.645246931566952,10.421136649259259,10.421136649259259,3.4370808105128203,49800,4.256991
1196,1984-12-06,0.0,10.421136649259259,10.365106035128205,10.365106035128205,3.4186003498290605,1400,4.233981
1197,1984-12-07,0.0,10.533190572991451,10.309080290683761,10.309080290683761,3.4001198891452997,20000,4.280003
1198,1984-12-10,0.0,10.421136649259259,10.309080290683761,10.421136649259259,3.4370808105128203,122200,4.280003
1199,1984-12-11,0.0,10.421136649259259,10.309080290683761,10.421136649259259,3.4370808105128203,30800,4.187958999999999
1200,1984-12-12,0.0,10.309080290683761,10.19702393210826,10.19702393210826,3.363166272307692,6400,4.21097
1201,1984-12-13,0.0,10.309080290683761,10.19702393210826,10.253052111396013,3.3816442981481485,25900,4.233981
1202,1984-12-14,0.0,10.421136649259259,10.309080290683761,10.309080290683761,3.4001198891452997,28100,4.187958999999999
1203,1984-12-17,0.0,10.421136649259259,10.19702393210826,10.19702393210826,3.363166272307692,24400,4.233981
1204,1984-12-18,0.0,10.309080290683761,10.084970008376068,10.309080290683761,3.4001198891452997,152500,4.187958999999999
1205,1984-12-19,0.0,10.309080290683761,10.084970008376068,10.19702393210826,3.363166272307692,47100,4.095916000000001
1206,1984-12-20,0.0,10.19702393210826,9.972913649800573,9.972913649800573,3.2892492992592595,29800,4.049894999999999
1207,1984-12-21,0.0,10.084970008376068,9.860859726068377,9.860859726068377,3.2522932475783475,38000,4.095916000000001
1208,1984-12-24,0.0,10.084970008376068,9.860859726068377,9.972913649800573,3.2892492992592595,26400,4.0038730000000005
1209,1984-12-26,0.0,9.972913649800573,9.74880336749288,9.74880336749288,3.215332326210826,262200,4.0038730000000005
1210,1984-12-27,0.0,9.74880336749288,9.636749443760683,9.74880336749288,3.215332326210826,226400,4.0038730000000005
1211,1984-12-28,0.0,9.74880336749288,9.636749443760683,9.74880336749288,3.215332326210826,97000,4.0038730000000005
1212,1984-12-31,0.0,9.74880336749288,9.636749443760683,9.74880336749288,3.215332326210826,302900,4.049894999999999
1213,1985-01-02,0.0,9.84216615312796,9.618480724436017,9.84216615312796,3.246127762748815,18200,4.049894999999999
1214,1985-01-03,0.0,9.84216615312796,9.618480724436017,9.84216615312796,3.246127762748815,58500,4.049894999999999
1215,1985-01-04,0.0,10.065851581819906,9.730322223668248,9.84216615312796,3.246127762748815,58000,4.187958999999999
1216,1985-01-07,0.0,10.17769308105213,9.954007652360193,10.17769308105213,3.3567906016492888,120400,4.187958999999999
1217,1985-01-08,0.0,10.17769308105213,9.954007652360193,10.17769308105213,3.3567906016492888,6400,4.141938
1218,1985-01-09,0.0,10.17769308105213,9.954007652360193,10.065851581819906,3.3198997483791475,160200,4.095916000000001
1219,1985-01-10,0.0,10.065851581819906,9.954007652360193,9.954007652360193,3.283013755563981,76000,4.187958999999999
1220,1985-01-11,0.0,10.17769308105213,9.954007652360193,10.17769308105213,3.3567906016492888,33000,4.095916000000001
1221,1985-01-14,0.0,10.17769308105213,9.954007652360193,9.954007652360193,3.283013755563981,9600,4.141938
1222,1985-01-15,0.0,10.17769308105213,9.954007652360193,10.065851581819906,3.3198997483791475,118200,4.141938
1223,1985-01-16,0.0,10.289537010511848,10.065851581819906,10.065851581819906,3.3198997483791475,83400,4.233981
1224,1985-01-17,0.0,10.289537010511848,10.065851581819906,10.289537010511848,3.3936741642369674,6400,4.303013
1225,1985-01-18,0.0,10.457300474473934,10.17769308105213,10.457300474473934,3.449008013914692,74800,4.418067
1226,1985-01-21,0.0,10.736907867895734,10.51322243920379,10.736907867895734,3.541227856407583,116700,4.556131
1227,1985-01-22,0.0,11.072434795819905,10.625066368663507,11.072434795819905,3.651890695308057,122200,4.464087999999999
1228,1985-01-23,0.0,11.072434795819905,10.84874936712796,10.84874936712796,3.578116279450237,179200,4.51011
1229,1985-01-24,0.0,10.960593296587678,10.84874936712796,10.960593296587678,3.6150047024928913,133000,4.418067
1230,1985-01-25,0.0,10.960593296587678,10.736907867895734,10.736907867895734,3.541227856407583,85100,4.372046
1231,1985-01-28,0.0,10.84874936712796,10.625066368663507,10.625066368663507,3.5043394333649287,83400,4.372046
1232,1985-01-29,0.0,10.736907867895734,10.625066368663507,10.625066368663507,3.5043394333649287,54800,4.418067
1233,1985-01-30,0.0,10.960593296587678,10.51322243920379,10.736907867895734,3.541227856407583,43900,4.372046
1234,1985-01-31,0.0,10.736907867895734,10.51322243920379,10.625066368663507,3.5043394333649287,17700,4.418067
1235,1985-02-01,0.0,10.686262076066036,10.463631767320754,10.686262076066036,3.5245239514245283,14500,4.395055999999999
1236,1985-02-04,0.0,10.686262076066036,10.463631767320754,10.630603894188678,3.506167950283019,29100,4.418067
1237,1985-02-05,0.0,10.797576021056603,10.574948131075471,10.686262076066036,3.5245239514245283,275300,4.487099
1238,1985-02-06,0.0,10.908892384811322,10.741920257943397,10.853234202933963,3.579591954849057,235000,4.51011
1239,1985-02-07,0.0,10.908892384811322,10.686262076066036,10.908892384811322,3.597952793518868,12800,4.51011
1240,1985-02-08,0.0,10.908892384811322,10.797576021056603,10.908892384811322,3.597952793518868,136200,4.51011
1241,1985-02-11,0.0,10.908892384811322,10.797576021056603,10.908892384811322,3.597952793518868,40000,4.464087999999999
1242,1985-02-12,0.0,10.908892384811322,10.797576021056603,10.797576021056603,3.5612383724716983,79200,4.51011
1243,1985-02-13,0.0,10.908892384811322,10.797576021056603,10.908892384811322,3.597952793518868,9100,4.487099
1244,1985-02-14,0.0,10.96455056668868,10.797576021056603,10.853234202933963,3.579591954849057,211800,4.556131
1245,1985-02-15,0.0,11.020206329801887,10.797576021056603,11.020206329801887,3.6346647958018874,58000,4.556131
1246,1985-02-19,0.0,11.131522693556603,10.908892384811322,11.020206329801887,3.6346647958018874,169800,4.6021529999999995
1247,1985-02-20,0.0,11.131522693556603,11.020206329801887,11.131522693556603,3.6713792168490564,15500,4.6021529999999995
1248,1985-02-21,0.0,11.242839057311322,11.020206329801887,11.131522693556603,3.6713792168490564,81400,4.6021529999999995
1249,1985-02-22,0.0,11.187180875433963,11.131522693556603,11.131522693556603,3.6713792168490564,14500,4.6021529999999995
1250,1985-02-25,0.0,11.242839057311322,11.020206329801887,11.131522693556603,3.6713792168490564,129600,4.6021529999999995
1251,1985-02-26,0.0,11.242839057311322,11.020206329801887,11.131522693556603,3.6713792168490564,712100,4.6021529999999995
1252,1985-02-27,0.0,11.242839057311322,11.131522693556603,11.131522693556603,3.6713792168490564,6400,4.556131
1253,1985-02-28,0.0,11.131522693556603,11.020206329801887,11.020206329801887,3.6346647958018874,181200,4.6021529999999995
1254,1985-03-01,0.0,11.20057274506579,10.978776982697367,11.089674863881578,3.657577039342105,98700,4.625164
1255,1985-03-04,0.0,11.20057274506579,11.089674863881578,11.145123804473684,3.675864032960526,301900,4.648175
1256,1985-03-05,0.0,11.20057274506579,11.089674863881578,11.20057274506579,3.6941534362499997,341400,4.625164
1257,1985-03-06,0.0,11.20057274506579,11.089674863881578,11.145123804473684,3.675864032960526,192800,4.6021529999999995
1258,1985-03-07,0.0,11.20057274506579,11.089674863881578,11.089674863881578,3.657577039342105,48800,4.6021529999999995
1259,1985-03-08,0.0,11.20057274506579,11.089674863881578,11.089674863881578,3.657577039342105,18200,4.625164
1260,1985-03-11,0.0,11.20057274506579,11.089674863881578,11.145123804473684,3.675864032960526,40700,4.556131
1261,1985-03-12,0.0,11.089674863881578,10.86788151118421,10.978776982697367,3.6210006424342107,811300,4.556131
1262,1985-03-13,0.0,11.089674863881578,10.978776982697367,10.978776982697367,3.6210006424342107,69300,4.6021529999999995
1263,1985-03-14,0.0,11.089674863881578,10.978776982697367,11.089674863881578,3.657577039342105,125900,4.6021529999999995
1264,1985-03-15,0.0,11.089674863881578,10.978776982697367,11.089674863881578,3.657577039342105,16200,4.6021529999999995
1265,1985-03-18,0.0,11.089674863881578,11.089674863881578,11.089674863881578,3.657577039342105,27600,4.625164
1266,1985-03-19,0.0,11.20057274506579,11.089674863881578,11.145123804473684,3.675864032960526,60200,4.6021529999999995
1267,1985-03-20,0.0,11.20057274506579,11.089674863881578,11.089674863881578,3.657577039342105,5900,4.6021529999999995
1268,1985-03-21,0.0,11.20057274506579,10.978776982697367,11.089674863881578,3.657577039342105,136200,4.625164
1269,1985-03-22,0.0,11.20057274506579,11.089674863881578,11.145123804473684,3.675864032960526,297000,4.6021529999999995
1270,1985-03-25,0.0,11.20057274506579,11.089674863881578,11.089674863881578,3.657577039342105,10100,4.648175
1271,1985-03-26,0.0,11.20057274506579,11.089674863881578,11.20057274506579,3.6941534362499997,14500,4.6021529999999995
1272,1985-03-27,0.0,11.089674863881578,11.089674863881578,11.089674863881578,3.657577039342105,3200,4.694196
1273,1985-03-28,0.0,11.311468216578946,11.089674863881578,11.311468216578946,3.730727423486842,47600,4.740218
1274,1985-03-29,0.0,11.422366097763156,11.089674863881578,11.422366097763156,3.7673038203947367,39500,4.694196
1275,1985-04-01,0.0,11.368940624901777,11.258561442881197,11.258561442881197,3.7132778097193637,291100,4.694196
1276,1985-04-02,0.0,11.368940624901777,11.258561442881197,11.258561442881197,3.7132778097193637,23200,4.694196
1277,1985-04-03,0.0,11.368940624901777,11.258561442881197,11.258561442881197,3.7132778097193637,77000,4.740218
1278,1985-04-04,0.0,11.368940624901777,11.258561442881197,11.368940624901777,3.7496831289990644,271600,4.694196
1279,1985-04-08,0.0,11.368940624901777,11.258561442881197,11.258561442881197,3.7132778097193637,120900,4.740218
1280,1985-04-09,0.0,11.368940624901777,11.258561442881197,11.368940624901777,3.7496831289990644,10800,4.740218
1281,1985-04-10,0.0,11.368940624901777,11.258561442881197,11.368940624901777,3.7496831289990644,110100,4.786239
1282,1985-04-11,0.0,11.534506999532272,11.368940624901777,11.479317408521982,3.786086049878391,52100,4.740218
1283,1985-04-12,0.0,11.368940624901777,11.368940624901777,11.368940624901777,3.7496831289990644,1900,4.740218
1284,1985-04-15,0.0,11.479317408521982,11.368940624901777,11.368940624901777,3.7496831289990644,67100,4.763228
1285,1985-04-16,0.0,11.479317408521982,11.368940624901777,11.424127817511692,3.767886987839102,115000,4.786239
1286,1985-04-17,0.0,11.479317408521982,11.368940624901777,11.479317408521982,3.786086049878391,39500,4.740218
1287,1985-04-18,0.0,11.479317408521982,11.368940624901777,11.368940624901777,3.7496831289990644,48800,4.740218
1288,1985-04-19,0.0,11.479317408521982,11.368940624901777,11.368940624901777,3.7496831289990644,19000,4.786239
1289,1985-04-22,0.0,11.479317408521982,11.368940624901777,11.479317408521982,3.786086049878391,23700,4.786239
1290,1985-04-23,0.0,11.479317408521982,11.368940624901777,11.479317408521982,3.786086049878391,124900,4.786239
1291,1985-04-24,0.0,11.479317408521982,11.368940624901777,11.479317408521982,3.786086049878391,31300,4.832261
1292,1985-04-25,0.0,11.589696590542562,11.368940624901777,11.589696590542562,3.822493767558466,20400,4.786239
1293,1985-04-26,0.0,11.589696590542562,11.368940624901777,11.479317408521982,3.786086049878391,232300,4.832261
1294,1985-04-29,0.0,11.589696590542562,11.479317408521982,11.589696590542562,3.822493767558466,90600,4.832261
1295,1985-04-30,0.0,11.589696590542562,11.479317408521982,11.589696590542562,3.822493767558466,94300,4.786239
1296,1985-05-01,0.0,11.546491757027027,11.436524053783785,11.436524053783785,3.7719720291891887,17200,4.832261
1297,1985-05-02,0.0,11.546491757027027,11.436524053783785,11.546491757027027,3.808244023783784,116700,4.786239
1298,1985-05-03,0.0,11.436524053783785,11.436524053783785,11.436524053783785,3.7719720291891887,2700,4.80925
1299,1985-05-06,0.0,11.546491757027027,11.436524053783785,11.491507905405406,3.790110415945946,215000,4.786239
1300,1985-05-07,0.0,11.436524053783785,11.436524053783785,11.436524053783785,3.7719720291891887,20900,4.786239
1301,1985-05-08,0.0,11.546491757027027,11.436524053783785,11.436524053783785,3.7719720291891887,41200,4.924304
1302,1985-05-09,0.0,11.766424774054055,11.491507905405406,11.766424774054055,3.880780844594595,31300,4.924304
1303,1985-05-10,0.0,11.766424774054055,11.546491757027027,11.766424774054055,3.880780844594595,6400,4.832261
1304,1985-05-13,0.0,11.766424774054055,11.546491757027027,11.546491757027027,3.808244023783784,8600,4.970325
1305,1985-05-14,0.0,11.876390087837839,11.711440922432434,11.876390087837839,3.91705044972973,36200,5.0163470000000006
1306,1985-05-15,0.0,12.096323104864867,11.766424774054055,11.986357791081083,3.9533176654054056,90600,5.10839
1307,1985-05-16,0.0,12.206290808108108,11.986357791081083,12.206290808108108,4.025856875675676,44400,5.154411
1308,1985-05-17,0.0,12.316256121891891,12.096323104864867,12.316256121891891,4.062126480810811,93300,5.246455
1309,1985-05-20,0.0,12.536191528378378,12.426223825135137,12.536191528378378,4.134665691081081,231800,5.246455
1310,1985-05-21,0.0,12.536191528378378,12.481207676756759,12.536191528378378,4.134665691081081,55300,5.246455
1311,1985-05-22,0.0,12.536191528378378,12.426223825135137,12.536191528378378,4.134665691081081,19000,5.246455
1312,1985-05-23,0.0,12.536191528378378,12.426223825135137,12.536191528378378,4.134665691081081,38500,5.177422
1313,1985-05-24,0.0,12.536191528378378,12.316256121891891,12.371239973513514,4.080262478108108,318200,5.200433
1314,1985-05-28,0.0,12.536191528378378,12.316256121891891,12.426223825135137,4.098393696486487,23200,5.10839
1315,1985-05-29,0.0,12.426223825135137,12.206290808108108,12.206290808108108,4.025856875675676,124900,5.10839
1316,1985-05-30,0.0,12.316256121891891,12.096323104864867,12.206290808108108,4.025856875675676,134500,5.0163470000000006
1317,1985-05-31,0.0,12.206290808108108,11.986357791081083,11.986357791081083,3.9533176654054056,133500,5.10839
1318,1985-06-03,0.0,12.172258398791822,11.952938577908924,12.172258398791822,4.014632367657994,5400,5.0163470000000006
1319,1985-06-04,0.0,12.062597296951674,11.952938577908924,11.952938577908924,3.9422954042565057,46100,5.0163470000000006
1320,1985-06-05,0.0,12.062597296951674,11.898108026988849,11.952938577908924,3.9422954042565057,171600,5.0163470000000006
1321,1985-06-06,0.0,11.952938577908924,11.952938577908924,11.952938577908924,3.9422954042565057,15000,4.924304
1322,1985-06-07,0.0,12.007769128828997,11.733618757026024,11.733618757026024,3.869960823652417,57500,4.924304
1323,1985-06-10,0.0,11.843277476068774,11.733618757026024,11.733618757026024,3.869960823652417,70600,4.970325
1324,1985-06-11,0.0,11.843277476068774,11.733618757026024,11.843277476068774,3.9061293053531605,1400,5.062368
1325,1985-06-12,0.0,12.062597296951674,11.788449307946099,12.062597296951674,3.978466268754647,114500,5.0163470000000006
1326,1985-06-13,0.0,12.062597296951674,11.952938577908924,11.952938577908924,3.9422954042565057,36200,5.10839
1327,1985-06-14,0.0,12.172258398791822,11.952938577908924,12.172258398791822,4.014632367657994,27100,5.154411
1328,1985-06-17,0.0,12.281917117834572,12.172258398791822,12.281917117834572,4.050800849358737,15000,5.10839
1329,1985-06-18,0.0,12.281917117834572,12.117427847871749,12.172258398791822,4.014632367657994,7400,5.154411
1330,1985-06-19,0.0,12.281917117834572,12.062597296951674,12.281917117834572,4.050800849358737,167600,5.085379
1331,1985-06-20,0.0,12.281917117834572,12.117427847871749,12.117427847871749,3.99654931820632,261200,5.10839
1332,1985-06-21,0.0,12.281917117834572,12.172258398791822,12.172258398791822,4.014632367657994,81400,5.154411
1333,1985-06-24,0.0,12.281917117834572,12.172258398791822,12.281917117834572,4.050800849358737,40700,5.154411
1334,1985-06-25,0.0,12.391578219674724,12.172258398791822,12.281917117834572,4.050800849358737,231800,5.200433
1335,1985-06-26,0.0,12.391578219674724,12.281917117834572,12.391578219674724,4.0869669482620825,17700,5.384519
1336,1985-06-27,0.0,12.939878963280671,12.281917117834572,12.830217861440522,4.2316408750650565,50800,5.430541000000001
1337,1985-06-28,0.0,13.159196401366172,12.830217861440522,12.939878963280671,4.267806973968402,54800,5.614627
1338,1985-07-01,0.0,13.353697605779221,13.025327037272728,13.353697605779221,4.404294479805195,46100,5.591616
1339,1985-07-02,0.0,13.353697605779221,13.134782307857144,13.298968781298703,4.386240222857143,218700,5.70667
1340,1985-07-03,0.0,13.572610525324677,13.244239956818186,13.572610525324677,4.476492480584415,54800,6.028821
1341,1985-07-05,0.0,14.338806932922077,13.353697605779221,14.338806932922077,4.729202131948052,72100,5.9367779999999994
1342,1985-07-08,0.0,14.338806932922077,14.119894013376623,14.119894013376623,4.656996996038961,67100,5.982799
1343,1985-07-09,0.0,14.448262203506493,14.119894013376623,14.22934928396104,4.693095996428571,414300,6.028821
1344,1985-07-10,0.0,14.338806932922077,14.174620459480519,14.338806932922077,4.729202131948052,846600,5.982799
1345,1985-07-11,0.0,14.338806932922077,14.22934928396104,14.22934928396104,4.693095996428571,34000,6.028821
1346,1985-07-12,0.0,14.338806932922077,14.22934928396104,14.338806932922077,4.729202131948052,28100,5.9367779999999994
1347,1985-07-15,0.0,14.338806932922077,14.119894013376623,14.119894013376623,4.656996996038961,62400,5.982799
1348,1985-07-16,0.0,14.22934928396104,14.010436364415584,14.22934928396104,4.693095996428571,120000,5.982799
1349,1985-07-17,0.0,14.22934928396104,14.119894013376623,14.22934928396104,4.693095996428571,116000,5.982799
1350,1985-07-18,0.0,14.22934928396104,14.119894013376623,14.22934928396104,4.693095996428571,11800,5.9367779999999994
1351,1985-07-19,0.0,14.119894013376623,14.119894013376623,14.119894013376623,4.656996996038961,79700,5.9367779999999994
1352,1985-07-22,0.0,14.22934928396104,14.010436364415584,14.119894013376623,4.656996996038961,24900,5.844734
1353,1985-07-23,0.0,14.119894013376623,13.900978715454547,13.900978715454547,4.584796616883117,163400,5.545594
1354,1985-07-24,0.0,13.900978715454547,13.134782307857144,13.189511132337664,4.350141222467533,72500,5.476562
1355,1985-07-25,0.0,13.244239956818186,13.025327037272728,13.025327037272728,4.295990343506494,99200,5.476562
1356,1985-07-26,0.0,13.025327037272728,12.806414117727273,13.025327037272728,4.295990343506494,96500,5.338498
1357,1985-07-29,0.0,13.025327037272728,12.696958847142858,12.696958847142858,4.1876862072077925,114000,5.384519
1358,1985-07-30,0.0,12.806414117727273,12.696958847142858,12.806414117727273,4.223789964350649,9600,5.338498
1359,1985-07-31,0.0,12.806414117727273,12.696958847142858,12.696958847142858,4.1876862072077925,9600,5.568605000000001
1360,1985-08-01,0.0,13.219713586527782,12.673445960388891,13.219713586527782,4.360101480583333,192800,5.568605000000001
1361,1985-08-02,0.0,13.219713586527782,13.00120606127778,13.219713586527782,4.360101480583333,201900,5.522583
1362,1985-08-05,0.0,13.110458636916668,13.00120606127778,13.110458636916668,4.324069330194445,6900,5.522583
1363,1985-08-06,0.0,13.110458636916668,12.946578586472222,13.110458636916668,4.324069330194445,173000,5.384519
1364,1985-08-07,0.0,13.00120606127778,12.782698536027779,12.782698536027779,4.215968131083334,107900,5.430541000000001
1365,1985-08-08,0.0,13.00120606127778,12.89195348563889,12.89195348563889,4.252000281472222,53000,5.476562
1366,1985-08-09,0.0,13.00120606127778,12.89195348563889,13.00120606127778,4.288034805833334,25400,5.430541000000001
1367,1985-08-12,0.0,13.00120606127778,12.89195348563889,12.89195348563889,4.252000281472222,14000,5.430541000000001
1368,1985-08-13,0.0,12.89195348563889,12.89195348563889,12.89195348563889,4.252000281472222,8100,5.453551
1369,1985-08-14,0.0,13.00120606127778,12.89195348563889,12.946578586472222,4.270016356666667,17200,5.476562
1370,1985-08-15,0.0,13.00120606127778,12.946578586472222,13.00120606127778,4.288034805833334,34500,5.476562
1371,1985-08-16,0.0,13.00120606127778,12.89195348563889,13.00120606127778,4.288034805833334,84100,5.476562
1372,1985-08-19,0.0,13.00120606127778,12.782698536027779,13.00120606127778,4.288034805833334,6400,5.430541000000001
1373,1985-08-20,0.0,13.00120606127778,12.89195348563889,12.89195348563889,4.252000281472222,29100,5.476562
1374,1985-08-21,0.0,13.00120606127778,12.89195348563889,13.00120606127778,4.288034805833334,12800,5.430541000000001
1375,1985-08-22,0.0,12.89195348563889,12.89195348563889,12.89195348563889,4.252000281472222,4100,5.476562
1376,1985-08-23,0.0,13.00120606127778,12.89195348563889,13.00120606127778,4.288034805833334,35800,5.384519
1377,1985-08-26,0.0,12.837326010833333,12.673445960388891,12.782698536027779,4.215968131083334,21700,5.338498
1378,1985-08-27,0.0,12.89195348563889,12.673445960388891,12.673445960388891,4.17993123275,27100,5.430541000000001
1379,1985-08-28,0.0,12.89195348563889,12.782698536027779,12.89195348563889,4.252000281472222,3700,5.384519
1380,1985-08-29,0.0,12.89195348563889,12.782698536027779,12.782698536027779,4.215968131083334,15500,5.384519
1381,1985-08-30,0.0,12.89195348563889,12.782698536027779,12.782698536027779,4.215968131083334,10800,5.384519
1382,1985-09-03,0.0,12.856241703130197,12.747289398808865,12.747289398808865,4.2042895490027705,9100,5.384519
1383,1985-09-04,0.0,12.856241703130197,12.747289398808865,12.747289398808865,4.2042895490027705,49300,5.384519
1384,1985-09-05,0.0,12.965191640055403,12.747289398808865,12.747289398808865,4.2042895490027705,35800,5.384519
1385,1985-09-06,0.0,12.856241703130197,12.747289398808865,12.747289398808865,4.2042895490027705,41700,5.338498
1386,1985-09-09,0.0,12.747289398808865,12.638339461883659,12.638339461883659,4.1683524758725765,143900,5.292476000000001
1387,1985-09-10,0.0,12.692813246648202,12.52938715756233,12.52938715756233,4.132422504930748,60700,5.338498
1388,1985-09-11,0.0,12.638339461883659,12.42043722063712,12.638339461883659,4.1683524758725765,8100,5.200433
1389,1985-09-12,0.0,12.638339461883659,12.311484916315791,12.311484916315791,4.060550726066483,35300,5.200433
1390,1985-09-13,0.0,12.42043722063712,12.311484916315791,12.311484916315791,4.060550726066483,44900,5.154411
1391,1985-09-16,0.0,12.42043722063712,12.20253261199446,12.20253261199446,4.024618387728531,24400,4.970325
1392,1985-09-17,0.0,12.20253261199446,11.766728129501384,11.766728129501384,3.880881932188366,231300,4.970325
1393,1985-09-18,0.0,11.984630370747924,11.657778192576178,11.766728129501384,3.880881932188366,25400,4.970325
1394,1985-09-19,0.0,11.875680433822716,11.657778192576178,11.766728129501384,3.880881932188366,173000,5.0163470000000006
1395,1985-09-20,0.0,11.875680433822716,11.657778192576178,11.875680433822716,3.916814270526316,63400,5.0163470000000006
1396,1985-09-23,0.0,11.875680433822716,11.657778192576178,11.875680433822716,3.916814270526316,785900,5.062368
1397,1985-09-24,0.0,12.093582675069253,11.766728129501384,11.984630370747924,3.95275134365651,1247100,5.0163470000000006
1398,1985-09-25,0.0,12.093582675069253,11.875680433822716,11.875680433822716,3.916814270526316,66100,5.062368
1399,1985-09-26,0.0,12.093582675069253,11.875680433822716,11.984630370747924,3.95275134365651,99700,5.476562
1400,1985-09-30,0.0,12.965191640055403,11.984630370747924,12.965191640055403,4.276156593074792,191100,5.430541000000001
1401,1985-10-01,0.0,13.026030660413983,12.700381250147194,12.808932626025761,4.224618494931002,30800,5.637638
1402,1985-10-02,0.0,13.568782822437905,13.026030660413983,13.297409100110396,4.385728436467341,241700,5.70667
1403,1985-10-03,0.0,13.46023380524379,13.13458203629255,13.46023380524379,4.439428605400184,52500,5.660648
1404,1985-10-04,0.0,13.46023380524379,13.243133412171112,13.351682429365225,4.403628492778289,43400,5.752691
1405,1985-10-07,0.0,13.568782822437905,13.351682429365225,13.568782822437905,4.475228718022079,101900,5.660648
1406,1985-10-08,0.0,13.568782822437905,13.351682429365225,13.351682429365225,4.403628492778289,45400,5.752691
1407,1985-10-09,0.0,13.568782822437905,13.351682429365225,13.568782822437905,4.475228718022079,52100,5.752691
1408,1985-10-10,0.0,13.568782822437905,13.243133412171112,13.568782822437905,4.475228718022079,410600,5.752691
1409,1985-10-11,0.0,13.568782822437905,13.351682429365225,13.568782822437905,4.475228718022079,20000,5.660648
1410,1985-10-14,0.0,13.568782822437905,13.351682429365225,13.351682429365225,4.403628492778289,40700,5.752691
1411,1985-10-15,0.0,13.568782822437905,13.351682429365225,13.568782822437905,4.475228718022079,112300,5.752691
1412,1985-10-16,0.0,13.568782822437905,13.351682429365225,13.568782822437905,4.475228718022079,32500,5.752691
1413,1985-10-17,0.0,13.568782822437905,13.351682429365225,13.568782822437905,4.475228718022079,177000,5.70667
1414,1985-10-18,0.0,13.514509493183072,13.351682429365225,13.46023380524379,4.439428605400184,334000,5.70667
1415,1985-10-21,0.0,13.46023380524379,13.351682429365225,13.46023380524379,4.439428605400184,82400,5.752691
1416,1985-10-22,0.0,13.568782822437905,13.351682429365225,13.568782822437905,4.475228718022079,197500,5.775702
1417,1985-10-23,0.0,13.677334198316466,13.46023380524379,13.623058510377184,4.49313113301748,606100,5.890756
1418,1985-10-24,0.0,14.002985967267708,13.568782822437905,13.894434591389144,4.582636131941122,1130800,5.844734
1419,1985-10-25,0.0,13.894434591389144,13.677334198316466,13.78588321551058,4.546836019319227,122200,5.913767
1420,1985-10-28,0.0,13.948710279328427,13.78588321551058,13.948710279328427,4.600536188252069,43400,5.844734
1421,1985-10-29,0.0,14.002985967267708,13.78588321551058,13.78588321551058,4.546836019319227,27600,5.982799
1422,1985-10-30,0.0,14.111534984461821,13.894434591389144,14.111534984461821,4.654238715869365,356300,5.982799
1423,1985-10-31,0.0,14.220086360340387,14.111534984461821,14.111534984461821,4.654238715869365,58000,6.028821
1424,1985-11-01,0.0,14.180948507972477,14.072695897348623,14.180948507972477,4.677137521321101,38500,6.028821
1425,1985-11-04,0.0,14.180948507972477,14.072695897348623,14.180948507972477,4.677137521321101,22200,6.028821
1426,1985-11-05,0.0,14.180948507972477,14.072695897348623,14.180948507972477,4.677137521321101,42700,6.028821
1427,1985-11-06,0.0,14.180948507972477,14.072695897348623,14.180948507972477,4.677137521321101,147600,5.982799
1428,1985-11-07,0.0,14.180948507972477,14.072695897348623,14.072695897348623,4.641428884541285,53500,6.074841999999999
1429,1985-11-08,0.0,14.289198766403668,14.072695897348623,14.289198766403668,4.712841453715598,337700,6.074841999999999
1430,1985-11-11,0.0,14.289198766403668,14.072695897348623,14.289198766403668,4.712841453715598,275300,6.074841999999999
1431,1985-11-12,0.0,14.397449024834863,14.12682220266055,14.289198766403668,4.712841453715598,408800,6.074841999999999
1432,1985-11-13,0.0,14.397449024834863,14.180948507972477,14.289198766403668,4.712841453715598,78700,6.120863
1433,1985-11-14,0.0,14.397449024834863,14.235072461091743,14.397449024834863,4.748543033917431,139000,6.120863
1434,1985-11-15,0.0,14.397449024834863,14.289198766403668,14.397449024834863,4.748543033917431,88800,6.166885
1435,1985-11-18,0.0,14.505701635458715,14.289198766403668,14.505701635458715,4.784244614119265,41700,6.120863
1436,1985-11-19,0.0,14.397449024834863,14.289198766403668,14.397449024834863,4.748543033917431,75300,6.258928
1437,1985-11-20,0.0,14.722204504513762,14.397449024834863,14.722204504513762,4.855647774522936,344900,6.30495
1438,1985-11-21,0.0,14.830457115137614,14.668080551394496,14.830457115137614,4.891354059110092,120000,6.373982
1439,1985-11-22,0.0,15.046959984192661,14.830457115137614,14.992833678880734,4.944908781605505,132300,6.396993
1440,1985-11-25,0.0,15.046959984192661,14.830457115137614,15.046959984192661,4.962764276091743,114500,6.4890360000000005
1441,1985-11-26,0.0,15.371715463871562,14.830457115137614,15.263462853247708,5.034169788688074,325900,6.765165
1442,1985-11-27,0.0,16.12947432946789,15.263462853247708,15.912971460412844,5.248386326477064,794500,6.811186
1443,1985-11-29,0.0,16.021221718844036,15.912971460412844,16.021221718844036,5.284092611064221,16200,6.811186
1444,1985-12-02,0.0,15.977247642763038,15.761339017630373,15.977247642763038,5.269589154675206,38000,6.811186
1445,1985-12-03,0.0,15.977247642763038,15.761339017630373,15.977247642763038,5.269589154675206,48100,6.719142999999999
1446,1985-12-04,0.0,15.977247642763038,15.761339017630373,15.761339017630373,5.198379631591949,22700,6.811186
1447,1985-12-05,0.0,15.977247642763038,15.761339017630373,15.977247642763038,5.269589154675206,56200,6.719142999999999
1448,1985-12-06,0.0,15.977247642763038,15.653385877932298,15.761339017630373,5.198379631591949,307900,6.765165
1449,1985-12-09,0.0,15.86929450306496,15.653385877932298,15.86929450306496,5.23398087452882,16700,6.765165
1450,1985-12-10,0.0,15.86929450306496,15.761339017630373,15.86929450306496,5.23398087452882,134000,6.719142999999999
1451,1985-12-11,0.0,15.86929450306496,15.761339017630373,15.761339017630373,5.198379631591949,79700,6.765165
1452,1985-12-12,0.0,15.86929450306496,15.761339017630373,15.86929450306496,5.23398087452882,45400,6.719142999999999
1453,1985-12-13,0.0,15.86929450306496,15.653385877932298,15.761339017630373,5.198379631591949,388400,6.719142999999999
1454,1985-12-16,0.0,15.86929450306496,15.761339017630373,15.761339017630373,5.198379631591949,130300,6.765165
1455,1985-12-17,0.0,15.86929450306496,15.761339017630373,15.86929450306496,5.23398087452882,86900,6.742153999999999
1456,1985-12-18,0.0,15.86929450306496,15.761339017630373,15.815316760347667,5.216179080192131,499000,6.696133000000001
1457,1985-12-19,0.0,15.815316760347667,15.70736362064959,15.70736362064959,5.180573145782251,59000,6.581078999999999
1458,1985-12-20,0.0,15.761339017630373,15.221568627666974,15.437477252799633,5.091561828362306,92800,6.443014
1459,1985-12-23,0.0,15.329524113101556,15.113613142232388,15.113613142232388,4.984744025132663,20900,6.443014
1460,1985-12-24,0.0,15.221568627666974,14.897704517099726,15.113613142232388,4.984744025132663,83400,6.258928
1461,1985-12-26,0.0,14.897704517099726,14.573842752268986,14.681795891967065,4.842320287493138,84100,6.166885
1462,1985-12-27,0.0,14.681795891967065,14.4658872668344,14.4658872668344,4.771113110146385,120400,6.074841999999999
1463,1985-12-30,0.0,14.573842752268986,14.249978641701738,14.249978641701738,4.699905932799635,65600,5.982799
1464,1985-12-31,0.0,14.249978641701738,14.034070016569077,14.034070016569077,4.628689372506861,289300,6.258928
1465,1986-01-02,0.0,14.641608494452555,14.103315578184308,14.641608494452555,4.82906576115876,892300,6.258928
1466,1986-01-03,0.0,14.749268481295621,14.426290860082117,14.641608494452555,4.82906576115876,210600,6.30495
1467,1986-01-06,0.0,14.749268481295621,14.641608494452555,14.749268481295621,4.864576573385037,78000,6.396993
1468,1986-01-07,0.0,14.96458611566606,14.749268481295621,14.96458611566606,4.935595858521898,460000,6.4890360000000005
1469,1986-01-08,0.0,15.287563736879564,14.96458611566606,15.179903750036498,5.006610465027372,602900,6.396993
1470,1986-01-09,0.0,15.179903750036498,14.749268481295621,14.96458611566606,4.935595858521898,137700,6.396993
1471,1986-01-10,0.0,14.96458611566606,14.856926128822993,14.96458611566606,4.935595858521898,67100,6.396993
1472,1986-01-13,0.0,14.96458611566606,14.641608494452555,14.96458611566606,4.935595858521898,249800,6.3509709999999995
1473,1986-01-14,0.0,14.96458611566606,14.749268481295621,14.856926128822993,4.900087385611314,329100,6.32796
1474,1986-01-15,0.0,14.856926128822993,14.641608494452555,14.803096135401463,4.882329640182482,335000,6.3509709999999995
1475,1986-01-16,0.0,14.856926128822993,14.641608494452555,14.856926128822993,4.900087385611314,1149400,6.443014
1476,1986-01-17,0.0,15.072243763193432,14.749268481295621,15.072243763193432,4.971099652801096,2159300,6.396993
1477,1986-01-20,0.0,15.072243763193432,14.96458611566606,14.96458611566606,4.935595858521898,249800,6.4890360000000005
1478,1986-01-21,0.0,15.179903750036498,14.96458611566606,15.179903750036498,5.006610465027372,202900,6.535058
1479,1986-01-22,0.0,15.287563736879564,15.126073756614966,15.287563736879564,5.042114259306571,295300,6.6271
1480,1986-01-23,0.0,15.50287903193431,15.287563736879564,15.50287903193431,5.11313354444343,287100,6.6271
1481,1986-01-24,0.0,15.50287903193431,15.287563736879564,15.50287903193431,5.11313354444343,198200,6.673122
1482,1986-01-27,0.0,15.610539018777375,15.395221384406932,15.610539018777375,5.148639678038322,134500,6.673122
1483,1986-01-28,0.0,15.610539018777375,15.395221384406932,15.610539018777375,5.148639678038322,249800,6.903230000000001
1484,1986-01-29,0.0,16.579469543102192,15.610539018777375,16.148834274361317,5.326179703275548,374800,7.018283
1485,1986-01-30,0.0,16.417979562837594,16.04117428751825,16.417979562837594,5.414949715894162,194800,7.179359
1486,1986-01-31,0.0,16.794787177472628,16.364151908731753,16.794787177472628,5.539225862107664,746900,7.317423
1487,1986-02-03,0.0,17.164746253860937,16.732929003595608,17.164746253860937,5.661247395974383,378000,7.317423
1488,1986-02-04,0.0,17.164746253860937,16.948837628728274,17.164746253860937,5.661247395974383,179200,7.271402
1489,1986-02-05,0.0,17.164746253860937,16.948837628728274,17.056793114162858,5.625643807301007,335500,7.317423
1490,1986-02-06,0.0,17.164746253860937,16.948837628728274,17.164746253860937,5.661247395974383,771800,7.248391000000001
1491,1986-02-07,0.0,17.164746253860937,16.948837628728274,17.002815371445564,5.607837321491308,178000,7.087316
1492,1986-02-10,0.0,17.164746253860937,16.624975863897532,16.624975863897532,5.483220069661483,149300,7.041294000000001
1493,1986-02-11,0.0,16.732929003595608,16.409067238764866,16.51702037846295,5.447616480988106,439200,7.041294000000001
1494,1986-02-12,0.0,16.51702037846295,16.409067238764866,16.51702037846295,5.447616480988106,33500,6.949250999999999
1495,1986-02-13,0.0,16.624975863897532,16.301111753330286,16.301111753330286,5.37640226643184,132300,6.857208
1496,1986-02-14,0.0,16.51702037846295,15.977247642763038,16.08520312819762,5.305195089085088,266600,6.903230000000001
1497,1986-02-18,0.0,16.193158613632207,15.977247642763038,16.193158613632207,5.340798677758463,137200,6.949250999999999
1498,1986-02-19,0.0,16.301111753330286,16.08520312819762,16.301111753330286,5.37640226643184,357200,6.995272999999999
1499,1986-02-20,0.0,16.409067238764866,16.193158613632207,16.409067238764866,5.412010546578226,134500,7.041294000000001
1500,1986-02-21,0.0,16.624975863897532,16.409067238764866,16.51702037846295,5.447616480988106,272100,7.041294000000001
1501,1986-02-24,0.0,16.51702037846295,16.409067238764866,16.51702037846295,5.447616480988106,74800,7.041294000000001
1502,1986-02-25,0.0,16.57099812118024,16.409067238764866,16.51702037846295,5.447616480988106,177500,7.087316
1503,1986-02-26,0.0,16.624975863897532,16.51702037846295,16.624975863897532,5.483220069661483,263900,7.133336999999999
1504,1986-02-27,0.0,16.732929003595608,16.624975863897532,16.732929003595608,5.5188260040713635,119500,7.133336999999999
1505,1986-02-28,0.0,16.732929003595608,16.624975863897532,16.732929003595608,5.5188260040713635,61700,7.22538
1506,1986-03-03,0.0,17.026727507536766,16.701377407389707,17.026727507536766,5.615727385174632,112300,7.22538
1507,1986-03-04,0.0,17.026727507536766,16.809826655266544,17.026727507536766,5.615727385174632,69300,7.22538
1508,1986-03-05,0.0,17.026727507536766,16.809826655266544,17.026727507536766,5.615727385174632,114500,7.317423
1509,1986-03-06,0.0,17.243628359806983,16.918278259659928,17.243628359806983,5.687264157904411,109600,7.271402
1510,1986-03-07,0.0,17.243628359806983,17.13517911193015,17.13517911193015,5.651496949797794,90600,7.202369999999999
1511,1986-03-10,0.0,17.297854162003674,16.918278259659928,16.97250406185662,5.59784142460478,3133100,7.22538
1512,1986-03-11,0.0,17.026727507536766,16.918278259659928,17.026727507536766,5.615727385174632,44400,7.22538
1513,1986-03-12,0.0,17.13517911193015,16.918278259659928,17.026727507536766,5.615727385174632,138500,7.179359
1514,1986-03-13,0.0,17.026727507536766,16.918278259659928,16.918278259659928,5.579955464034926,42200,7.179359
1515,1986-03-14,0.0,17.026727507536766,16.701377407389707,16.918278259659928,5.579955464034926,176500,6.949250999999999
1516,1986-03-17,0.0,16.701377407389707,16.267575702849268,16.3760249507261,5.401109997435662,136700,7.041294000000001
1517,1986-03-18,0.0,16.701377407389707,16.3760249507261,16.592925802996326,5.47265148319853,148100,6.949250999999999
1518,1986-03-19,0.0,16.592925802996326,16.3760249507261,16.3760249507261,5.401109997435662,106400,6.949250999999999
1519,1986-03-20,0.0,16.484476555119485,16.3760249507261,16.3760249507261,5.401109997435662,42700,6.949250999999999
1520,1986-03-21,0.0,16.484476555119485,16.267575702849268,16.3760249507261,5.401109997435662,123200,6.949250999999999
1521,1986-03-24,0.0,16.3760249507261,16.267575702849268,16.3760249507261,5.401109997435662,144900,6.949250999999999
1522,1986-03-25,0.0,16.3760249507261,16.267575702849268,16.3760249507261,5.401109997435662,49300,6.926239999999999
1523,1986-03-26,0.0,16.3760249507261,16.267575702849268,16.32179914852941,5.383228749898897,204600,7.041294000000001
1524,1986-03-27,0.0,16.592925802996326,16.3760249507261,16.592925802996326,5.47265148319853,186100,7.179359
1525,1986-03-31,0.0,16.918278259659928,16.484476555119485,16.918278259659928,5.579955464034926,269800,7.110326
1526,1986-04-01,0.0,16.94943530986188,16.73213500850829,16.786458313204424,5.536479647651935,260000,7.087316
1527,1986-04-02,0.0,16.94943530986188,16.623483677403318,16.73213500850829,5.518563108784531,225900,7.041294000000001
1528,1986-04-03,0.0,16.73213500850829,16.514834707154698,16.623483677403318,5.482730031049724,174300,7.041294000000001
1529,1986-04-04,0.0,16.623483677403318,16.514834707154698,16.623483677403318,5.482730031049724,332800,6.995272999999999
1530,1986-04-07,0.0,16.623483677403318,16.514834707154698,16.514834707154698,5.446894592458564,213800,7.133336999999999
1531,1986-04-08,0.0,16.840783978756903,16.56915801185083,16.840783978756903,5.5543985473756905,1049400,7.041294000000001
1532,1986-04-09,0.0,16.840783978756903,16.623483677403318,16.623483677403318,5.482730031049724,73300,7.087316
1533,1986-04-10,0.0,16.73213500850829,16.623483677403318,16.73213500850829,5.518563108784531,335000,7.041294000000001
1534,1986-04-11,0.0,16.73213500850829,16.623483677403318,16.623483677403318,5.482730031049724,241700,7.064305
1535,1986-04-14,0.0,16.73213500850829,16.623483677403318,16.677809342955804,5.5006442090607734,387600,7.087316
1536,1986-04-15,0.0,16.73213500850829,16.623483677403318,16.73213500850829,5.518563108784531,143200,7.271402
1537,1986-04-16,0.0,17.166735611215472,16.73213500850829,17.166735611215472,5.6619048631491715,106900,7.363445
1538,1986-04-17,0.0,17.38403591256906,17.0580842801105,17.38403591256906,5.733571018618785,65600,7.501510000000001
1539,1986-04-18,0.0,17.709987545027627,17.27538458146409,17.709987545027627,5.841077334392266,395800,7.547530999999999
1540,1986-04-21,0.0,17.927287846381216,17.601336213922657,17.818636515276243,5.876908051270719,260000,7.501510000000001
1541,1986-04-22,0.0,17.927287846381216,17.709987545027627,17.709987545027627,5.841077334392266,149800,7.501510000000001
1542,1986-04-23,0.0,17.818636515276243,17.601336213922657,17.709987545027627,5.841077334392266,111300,7.570542
1543,1986-04-24,0.0,17.927287846381216,17.709987545027627,17.872962180828733,5.89482931185083,305100,7.731617
1544,1986-04-25,0.0,18.253237117983428,17.927287846381216,18.253237117983428,6.020249805635359,166100,7.685596
1545,1986-04-28,0.0,18.253237117983428,18.03593681662984,18.144588147734808,5.9844143670442005,84100,7.593553
1546,1986-04-29,0.0,18.253237117983428,17.927287846381216,17.927287846381216,5.912743489861878,221400,7.363445
1547,1986-04-30,0.0,17.818636515276243,17.27538458146409,17.38403591256906,5.733571018618785,183900,7.271402
1548,1986-05-01,0.0,17.336146006473825,17.119444328539945,17.119444328539945,5.6463073290909085,187400,7.409466
1549,1986-05-02,0.0,17.444495668264462,17.119444328539945,17.444495668264462,5.753512775509641,76500,7.593553
1550,1986-05-05,0.0,17.877901378484847,17.22779399033058,17.877901378484847,5.8964549403030295,110600,7.6395740000000005
1551,1986-05-06,0.0,17.986251040275484,17.877901378484847,17.986251040275484,5.932191658677686,294800,7.731617
1552,1986-05-07,0.0,18.202952718209367,17.877901378484847,18.202952718209367,6.003665095426996,129100,7.777639
1553,1986-05-08,0.0,18.41965439614325,18.094603056418734,18.311304734352614,6.0394018138016525,187900,7.961725
1554,1986-05-09,0.0,18.853060106363635,18.41965439614325,18.744708090220385,6.182343978595041,220000,7.846671000000001
1555,1986-05-12,0.0,18.853060106363635,18.473830404214876,18.473830404214876,6.093005714187328,123200,7.731617
1556,1986-05-13,0.0,18.528006412286505,18.094603056418734,18.202952718209367,6.003665095426996,230100,7.685596
1557,1986-05-14,0.0,18.202952718209367,18.094603056418734,18.094603056418734,5.967928377052342,73300,7.708606
1558,1986-05-15,0.0,18.202952718209367,18.094603056418734,18.14877671013774,5.985797913415977,38500,7.685596
1559,1986-05-16,0.0,18.202952718209367,18.094603056418734,18.094603056418734,5.967928377052342,145900,7.731617
1560,1986-05-19,0.0,18.202952718209367,18.094603056418734,18.202952718209367,6.003665095426996,318700,7.82366
1561,1986-05-20,0.0,18.41965439614325,18.094603056418734,18.41965439614325,6.075138532176307,196500,7.869682000000001
1562,1986-05-21,0.0,18.636356074077135,18.311304734352614,18.528006412286505,6.110872896198346,212300,7.915703
1563,1986-05-22,0.0,18.636356074077135,18.528006412286505,18.636356074077135,6.146611968925619,340500,7.869682000000001
1564,1986-05-23,0.0,18.636356074077135,18.528006412286505,18.528006412286505,6.110872896198346,63900,8.099789999999999
1565,1986-05-27,0.0,19.178111446088156,18.528006412286505,19.069761784297516,6.289558842424241,294300,8.513983
1566,1986-05-28,0.0,20.15327017396694,19.178111446088156,20.04491815782369,6.6111775360330585,1247100,8.69807
1567,1986-05-29,0.0,20.695023191625342,20.15327017396694,20.47832386804408,6.754124409531681,847400,8.606027000000001
1568,1986-05-30,0.0,20.47832386804408,20.261622190110195,20.261622190110195,6.68265097278237,331300,8.652047999999999
1569,1986-06-02,0.0,20.366113874246576,20.04284129630137,20.25835556778082,6.681576949369864,212500,8.560005
1570,1986-06-03,0.0,20.25835556778082,19.827324683369866,20.04284129630137,6.61049514789041,148800,8.467961
1571,1986-06-04,0.0,20.04284129630137,19.61181041189041,19.827324683369866,6.53940866350685,75300,8.467961
1572,1986-06-05,0.0,19.827324683369866,19.61181041189041,19.827324683369866,6.53940866350685,122200,8.42194
1573,1986-06-06,0.0,19.827324683369866,19.504054446876715,19.719568718356165,6.503874787123288,102400,8.283875
1574,1986-06-09,0.0,19.827324683369866,19.180784210383564,19.396296140410957,6.3972520849041095,78000,8.191833
1575,1986-06-10,0.0,19.288540175397255,18.749755667424658,19.180784210383564,6.326170283424659,199500,8.467961
1576,1986-06-11,0.0,19.827324683369866,19.180784210383564,19.827324683369866,6.53940866350685,106900,8.467961
1577,1986-06-12,0.0,19.827324683369866,19.719568718356165,19.827324683369866,6.53940866350685,199700,8.513983
1578,1986-06-13,0.0,19.935082989835617,19.719568718356165,19.935082989835617,6.57495190569863,153000,8.42194
1579,1986-06-16,0.0,19.935082989835617,19.719568718356165,19.719568718356165,6.503874787123288,269800,8.467961
1580,1986-06-17,0.0,19.827324683369866,19.719568718356165,19.827324683369866,6.53940866350685,209600,8.513983
1581,1986-06-18,0.0,19.935082989835617,19.719568718356165,19.935082989835617,6.57495190569863,96200,8.467961
1582,1986-06-19,0.0,19.935082989835617,19.61181041189041,19.827324683369866,6.53940866350685,109800,8.375917999999999
1583,1986-06-20,0.0,19.827324683369866,19.61181041189041,19.61181041189041,6.468336227835616,58200,8.42194
1584,1986-06-23,0.0,19.719568718356165,19.504054446876715,19.719568718356165,6.503874787123288,64100,8.467961
1585,1986-06-24,0.0,19.827324683369866,19.504054446876715,19.827324683369866,6.53940866350685,153000,8.375917999999999
1586,1986-06-25,0.0,19.827324683369866,19.61181041189041,19.61181041189041,6.468336227835616,458200,8.513983
1587,1986-06-26,0.0,19.935082989835617,19.61181041189041,19.935082989835617,6.57495190569863,106900,8.513983
1588,1986-06-27,0.0,19.935082989835617,19.827324683369866,19.935082989835617,6.57495190569863,259700,8.652047999999999
1589,1986-06-30,0.0,20.473869839260278,19.827324683369866,20.25835556778082,6.681576949369864,217700,8.790111999999999
1590,1986-07-01,0.0,20.689384110739724,20.25835556778082,20.581625804273973,6.788197310136987,131800,9.204307
1591,1986-07-02,0.0,21.551443538109588,20.473869839260278,21.551443538109588,7.108056050986302,193800,9.342371
1592,1986-07-03,0.0,22.844526825534246,21.44368289019178,21.874713774602743,7.214681094657535,637300,9.158284
1593,1986-07-07,0.0,22.305742317561645,21.44368289019178,21.44368289019178,7.072515150246575,299200,8.652047999999999
1594,1986-07-08,0.0,21.44368289019178,20.25835556778082,20.25835556778082,6.681576949369864,154300,8.790111999999999
1595,1986-07-09,0.0,20.581625804273973,20.25835556778082,20.581625804273973,6.788197310136987,141400,8.513983
1596,1986-07-10,0.0,20.581625804273973,19.827324683369866,19.935082989835617,6.57495190569863,118200,8.560005
1597,1986-07-11,0.0,20.04284129630137,19.935082989835617,20.04284129630137,6.61049514789041,44100,8.467961
1598,1986-07-14,0.0,20.04284129630137,19.719568718356165,19.827324683369866,6.53940866350685,142900,8.42194
1599,1986-07-15,0.0,20.04284129630137,19.719568718356165,19.719568718356165,6.503874787123288,175000,8.560005
1600,1986-07-16,0.0,20.04284129630137,19.719568718356165,20.04284129630137,6.61049514789041,306900,8.513983
1601,1986-07-17,0.0,20.04284129630137,19.827324683369866,19.935082989835617,6.57495190569863,200200,8.283875
1602,1986-07-18,0.0,19.935082989835617,19.396296140410957,19.396296140410957,6.3972520849041095,202400,8.191833
1603,1986-07-21,0.0,19.61181041189041,19.180784210383564,19.180784210383564,6.326170283424659,80400,8.191833
1604,1986-07-22,0.0,19.396296140410957,18.749755667424658,19.180784210383564,6.326170283424659,281900,8.375917999999999
1605,1986-07-23,0.0,19.719568718356165,19.180784210383564,19.61181041189041,6.468336227835616,206400,8.145811
1606,1986-07-24,0.0,19.827324683369866,18.857511632438356,19.07302590391781,6.290629382684932,501700,8.145811
1607,1986-07-25,0.0,19.07302590391781,18.857511632438356,19.07302590391781,6.290629382684932,262700,7.915703
1608,1986-07-28,0.0,19.07302590391781,18.53423905449315,18.53423905449315,6.112931903342466,171600,8.007747
1609,1986-07-29,0.0,18.749755667424658,18.53423905449315,18.749755667424658,6.184011363369863,253500,8.053768
1610,1986-07-30,0.0,18.857511632438356,18.641997360958907,18.857511632438356,6.219549922657534,241900,8.375917999999999
1611,1986-07-31,0.0,19.61181041189041,18.749755667424658,19.61181041189041,6.468336227835616,260900,8.237853999999999
1612,1986-08-01,0.0,19.576055060182313,19.145814685843213,19.253374195132178,6.350112804612579,192100,8.007747
1613,1986-08-04,0.0,19.253374195132178,18.715571974320873,18.715571974320873,6.1727369579671825,185400,8.053768
1614,1986-08-05,0.0,18.823131483609846,18.715571974320873,18.823131483609846,6.208210724986326,219000,8.007747
1615,1986-08-06,0.0,18.823131483609846,18.60801012784868,18.715571974320873,6.1727369579671825,95800,7.915703
1616,1986-08-07,0.0,18.715571974320873,18.500448281376478,18.500448281376478,6.101787086745669,176000,8.007747
1617,1986-08-08,0.0,18.715571974320873,18.500448281376478,18.715571974320873,6.1727369579671825,355300,8.007747
1618,1986-08-11,0.0,18.823131483609846,18.60801012784868,18.715571974320873,6.1727369579671825,244600,8.145811
1619,1986-08-12,0.0,19.038252839371015,18.60801012784868,19.038252839371015,6.27916059620784,815800,8.145811
1620,1986-08-13,0.0,19.038252839371015,18.715571974320873,19.038252839371015,6.27916059620784,238200,8.053768
1621,1986-08-14,0.0,19.038252839371015,18.715571974320873,18.823131483609846,6.208210724986326,126100,8.099789999999999
1622,1986-08-15,0.0,18.93069333008204,18.823131483609846,18.93069333008204,6.24369150355515,103900,8.099789999999999
1623,1986-08-18,0.0,19.038252839371015,18.823131483609846,18.93069333008204,6.24369150355515,107900,8.099789999999999
1624,1986-08-19,0.0,18.93069333008204,18.823131483609846,18.93069333008204,6.24369150355515,102700,8.053768
1625,1986-08-20,0.0,18.93069333008204,18.823131483609846,18.823131483609846,6.208210724986326,305400,8.099789999999999
1626,1986-08-21,0.0,18.93069333008204,18.823131483609846,18.93069333008204,6.24369150355515,232500,8.053768
1627,1986-08-22,0.0,19.038252839371015,18.823131483609846,18.823131483609846,6.208210724986326,121200,8.053768
1628,1986-08-25,0.0,19.038252839371015,18.823131483609846,18.823131483609846,6.208210724986326,55500,8.007747
1629,1986-08-26,0.0,18.93069333008204,18.715571974320873,18.715571974320873,6.1727369579671825,141700,7.915703
1630,1986-08-27,0.0,18.823131483609846,18.500448281376478,18.500448281376478,6.101787086745669,113300,8.007747
1631,1986-08-28,0.0,18.715571974320873,18.500448281376478,18.715571974320873,6.1727369579671825,55800,8.007747
1632,1986-08-29,0.0,18.715571974320873,18.500448281376478,18.715571974320873,6.1727369579671825,184200,7.961725
1633,1986-09-02,0.0,18.630655586052633,18.416507953421053,18.523581769736843,6.109412516052632,116700,7.82366
1634,1986-09-03,0.0,18.630655586052633,17.988217341315792,18.20236264736842,6.00347174368421,202400,7.82366
1635,1986-09-04,0.0,18.20236264736842,17.988217341315792,18.20236264736842,6.00347174368421,56200,7.593553
1636,1986-09-05,0.0,18.20236264736842,17.559926729210524,17.667000545526317,5.826896034473684,126100,7.363445
1637,1986-09-08,0.0,17.667000545526317,16.917490811052634,17.131636117105263,5.650324978421053,254800,7.317423
1638,1986-09-09,0.0,17.131636117105263,16.917490811052634,17.024562300789473,5.615012163157894,276000,7.455488000000001
1639,1986-09-10,0.0,17.345781423157895,16.917490811052634,17.345781423157895,5.720955262105263,227600,7.869682000000001
1640,1986-09-11,0.0,18.630655586052633,17.345781423157895,18.30943646368421,6.038784558947368,676300,7.685596
1641,1986-09-12,0.0,18.30943646368421,17.77407203526316,17.88114585157895,5.897526318157896,533500,7.6395740000000005
1642,1986-09-15,0.0,17.88114585157895,17.559926729210524,17.77407203526316,5.86221117631579,313000,7.6395740000000005
1643,1986-09-16,0.0,17.88114585157895,17.667000545526317,17.77407203526316,5.86221117631579,420200,8.191833
1644,1986-09-17,0.0,19.058946198157898,17.667000545526317,19.058946198157898,6.285985898684211,641700,8.191833
1645,1986-09-18,0.0,19.915527422368424,19.058946198157898,19.058946198157898,6.285985898684211,495300,8.007747
1646,1986-09-19,0.0,18.951872381842108,18.30943646368421,18.630655586052633,6.144729984473685,101200,8.099789999999999
1647,1986-09-22,0.0,18.951872381842108,18.630655586052633,18.844800892105262,6.215362594736841,340900,8.237853999999999
1648,1986-09-23,0.0,19.166017687894733,18.844800892105262,19.166017687894733,6.321301040526316,131600,8.329897
1649,1986-09-24,0.0,19.38016299394737,18.951872381842108,19.38016299394737,6.391928997631578,163700,8.283875
1650,1986-09-25,0.0,19.38016299394737,19.058946198157898,19.27308917763158,6.356616182368421,92300,8.283875
1651,1986-09-26,0.0,19.27308917763158,19.058946198157898,19.27308917763158,6.356616182368421,52300,8.191833
1652,1986-09-29,0.0,19.27308917763158,18.951872381842108,19.058946198157898,6.285985898684211,39000,8.145811
1653,1986-09-30,0.0,19.166017687894733,18.951872381842108,18.951872381842108,6.250670756842106,142900,8.191833
1654,1986-10-01,0.0,19.148641425258383,18.934690267262013,19.04166700849502,6.2802869087488675,160700,7.869682000000001
1655,1986-10-02,0.0,19.04166700849502,18.185860052039892,18.292836793272897,6.033309686273799,176000,8.007747
1656,1986-10-03,0.0,18.61376469250227,18.292836793272897,18.61376469250227,6.139159059737081,112800,7.961725
1657,1986-10-06,0.0,18.72073910926564,18.506787951269267,18.506787951269267,6.103873610779692,80200,8.099789999999999
1658,1986-10-07,0.0,18.827715850498638,18.506787951269267,18.827715850498638,6.20972763318223,66900,8.099789999999999
1659,1986-10-08,0.0,19.04166700849502,18.61376469250227,18.827715850498638,6.20972763318223,98700,8.099789999999999
1660,1986-10-09,0.0,18.934690267262013,18.827715850498638,18.827715850498638,6.20972763318223,133500,8.007747
1661,1986-10-10,0.0,18.934690267262013,18.399811210036265,18.61376469250227,6.139159059737081,213000,7.961725
1662,1986-10-13,0.0,18.61376469250227,18.399811210036265,18.506787951269267,6.103873610779692,103700,8.007747
1663,1986-10-14,0.0,18.61376469250227,18.399811210036265,18.61376469250227,6.139159059737081,25100,8.007747
1664,1986-10-15,0.0,18.61376469250227,18.399811210036265,18.61376469250227,6.139159059737081,161200,7.915703
1665,1986-10-16,0.0,18.61376469250227,18.399811210036265,18.399811210036265,6.068595135231188,148600,7.915703
1666,1986-10-17,0.0,18.506787951269267,18.185860052039892,18.399811210036265,6.068595135231188,218700,7.731617
1667,1986-10-20,0.0,18.399811210036265,17.97190889404352,17.97190889404352,5.927462637280145,165600,7.685596
1668,1986-10-21,0.0,18.185860052039892,17.757957736047146,17.864934477280148,5.892179512792385,93300,7.731617
1669,1986-10-22,0.0,18.185860052039892,17.97190889404352,17.97190889404352,5.927462637280145,107100,7.777639
1670,1986-10-23,0.0,18.185860052039892,17.97190889404352,18.078885635276517,5.962745761767906,109100,7.777639
1671,1986-10-24,0.0,18.185860052039892,17.864934477280148,18.078885635276517,5.962745761767906,92500,7.685596
1672,1986-10-27,0.0,18.078885635276517,17.757957736047146,17.864934477280148,5.892179512792385,153500,7.685596
1673,1986-10-28,0.0,17.97190889404352,17.757957736047146,17.864934477280148,5.892179512792385,62700,7.593553
1674,1986-10-29,0.0,17.864934477280148,17.65098331928377,17.65098331928377,5.821613263816863,63400,7.6395740000000005
1675,1986-10-30,0.0,17.864934477280148,17.65098331928377,17.757957736047146,5.856896388304625,132300,7.685596
1676,1986-10-31,0.0,17.864934477280148,17.65098331928377,17.864934477280148,5.892179512792385,115000,7.593553
1677,1986-11-03,0.0,17.848752471413043,17.634995109755433,17.634995109755433,5.816340063396739,166900,7.685596
1678,1986-11-04,0.0,17.848752471413043,17.634995109755433,17.848752471413043,5.886842393668479,56500,7.82366
1679,1986-11-05,0.0,18.169387352717393,17.741872629402174,18.169387352717393,5.992595889076086,246400,7.82366
1680,1986-11-06,0.0,18.276267194728263,18.062509833070653,18.169387352717393,5.992595889076086,130300,7.731617
1681,1986-11-07,0.0,18.276267194728263,17.848752471413043,17.955629991059784,5.922093558804347,233800,7.6395740000000005
1682,1986-11-10,0.0,17.955629991059784,17.741872629402174,17.741872629402174,5.851591228532609,41700,7.6395740000000005
1683,1986-11-11,0.0,17.955629991059784,17.741872629402174,17.741872629402174,5.851591228532609,31800,7.6395740000000005
1684,1986-11-12,0.0,17.955629991059784,17.528115267744564,17.741872629402174,5.851591228532609,95500,7.455488000000001
1685,1986-11-13,0.0,17.741872629402174,17.314357906086958,17.314357906086958,5.710591212717392,126600,7.455488000000001
1686,1986-11-14,0.0,17.528115267744564,16.99372070241848,17.314357906086958,5.710591212717392,111600,7.409466
1687,1986-11-17,0.0,17.314357906086958,16.99372070241848,17.207478064076085,5.675340047581521,44600,7.271402
1688,1986-11-18,0.0,17.207478064076085,16.886843182771738,16.886843182771738,5.569591196902173,155500,7.22538
1689,1986-11-19,0.0,16.99372070241848,16.56620597910326,16.779963340760872,5.534340031766304,229300,7.363445
1690,1986-11-20,0.0,17.100600544429348,16.673085821114128,17.100600544429348,5.640088882445652,270800,7.409466
1691,1986-11-21,0.0,17.207478064076085,16.99372070241848,17.207478064076085,5.675340047581521,341200,7.317423
1692,1986-11-24,0.0,17.207478064076085,16.99372070241848,16.99372070241848,5.604840039673913,169300,7.363445
1693,1986-11-25,0.0,17.100600544429348,16.99372070241848,17.100600544429348,5.640088882445652,361400,7.363445
1694,1986-11-26,0.0,17.100600544429348,16.886843182771738,17.100600544429348,5.640088882445652,356300,7.271402
1695,1986-11-28,0.0,17.100600544429348,16.886843182771738,16.886843182771738,5.569591196902173,142700,7.271402
1696,1986-12-01,0.0,17.085124887828055,16.871560971746607,16.871560971746607,5.564550842877828,209100,7.317423
1697,1986-12-02,0.0,17.085124887828055,16.871560971746607,16.978341769656108,5.599767786244343,221200,7.317423
1698,1986-12-03,0.0,17.085124887828055,16.871560971746607,16.978341769656108,5.599767786244343,1115800,7.455488000000001
1699,1986-12-04,0.0,17.298688803909506,16.871560971746607,17.298688803909506,5.705423256868779,1286700,7.593553
1700,1986-12-05,0.0,17.619035838162898,17.085124887828055,17.619035838162898,5.811076407230769,1228400,7.593553
1701,1986-12-08,0.0,17.619035838162898,17.40547192208145,17.619035838162898,5.811076407230769,628400,7.685596
1702,1986-12-09,0.0,17.832599754244345,17.40547192208145,17.832599754244345,5.881514934488689,339700,8.099789999999999
1703,1986-12-10,0.0,18.900419334651584,17.7258166360724,18.79363853674208,6.198488307149321,833300,8.099789999999999
1704,1986-12-11,0.0,18.79363853674208,18.580074620660636,18.79363853674208,6.2439004836923075,574800,8.053768
1705,1986-12-12,0.0,18.79363853674208,18.580074620660636,18.686855418570136,6.20841903040724,180900,7.731617
1706,1986-12-15,0.0,18.686855418570136,17.7258166360724,17.939380552153846,5.960083661348416,233500,8.007747
1707,1986-12-16,0.0,18.686855418570136,17.832599754244345,18.580074620660636,6.1729422176470585,469300,8.053768
1708,1986-12-17,0.0,18.686855418570136,18.580074620660636,18.686855418570136,6.20841903040724,476300,7.961725
1709,1986-12-18,0.0,18.686855418570136,18.25972758640724,18.47329150248869,6.1374654048868775,406900,8.053768
1710,1986-12-19,0.0,18.686855418570136,18.046163670325793,18.686855418570136,6.20841903040724,233800,8.053768
1711,1986-12-22,0.0,18.686855418570136,18.47329150248869,18.686855418570136,6.20841903040724,157700,7.915703
1712,1986-12-23,0.0,18.686855418570136,18.25972758640724,18.36650838431674,6.101990912389141,350600,7.915703
1713,1986-12-24,0.0,18.47329150248869,18.25972758640724,18.36650838431674,6.101990912389141,103400,8.007747
1714,1986-12-26,0.0,18.580074620660636,18.36650838431674,18.580074620660636,6.1729422176470585,98700,7.961725
1715,1986-12-29,0.0,18.686855418570136,18.36650838431674,18.47329150248869,6.1374654048868775,222200,7.961725
1716,1986-12-30,0.0,18.47329150248869,18.25972758640724,18.47329150248869,6.1374654048868775,283700,7.961725
1717,1986-12-31,0.0,18.47329150248869,18.25972758640724,18.47329150248869,6.1374654048868775,369600,8.053768
1718,1987-01-02,0.0,18.56922233589928,18.250891874703235,18.56922233589928,6.169337255935252,312800,8.099789999999999
1719,1987-01-05,0.0,18.78144187481115,18.35700279698741,18.67533325818345,6.204595354748201,485600,8.145811
1720,1987-01-06,0.0,18.78144187481115,18.67533325818345,18.78144187481115,6.239844230935253,400500,8.145811
1721,1987-01-07,0.0,18.78144187481115,18.56922233589928,18.78144187481115,6.239844230935253,245600,8.145811
1722,1987-01-08,0.0,18.993661413723018,18.56922233589928,18.78144187481115,6.239844230935253,218500,8.606027000000001
1723,1987-01-09,0.0,20.479198186106117,18.78144187481115,19.84254187502698,6.592376800278777,511800,8.744091000000001
1724,1987-01-12,0.0,20.266978647194243,19.736430952742808,20.16087003056655,6.698139568435252,789400,8.652047999999999
1725,1987-01-13,0.0,20.266978647194243,19.630320030458634,19.948650491654675,6.627630287778778,479700,8.467961
1726,1987-01-14,0.0,19.84254187502698,19.311989569262586,19.524209108174464,6.486616337778777,260200,8.467961
1727,1987-01-15,0.0,19.524209108174464,19.418100491546763,19.524209108174464,6.486616337778777,304400,8.42194
1728,1987-01-16,0.0,19.524209108174464,19.418100491546763,19.418100491546763,6.451362850278777,299200,8.467961
1729,1987-01-19,0.0,19.524209108174464,19.418100491546763,19.524209108174464,6.486616337778777,249100,8.42194
1730,1987-01-20,0.0,19.524209108174464,19.418100491546763,19.418100491546763,6.451362850278777,337700,8.467961
1731,1987-01-21,0.0,19.524209108174464,19.311989569262586,19.524209108174464,6.486616337778777,176500,8.42194
1732,1987-01-22,0.0,19.524209108174464,19.418100491546763,19.418100491546763,6.451362850278777,101400,8.467961
1733,1987-01-23,0.0,19.524209108174464,19.418100491546763,19.524209108174464,6.486616337778777,265600,8.283875
1734,1987-01-26,0.0,19.524209108174464,18.887552797095324,19.09977003035072,6.3456023877787775,169800,8.283875
1735,1987-01-27,0.0,19.205880952634896,18.78144187481115,19.09977003035072,6.3456023877787775,245900,8.375917999999999
1736,1987-01-28,0.0,19.418100491546763,19.09977003035072,19.311989569262586,6.416113974091727,206400,8.329897
1737,1987-01-29,0.0,19.418100491546763,19.205880952634896,19.205880952634896,6.380860486591727,129300,8.329897
1738,1987-01-30,0.0,19.418100491546763,19.09977003035072,19.205880952634896,6.380860486591727,117000,8.375917999999999
1739,1987-02-02,0.0,19.242770968655915,19.13704266965054,19.242770968655915,6.393117149811829,277500,8.375917999999999
1740,1987-02-03,0.0,19.242770968655915,19.03131207325269,19.242770968655915,6.393117149811829,290600,8.329897
1741,1987-02-04,0.0,19.242770968655915,18.92558377424731,19.13704266965054,6.35799001889785,234000,8.283875
1742,1987-02-05,0.0,19.13704266965054,18.92558377424731,19.03131207325269,6.322858293198925,268400,8.375917999999999
1743,1987-02-06,0.0,19.242770968655915,19.03131207325269,19.242770968655915,6.393117149811829,272100,8.375917999999999
1744,1987-02-09,0.0,19.242770968655915,19.13704266965054,19.242770968655915,6.393117149811829,164400,8.375917999999999
1745,1987-02-10,0.0,19.242770968655915,19.03131207325269,19.242770968655915,6.393117149811829,309800,8.375917999999999
1746,1987-02-11,0.0,19.348501565053763,19.13704266965054,19.242770968655915,6.393117149811829,118500,8.375917999999999
1747,1987-02-12,0.0,19.242770968655915,19.13704266965054,19.242770968655915,6.393117149811829,199700,8.375917999999999
1748,1987-02-13,0.0,19.348501565053763,19.13704266965054,19.242770968655915,6.393117149811829,165900,8.329897
1749,1987-02-17,0.0,19.242770968655915,19.13704266965054,19.13704266965054,6.35799001889785,196300,8.329897
1750,1987-02-18,0.0,19.242770968655915,19.03131207325269,19.13704266965054,6.35799001889785,251800,8.329897
1751,1987-02-19,0.0,19.242770968655915,19.03131207325269,19.13704266965054,6.35799001889785,367900,8.283875
1752,1987-02-20,0.0,19.242770968655915,19.03131207325269,19.03131207325269,6.322858293198925,141700,8.283875
1753,1987-02-23,0.0,19.13704266965054,18.92558377424731,19.03131207325269,6.322858293198925,230800,8.283875
1754,1987-02-24,0.0,19.13704266965054,18.92558377424731,19.03131207325269,6.322858293198925,138500,8.145811
1755,1987-02-25,0.0,19.03131207325269,18.71412487884409,18.71412487884409,6.217479197849463,112300,8.099789999999999
1756,1987-02-26,0.0,18.819855475241937,18.60839657983871,18.60839657983871,6.18235666172043,177700,8.099789999999999
1757,1987-02-27,0.0,18.71412487884409,18.50266598344086,18.60839657983871,6.18235666172043,139700,8.145811
1758,1987-03-02,0.0,18.63065420587868,18.42013848128457,18.63065420587868,6.189747354861732,202200,8.099789999999999
1759,1987-03-03,0.0,18.735913211748443,18.314881762560216,18.525397487154326,6.154781475896521,327900,8.283875
1760,1987-03-04,0.0,18.94642664919715,18.525397487154326,18.94642664919715,6.29465642748439,99500,8.191833
1761,1987-03-05,0.0,18.94642664919715,18.735913211748443,18.735913211748443,6.224717808117752,201900,8.237853999999999
1762,1987-03-06,0.0,18.94642664919715,18.735913211748443,18.84116993047279,6.259688261373773,52500,8.237853999999999
1763,1987-03-09,0.0,18.84116993047279,18.735913211748443,18.84116993047279,6.259688261373773,98000,8.191833
1764,1987-03-10,0.0,18.84116993047279,18.735913211748443,18.735913211748443,6.224717808117752,209600,8.237853999999999
1765,1987-03-11,0.0,18.94642664919715,18.735913211748443,18.84116993047279,6.259688261373773,220000,8.191833
1766,1987-03-12,0.0,18.84116993047279,18.735913211748443,18.735913211748443,6.278026593238182,101400,8.237853999999999
1767,1987-03-13,0.0,18.84116993047279,18.735913211748443,18.84116993047279,6.313296662542373,43700,8.237853999999999
1768,1987-03-16,0.0,18.84116993047279,18.735913211748443,18.84116993047279,6.313296662542373,52100,8.237853999999999
1769,1987-03-17,0.0,18.84116993047279,18.735913211748443,18.84116993047279,6.313296662542373,60700,8.237853999999999
1770,1987-03-18,0.0,18.84116993047279,18.735913211748443,18.84116993047279,6.313296662542373,191100,8.283875
1771,1987-03-19,0.0,19.05168565506691,18.735913211748443,18.94642664919715,6.348566731846566,187400,8.375917999999999
1772,1987-03-20,0.0,19.156942373791257,18.84116993047279,19.156942373791257,6.419104583309545,360200,8.329897
1773,1987-03-23,0.0,19.156942373791257,18.94642664919715,19.05168565506691,6.383832226859947,147900,8.191833
1774,1987-03-24,0.0,19.05168565506691,18.735913211748443,18.735913211748443,6.278026593238182,180900,8.191833
1775,1987-03-25,0.0,18.84116993047279,18.735913211748443,18.735913211748443,6.278026593238182,83700,8.283875
1776,1987-03-26,0.0,18.94642664919715,18.735913211748443,18.94642664919715,6.348566731846566,156000,8.191833
1777,1987-03-27,0.0,18.94642664919715,18.525397487154326,18.735913211748443,6.278026593238182,103400,8.007747
1778,1987-03-30,0.0,18.63065420587868,18.104363750820696,18.314881762560216,6.1369486031668155,230100,8.053768
1779,1987-03-31,0.0,18.42013848128457,18.104363750820696,18.42013848128457,6.172216385325602,80200,7.915703
1780,1987-04-01,0.0,18.322072082981368,18.007978495714283,18.007978495714283,6.034111702546584,96000,8.007747
1781,1987-04-02,0.0,18.426770703726703,18.007978495714283,18.21737573720497,6.1042762947204965,113000,8.099789999999999
1782,1987-04-03,0.0,18.426770703726703,18.21737573720497,18.426770703726703,6.17444088689441,60000,8.099789999999999
1783,1987-04-06,0.0,18.426770703726703,18.21737573720497,18.426770703726703,6.17444088689441,135800,8.007747
1784,1987-04-07,0.0,18.426770703726703,18.11267711645963,18.21737573720497,6.1042762947204965,72300,8.007747
1785,1987-04-08,0.0,18.21737573720497,18.11267711645963,18.21737573720497,6.1042762947204965,132300,7.915703
1786,1987-04-09,0.0,18.21737573720497,17.79858352919255,18.007978495714283,6.034111702546584,165600,7.777639
1787,1987-04-10,0.0,17.90328214993789,17.69388718341615,17.69388718341615,5.928864814285713,106400,7.777639
1788,1987-04-13,0.0,17.79858352919255,17.58918856267081,17.69388718341615,5.928864814285713,146100,7.6395740000000005
1789,1987-04-14,0.0,17.79858352919255,17.170398629627325,17.37979359614907,5.8236156510559,229300,7.547530999999999
1790,1987-04-15,0.0,17.37979359614907,17.065702283850932,17.170398629627325,5.753455608819876,149800,7.731617
1791,1987-04-16,0.0,17.58918856267081,17.170398629627325,17.58918856267081,5.893787068136646,317000,8.099789999999999
1792,1987-04-20,0.0,18.531467049503103,17.58918856267081,18.426770703726703,6.17444088689441,437200,8.007747
1793,1987-04-21,0.0,18.426770703726703,18.11267711645963,18.21737573720497,6.1042762947204965,434800,7.961725
1794,1987-04-22,0.0,18.21737573720497,18.007978495714283,18.11267711645963,6.069193998633541,81400,7.777639
1795,1987-04-23,0.0,18.007978495714283,17.69388718341615,17.69388718341615,5.928864814285713,94000,7.731617
1796,1987-04-24,0.0,17.90328214993789,17.37979359614907,17.58918856267081,5.893787068136646,177700,7.685596
1797,1987-04-27,0.0,17.484492216894413,17.27509725037267,17.484492216894413,5.858700222111802,110300,7.82366
1798,1987-04-28,0.0,17.90328214993789,17.37979359614907,17.79858352919255,5.963949385341614,220400,7.869682000000001
1799,1987-04-29,0.0,18.11267711645963,17.69388718341615,17.90328214993789,5.999027131490684,335300,7.915703
1800,1987-04-30,0.0,18.11267711645963,17.90328214993789,18.007978495714283,6.034111702546584,327600,7.869682000000001
1801,1987-05-01,0.0,17.94428980076923,17.631309333076924,17.839963733846155,5.977810413076924,291300,7.82366
1802,1987-05-04,0.0,17.839963733846155,17.422654932307697,17.735635400000003,5.942856726153846,123200,7.777639
1803,1987-05-05,0.0,17.735635400000003,17.631309333076924,17.631309333076924,5.9078962384615386,35300,7.869682000000001
1804,1987-05-06,0.0,17.839963733846155,17.631309333076924,17.839963733846155,5.977810413076924,148800,7.82366
1805,1987-05-07,0.0,17.839963733846155,17.735635400000003,17.735635400000003,5.942856726153846,89100,7.915703
1806,1987-05-08,0.0,18.048618134615385,17.839963733846155,17.94428980076923,6.012770900769231,113300,7.915703
1807,1987-05-11,0.0,18.15294646846154,17.839963733846155,17.94428980076923,6.012770900769231,267600,7.82366
1808,1987-05-12,0.0,18.15294646846154,17.735635400000003,17.735635400000003,5.942856726153846,71100,7.82366
1809,1987-05-13,0.0,17.94428980076923,17.735635400000003,17.735635400000003,5.942856726153846,324400,7.82366
1810,1987-05-14,0.0,17.839963733846155,17.735635400000003,17.735635400000003,5.942856726153846,73300,7.777639
1811,1987-05-15,0.0,17.839963733846155,17.631309333076924,17.631309333076924,5.9078962384615386,95500,7.547530999999999
1812,1987-05-18,0.0,17.735635400000003,17.005346130769233,17.10967219769231,5.733107401538462,288100,7.455488000000001
1813,1987-05-19,0.0,17.214000531538463,16.901017796923078,16.901017796923078,5.663188693076924,131800,7.501510000000001
1814,1987-05-20,0.0,17.005346130769233,16.692363396153844,17.005346130769233,5.698146913846154,117700,7.547530999999999
1815,1987-05-21,0.0,17.318326598461542,16.901017796923078,17.10967219769231,5.733107401538462,70100,7.501510000000001
1816,1987-05-22,0.0,17.10967219769231,16.796689463076927,17.005346130769233,5.698146913846154,48800,7.501510000000001
1817,1987-05-26,0.0,17.005346130769233,16.796689463076927,17.005346130769233,5.698146913846154,57700,7.501510000000001
1818,1987-05-27,0.0,17.005346130769233,16.901017796923078,17.005346130769233,5.698146913846154,99000,7.455488000000001
1819,1987-05-28,0.0,17.005346130769233,16.796689463076927,16.901017796923078,5.663188693076924,79000,7.363445
1820,1987-05-29,0.0,16.901017796923078,16.483708995384617,16.692363396153844,5.59327451846154,138500,7.409466
1821,1987-06-01,0.0,16.841454738607933,16.529575026845816,16.73749408170925,5.6083975577709255,142200,7.455488000000001
1822,1987-06-02,0.0,16.841454738607933,16.73749408170925,16.841454738607933,5.643230318828194,96700,7.409466
1823,1987-06-03,0.0,16.841454738607933,16.63353568374449,16.73749408170925,5.6083975577709255,82900,7.409466
1824,1987-06-04,0.0,16.73749408170925,16.63353568374449,16.73749408170925,5.6083975577709255,66600,7.363445
1825,1987-06-05,0.0,16.73749408170925,16.529575026845816,16.63353568374449,5.573562537779735,86100,7.317423
1826,1987-06-08,0.0,16.63353568374449,16.42561662888106,16.529575026845816,5.538729776722468,72500,7.363445
1827,1987-06-09,0.0,16.73749408170925,16.42561662888106,16.63353568374449,5.573562537779735,311100,7.409466
1828,1987-06-10,0.0,16.73749408170925,16.63353568374449,16.73749408170925,5.6083975577709255,151300,7.409466
1829,1987-06-11,0.0,16.73749408170925,16.529575026845816,16.73749408170925,5.661848452202644,172500,7.363445
1830,1987-06-12,0.0,16.73749408170925,16.529575026845816,16.63353568374449,5.6266813689251105,167600,7.731617
1831,1987-06-15,0.0,17.465211903198238,16.63353568374449,17.465211903198238,5.908015776211454,553500,8.237853999999999
1832,1987-06-16,0.0,18.608767834414095,17.36125350523348,18.608767834414095,6.294851433330398,400900,8.283875
1833,1987-06-17,0.0,18.92064528724229,18.504809436449342,18.712726232378856,6.330016257674009,453000,8.191833
1834,1987-06-18,0.0,18.92064528724229,18.2968903815859,18.504809436449342,6.259682091118942,248100,8.191833
1835,1987-06-19,0.0,18.504809436449342,18.2968903815859,18.504809436449342,6.259682091118942,217500,8.053768
1836,1987-06-22,0.0,18.504809436449342,18.192929724687225,18.192929724687225,6.154183100220265,112800,7.869682000000001
1837,1987-06-23,0.0,18.2968903815859,17.673130958061673,17.777091614960355,6.013514767110132,102400,7.777639
1838,1987-06-24,0.0,17.777091614960355,17.465211903198238,17.569172560096916,5.943180600555065,133300,7.777639
1839,1987-06-25,0.0,17.569172560096916,17.36125350523348,17.569172560096916,5.943180600555065,147400,7.777639
1840,1987-06-26,0.0,17.569172560096916,17.36125350523348,17.569172560096916,5.943180600555065,149800,7.869682000000001
1841,1987-06-29,0.0,17.777091614960355,17.465211903198238,17.777091614960355,6.013514767110132,151300,8.099789999999999
1842,1987-06-30,0.0,18.40084877955066,17.777091614960355,18.2968903815859,6.189352442431718,937000,8.145811
1843,1987-07-01,0.0,18.767082266546577,18.248656048418276,18.352340390852376,6.208103664332162,743400,8.007747
1844,1987-07-02,0.0,18.352340390852376,17.93759851515817,18.041285110571177,6.102885043260106,233000,8.145811
1845,1987-07-06,0.0,18.352340390852376,18.041285110571177,18.352340390852376,6.208103664332162,229600,8.145811
1846,1987-07-07,0.0,18.45602698626538,18.248656048418276,18.352340390852376,6.208103664332162,286600,8.099789999999999
1847,1987-07-08,0.0,18.352340390852376,18.041285110571177,18.248656048418276,6.173036047592268,161400,8.053768
1848,1987-07-09,0.0,18.352340390852376,18.041285110571177,18.144969453005274,6.137959418936732,180900,8.053768
1849,1987-07-10,0.0,18.248656048418276,18.144969453005274,18.144969453005274,6.137959418936732,146600,8.099789999999999
1850,1987-07-13,0.0,18.248656048418276,18.144969453005274,18.248656048418276,6.173036047592268,186100,8.099789999999999
1851,1987-07-14,0.0,18.248656048418276,18.144969453005274,18.248656048418276,6.173036047592268,281200,8.007747
1852,1987-07-15,0.0,18.248656048418276,18.041285110571177,18.041285110571177,6.102885043260106,470100,7.731617
1853,1987-07-16,0.0,18.144969453005274,17.315485701616872,17.419170044050965,5.892441042179263,256500,7.593553
1854,1987-07-17,0.0,17.419170044050965,16.79705723050967,17.108114763769773,5.787217915149386,177700,7.593553
1855,1987-07-20,0.0,17.108114763769773,16.900743825922675,17.108114763769773,5.787217915149386,119500,7.409466
1856,1987-07-21,0.0,17.004428168356764,16.589686292662567,16.693370635096663,5.646922665421793,177700,7.409466
1857,1987-07-22,0.0,16.79705723050967,16.589686292662567,16.693370635096663,5.646922665421793,31600,7.455488000000001
1858,1987-07-23,0.0,16.79705723050967,16.589686292662567,16.79705723050967,5.681994788119508,71800,7.363445
1859,1987-07-24,0.0,16.79705723050967,16.589686292662567,16.589686292662567,5.611848289745168,180200,7.363445
1860,1987-07-27,0.0,16.79705723050967,16.589686292662567,16.589686292662567,5.611848289745168,185600,7.455488000000001
1861,1987-07-28,0.0,16.79705723050967,16.589686292662567,16.79705723050967,5.681994788119508,171600,7.317423
1862,1987-07-29,0.0,16.79705723050967,16.48599969724956,16.48599969724956,5.576773914068541,148800,7.271402
1863,1987-07-30,0.0,16.693370635096663,16.382315354815468,16.382315354815468,5.541699538391916,289800,7.317423
1864,1987-07-31,0.0,16.589686292662567,16.382315354815468,16.48599969724956,5.576773914068541,73800,7.317423
1865,1987-08-03,0.0,16.399534663872377,16.19325133583916,16.399534663872377,5.547525099833916,142700,7.363445
1866,1987-08-04,0.0,16.605817991905596,16.296394120437064,16.50267744847028,5.582415518994756,104400,7.777639
1867,1987-08-05,0.0,17.637236873234265,16.50267744847028,17.43095354520105,5.896424809117132,296700,7.777639
1868,1987-08-06,0.0,17.946662985865387,17.43095354520105,17.43095354520105,5.896424809117132,269600,7.777639
1869,1987-08-07,0.0,17.637236873234265,17.43095354520105,17.43095354520105,5.896424809117132,139000,7.685596
1870,1987-08-10,0.0,17.534094088636362,17.22467021716783,17.22467021716783,5.8266462119580416,125400,7.547530999999999
1871,1987-08-11,0.0,17.43095354520105,16.91524410453671,16.91524410453671,5.721974954475525,130300,7.6395740000000005
1872,1987-08-12,0.0,17.12152743256993,16.91524410453671,17.12152743256993,5.791758033959791,240900,7.6395740000000005
1873,1987-08-13,0.0,17.12152743256993,17.018386889134614,17.12152743256993,5.791758033959791,88300,7.731617
1874,1987-08-14,0.0,17.43095354520105,17.018386889134614,17.327810760603146,5.861536631118882,234300,7.6395740000000005
1875,1987-08-17,0.0,17.43095354520105,17.12152743256993,17.12152743256993,5.791758033959791,196300,7.501510000000001
1876,1987-08-18,0.0,17.327810760603146,16.7089607765035,16.8121035611014,5.6870845353146855,128600,7.363445
1877,1987-08-19,0.0,16.7089607765035,16.399534663872377,16.50267744847028,5.582415518994756,142900,7.317423
1878,1987-08-20,0.0,16.605817991905596,16.399534663872377,16.399534663872377,5.547525099833916,141200,7.363445
1879,1987-08-21,0.0,16.50267744847028,16.296394120437064,16.50267744847028,5.582415518994756,234000,7.409466
1880,1987-08-24,0.0,16.605817991905596,16.399534663872377,16.605817991905596,5.617305938155595,97000,7.455488000000001
1881,1987-08-25,0.0,16.91524410453671,16.50267744847028,16.7089607765035,5.652194116153846,96000,7.317423
1882,1987-08-26,0.0,16.8121035611014,16.399534663872377,16.399534663872377,5.547525099833916,101200,7.363445
1883,1987-08-27,0.0,16.605817991905596,16.296394120437064,16.50267744847028,5.582415518994756,80000,7.271402
1884,1987-08-28,0.0,16.50267744847028,16.19325133583916,16.296394120437064,5.512634680673076,228600,7.271402
1885,1987-08-31,0.0,16.399534663872377,16.19325133583916,16.296394120437064,5.512634680673076,174800,7.363445
1886,1987-09-01,0.0,16.41657652265217,16.211369455460872,16.41657652265217,5.553289872808696,169800,7.22538
1887,1987-09-02,0.0,16.41657652265217,16.006162388269566,16.108764807130434,5.449166955704348,153000,7.179359
1888,1987-09-03,0.0,16.108764807130434,16.006162388269566,16.006162388269566,5.414458573513044,58700,7.22538
1889,1987-09-04,0.0,16.108764807130434,15.90355773993913,16.108764807130434,5.449166955704348,58200,6.765165
1890,1987-09-08,0.0,16.108764807130434,14.980124822843477,15.082729471173913,5.102083133791305,300000,6.857208
1891,1987-09-09,0.0,15.287936538365217,14.980124822843477,15.287936538365217,5.171499898173913,430600,7.041294000000001
1892,1987-09-10,0.0,15.800955321078263,15.185331890034783,15.698350672747829,5.365062445826086,197000,7.087316
1893,1987-09-11,0.0,15.800955321078263,15.595748253886956,15.800955321078263,5.400127543147827,68800,7.179359
1894,1987-09-14,0.0,16.108764807130434,15.595748253886956,16.006162388269566,5.470257737791304,136000,7.133336999999999
1895,1987-09-15,0.0,16.108764807130434,15.90355773993913,15.90355773993913,5.435192640469566,176000,7.041294000000001
1896,1987-09-16,0.0,15.90355773993913,15.698350672747829,15.698350672747829,5.365062445826086,95300,7.087316
1897,1987-09-17,0.0,15.800955321078263,15.595748253886956,15.800955321078263,5.400127543147827,71100,7.041294000000001
1898,1987-09-18,0.0,15.800955321078263,15.595748253886956,15.698350672747829,5.365062445826086,217700,6.811186
1899,1987-09-21,0.0,15.698350672747829,15.082729471173913,15.185331890034783,5.189730270808695,208400,6.857208
1900,1987-09-22,0.0,15.49314360555652,14.980124822843477,15.287936538365217,5.2247975976,106400,6.719142999999999
1901,1987-09-23,0.0,15.595748253886956,14.774917755652174,14.980124822843477,5.119597846695652,155000,6.581078999999999
1902,1987-09-24,0.0,15.185331890034783,14.672315336791302,14.672315336791302,5.014404784200001,233000,6.6271
1903,1987-09-25,0.0,14.87752240398261,14.569712917930437,14.774917755652174,5.049469881521739,203200,6.6271
1904,1987-09-28,0.0,14.980124822843477,14.672315336791302,14.774917755652174,5.049469881521739,154000,6.811186
1905,1987-09-29,0.0,15.185331890034783,14.980124822843477,15.185331890034783,5.189730270808695,99500,6.811186
1906,1987-09-30,0.0,15.185331890034783,14.980124822843477,15.185331890034783,5.189730270808695,65100,6.995272999999999
1907,1987-10-01,0.0,15.657505007510842,14.941147915238506,15.555169550711186,5.316129185411969,131600,7.087316
1908,1987-10-02,0.0,15.759842687979186,15.452831870242845,15.759842687979186,5.38607690773634,82700,7.087316
1909,1987-10-05,0.0,15.759842687979186,15.555169550711186,15.759842687979186,5.38607690773634,57700,7.087316
1910,1987-10-06,0.0,15.964515825247183,15.657505007510842,15.759842687979186,5.38607690773634,133800,6.857208
1911,1987-10-07,0.0,15.555169550711186,15.248158732974849,15.248158732974849,5.211203154588032,150100,6.765165
1912,1987-10-08,0.0,15.350496413443194,14.838812458438857,15.043485595706853,5.14125543226366,78700,6.719142999999999
1913,1987-10-09,0.0,15.043485595706853,14.941147915238506,14.941147915238506,5.106277123764094,58000,6.673122
1914,1987-10-12,0.0,15.043485595706853,14.736474777970512,14.838812458438857,5.07130770993929,236500,6.765165
1915,1987-10-13,0.0,15.248158732974849,14.838812458438857,15.043485595706853,5.14125543226366,69300,6.765165
1916,1987-10-14,0.0,15.145821052506507,14.941147915238506,15.043485595706853,5.14125543226366,339500,6.6271
1917,1987-10-15,0.0,15.043485595706853,14.736474777970512,14.736474777970512,5.036331625108413,186600,6.396993
1918,1987-10-16,0.0,14.941147915238506,14.224793046634867,14.224793046634867,4.861460095628795,444400,5.752691
1919,1987-10-19,0.0,14.327128503434519,12.689743405290546,12.792078862090202,4.371814921014744,300000,5.154411
1920,1987-10-20,0.0,12.587405724822203,10.950020626678233,11.461702358013877,3.91714583123157,538700,6.3509709999999995
1921,1987-10-21,0.0,14.327128503434519,11.461702358013877,14.122455366166522,4.826484010797918,770600,6.074841999999999
1922,1987-10-22,0.0,14.327128503434519,12.996751999358198,13.508435954362533,4.616634172818735,329800,6.074841999999999
1923,1987-10-23,0.0,13.713109091630528,13.303762817094537,13.508435954362533,4.616634172818735,264400,5.798712999999999
1924,1987-10-26,0.0,13.610771411162187,12.894416542558544,12.894416542558544,4.40679100584562,556800,5.9367779999999994
1925,1987-10-27,0.0,13.508435954362533,12.996751999358198,13.201427360294883,4.511714813000867,441700,5.752691
1926,1987-10-28,0.0,13.201427360294883,12.792078862090202,12.792078862090202,4.371814921014744,822400,5.798712999999999
1927,1987-10-29,0.0,13.09908967982654,12.792078862090202,12.894416542558544,4.40679100584562,208100,6.028821
1928,1987-10-30,0.0,13.40610049756288,12.894416542558544,13.40610049756288,4.581662535325239,440500,6.166885
1929,1987-11-02,0.0,13.803474981135183,13.292234426438474,13.701225981499134,4.682527397547661,232100,6.120863
1930,1987-11-03,0.0,13.803474981135183,13.496730203968802,13.598976981863084,4.6475816212824945,190300,6.120863
1931,1987-11-04,0.0,13.701225981499134,13.292234426438474,13.598976981863084,4.6475816212824945,215800,6.166885
1932,1987-11-05,0.0,13.803474981135183,13.496730203968802,13.701225981499134,4.682527397547661,67100,6.120863
1933,1987-11-06,0.0,13.803474981135183,13.598976981863084,13.598976981863084,4.6475816212824945,95800,5.982799
1934,1987-11-09,0.0,13.701225981499134,13.292234426438474,13.292234426438474,4.542748735970537,245100,5.982799
1935,1987-11-10,0.0,13.496730203968802,13.292234426438474,13.292234426438474,4.542748735970537,169800,6.074841999999999
1936,1987-11-11,0.0,13.496730203968802,13.292234426438474,13.496730203968802,4.612633623275563,100400,6.166885
1937,1987-11-12,0.0,13.701225981499134,13.394483426074522,13.701225981499134,4.682527397547661,112800,6.166885
1938,1987-11-13,0.0,13.701225981499134,13.394483426074522,13.701225981499134,4.682527397547661,183400,6.074841999999999
1939,1987-11-16,0.0,13.701225981499134,13.496730203968802,13.496730203968802,4.612633623275563,174300,5.9367779999999994
1940,1987-11-17,0.0,13.394483426074522,13.087738648908145,13.189987648544193,4.507805181447139,269100,5.982799
1941,1987-11-18,0.0,13.292234426438474,13.087738648908145,13.292234426438474,4.542748735970537,210600,5.890756
1942,1987-11-19,0.0,13.292234426438474,13.087738648908145,13.087738648908145,4.4728594051819766,177700,5.890756
1943,1987-11-20,0.0,13.292234426438474,13.087738648908145,13.087738648908145,4.4728594051819766,160200,5.890756
1944,1987-11-23,0.0,13.292234426438474,13.087738648908145,13.087738648908145,4.4728594051819766,459700,5.890756
1945,1987-11-24,0.0,13.292234426438474,13.087738648908145,13.087738648908145,4.4728594051819766,107900,5.798712999999999
1946,1987-11-25,0.0,13.189987648544193,12.780993871741769,12.883242871377814,4.402972296135181,71600,5.522583
1947,1987-11-27,0.0,12.883242871377814,12.269753317045062,12.269753317045062,4.193308747253034,79700,5.338498
1948,1987-11-30,0.0,12.269753317045062,11.451770206923742,11.860763983726171,4.05353008567591,230100,5.338498
1949,1987-12-01,0.0,11.96301076162045,11.656268206195842,11.860763983726171,4.05353008567591,194000,5.292476000000001
1950,1987-12-02,0.0,11.96301076162045,11.656268206195842,11.758514984090121,4.018584309410746,125600,5.0163470000000006
1951,1987-12-03,0.0,11.758514984090121,11.042778651863085,11.145027651499134,3.808918538786828,251800,5.0163470000000006
1952,1987-12-04,0.0,11.247274429393414,10.838282874332755,11.145027651499134,3.808918538786828,282900,5.0163470000000006
1953,1987-12-07,0.0,11.349523429029462,11.042778651863085,11.145027651499134,3.808918538786828,239000,5.0163470000000006
1954,1987-12-08,0.0,11.247274429393414,11.042778651863085,11.145027651499134,3.808918538786828,139000,5.246455
1955,1987-12-09,0.0,11.656268206195842,11.042778651863085,11.656268206195842,3.9836407548873476,170300,5.062368
1956,1987-12-10,0.0,11.554019206559794,11.247274429393414,11.247274429393414,3.895806415840554,141900,5.0163470000000006
1957,1987-12-11,0.0,11.451770206923742,11.145027651499134,11.145027651499134,3.8603896303206238,142700,5.062368
1958,1987-12-14,0.0,11.349523429029462,11.145027651499134,11.247274429393414,3.895806415840554,155500,5.0163470000000006
1959,1987-12-15,0.0,11.349523429029462,11.042778651863085,11.145027651499134,3.8603896303206238,129600,4.970325
1960,1987-12-16,0.0,11.247274429393414,10.940531873968805,11.042778651863085,3.8249706230589253,182400,4.970325
1961,1987-12-17,0.0,11.145027651499134,10.838282874332755,11.042778651863085,3.8249706230589253,268800,5.10839
1962,1987-12-18,0.0,11.349523429029462,10.940531873968805,11.349523429029462,3.9312209796187174,252800,5.0163470000000006
1963,1987-12-21,0.0,11.451770206923742,11.145027651499134,11.145027651499134,3.8603896303206238,141900,5.0163470000000006
1964,1987-12-22,0.0,11.247274429393414,10.940531873968805,11.145027651499134,3.8603896303206238,217500,4.970325
1965,1987-12-23,0.0,11.145027651499134,10.940531873968805,11.042778651863085,3.8249706230589253,129600,5.0163470000000006
1966,1987-12-24,0.0,11.247274429393414,11.042778651863085,11.145027651499134,3.8603896303206238,201200,5.062368
1967,1987-12-28,0.0,11.451770206923742,11.145027651499134,11.247274429393414,3.895806415840554,259700,5.062368
1968,1987-12-29,0.0,11.451770206923742,11.247274429393414,11.247274429393414,3.895806415840554,182900,5.10839
1969,1987-12-30,0.0,11.349523429029462,11.247274429393414,11.349523429029462,3.9312209796187174,473500,5.062368
1970,1987-12-31,0.0,11.349523429029462,11.247274429393414,11.247274429393414,3.895806415840554,341400,5.476562
1971,1988-01-04,0.0,12.135957256853933,11.218111228625757,12.135957256853933,4.20362728988764,269300,5.522583
1972,1988-01-05,0.0,12.645872209420917,12.135957256853933,12.237938917778738,4.238952242774416,139000,5.522583
1973,1988-01-06,0.0,12.441906671590319,12.237938917778738,12.237938917778738,4.238952242774416,156500,5.522583
1974,1988-01-07,0.0,12.441906671590319,12.03397559592913,12.237938917778738,4.238952242774416,84400,5.338498
1975,1988-01-08,0.0,12.237938917778738,11.728026181192742,11.830010058098532,4.097650215246327,127600,5.154411
1976,1988-01-11,0.0,11.626044520267934,11.320095105531548,11.422076766456353,3.9563504036992225,88300,5.154411
1977,1988-01-12,0.0,11.524060643362144,11.218111228625757,11.422076766456353,3.9563504036992225,111600,5.154411
1978,1988-01-13,0.0,11.422076766456353,10.912164029870354,11.422076766456353,3.9563504036992225,56000,5.246455
1979,1988-01-14,0.0,11.626044520267934,11.218111228625757,11.626044520267934,4.027002525453759,88300,5.246455
1980,1988-01-15,0.0,12.03397559592913,11.524060643362144,11.626044520267934,4.027002525453759,137700,5.292476000000001
1981,1988-01-18,0.0,11.830010058098532,11.626044520267934,11.728026181192742,4.062327478340535,76700,5.384519
1982,1988-01-19,0.0,11.931991719023335,11.728026181192742,11.931991719023335,4.1329773841140875,105100,5.338498
1983,1988-01-20,0.0,11.931991719023335,11.626044520267934,11.830010058098532,4.097650215246327,87400,5.292476000000001
1984,1988-01-21,0.0,11.830010058098532,11.626044520267934,11.728026181192742,4.062327478340535,169800,5.384519
1985,1988-01-22,0.0,11.931991719023335,11.728026181192742,11.931991719023335,4.1329773841140875,117500,5.476562
1986,1988-01-25,0.0,12.237938917778738,11.830010058098532,12.135957256853933,4.20362728988764,144200,5.476562
1987,1988-01-26,0.0,12.237938917778738,12.03397559592913,12.135957256853933,4.20362728988764,48800,5.522583
1988,1988-01-27,0.0,12.237938917778738,12.03397559592913,12.237938917778738,4.238952242774416,63200,5.568605000000001
1989,1988-01-28,0.0,12.339922794684531,12.03397559592913,12.339922794684531,4.274274979680207,106100,5.614627
1990,1988-01-29,0.0,12.441906671590319,12.237938917778738,12.441906671590319,4.309599932566983,137500,5.614627
1991,1988-02-01,0.0,12.511447242000001,12.308009201250002,12.409729326749998,4.2984544155,160400,5.70667
1992,1988-02-02,0.0,12.6131673675,12.308009201250002,12.6131673675,4.36891939575,255500,5.70667
1993,1988-02-03,0.0,12.6131673675,12.511447242000001,12.6131673675,4.36891939575,89600,5.70667
1994,1988-02-04,0.0,12.6131673675,12.409729326749998,12.6131673675,4.36891939575,77700,5.70667
1995,1988-02-05,0.0,12.816605408249998,12.409729326749998,12.6131673675,4.36891939575,167400,5.798712999999999
1996,1988-02-08,0.0,12.816605408249998,12.6131673675,12.816605408249998,4.43938658625,49600,5.70667
1997,1988-02-09,0.0,12.816605408249998,12.6131673675,12.6131673675,4.36891939575,22400,5.752691
1998,1988-02-10,0.0,12.918323323500001,12.714885282750002,12.714885282750002,4.40415520125,51100,5.798712999999999
1999,1988-02-11,0.0,13.020043449,12.714885282750002,12.816605408249998,4.43938658625,186400,5.844734
2000,1988-02-12,0.0,13.020043449,12.816605408249998,12.918323323500001,4.4746201815,60000,5.890756
2001,1988-02-16,0.0,13.22348148975,12.918323323500001,13.020043449,4.509853776750001,145100,5.9367779999999994
2002,1988-02-17,0.0,13.32520161525,13.020043449,13.1217635745,4.54508516175,123400,5.844734
2003,1988-02-18,0.0,13.1217635745,12.816605408249998,12.918323323500001,4.4746201815,85100,5.890756
2004,1988-02-19,0.0,13.020043449,12.816605408249998,13.020043449,4.509853776750001,49800,5.798712999999999
2005,1988-02-22,0.0,13.020043449,12.816605408249998,12.816605408249998,4.43938658625,67400,5.752691
2006,1988-02-23,0.0,12.918323323500001,12.6131673675,12.714885282750002,4.40415520125,148300,6.028821
2007,1988-02-24,0.0,13.32520161525,12.6131673675,13.32520161525,4.615554562500001,234000,6.074841999999999
2008,1988-02-25,0.0,13.52863744575,13.1217635745,13.4269195305,4.6507859475,165900,5.982799
2009,1988-02-26,0.0,13.4269195305,13.22348148975,13.22348148975,4.580318757,28300,5.982799
2010,1988-02-29,0.0,13.4269195305,13.22348148975,13.22348148975,4.580318757,51600,6.074841999999999
2011,1988-03-01,0.0,13.57185818253219,13.166728350309013,13.369293266420598,4.6308254927896995,109100,6.028821
2012,1988-03-02,0.0,13.470574624094422,13.166728350309013,13.26801190874678,4.595745315450644,103700,5.982799
2013,1988-03-03,0.0,13.26801190874678,12.964163434197426,13.166728350309013,4.560660736583691,81700,5.982799
2014,1988-03-04,0.0,13.166728350309013,12.862879875759656,13.166728350309013,4.560660736583691,103400,5.890756
2015,1988-03-07,0.0,13.166728350309013,12.862879875759656,12.964163434197426,4.490498181141632,180700,5.890756
2016,1988-03-08,0.0,13.065446992635193,12.862879875759656,12.964163434197426,4.490498181141632,79700,5.890756
2017,1988-03-09,0.0,12.964163434197426,12.862879875759656,12.964163434197426,4.490498181141632,31100,5.752691
2018,1988-03-10,0.0,12.964163434197426,12.66031495964807,12.66031495964807,4.385253247596567,76000,5.752691
2019,1988-03-11,0.0,12.761598518085835,12.35646868586266,12.66031495964807,4.4421099842060086,50100,5.568605000000001
2020,1988-03-14,0.0,12.55903360197425,12.255185127424895,12.255185127424895,4.299958239244635,51100,5.568605000000001
2021,1988-03-15,0.0,12.45775004353648,12.255185127424895,12.255185127424895,4.299958239244635,28100,5.614627
2022,1988-03-16,0.0,12.55903360197425,12.255185127424895,12.35646868586266,4.335498376248927,100900,5.568605000000001
2023,1988-03-17,0.0,12.35646868586266,12.255185127424895,12.255185127424895,4.299958239244635,125900,5.614627
2024,1988-03-18,0.0,12.55903360197425,12.35646868586266,12.35646868586266,4.335498376248927,128100,5.522583
2025,1988-03-21,0.0,12.45775004353648,12.153901568987125,12.153901568987125,4.26442250376824,87100,5.568605000000001
2026,1988-03-22,0.0,12.35646868586266,12.153901568987125,12.255185127424895,4.299958239244635,84100,5.568605000000001
2027,1988-03-23,0.0,12.45775004353648,12.255185127424895,12.255185127424895,4.299958239244635,80700,5.660648
2028,1988-03-24,0.0,12.45775004353648,12.255185127424895,12.45775004353648,4.371034111725322,35800,5.614627
2029,1988-03-25,0.0,12.45775004353648,12.255185127424895,12.35646868586266,4.335498376248927,56500,5.614627
2030,1988-03-28,0.0,12.35646868586266,12.153901568987125,12.35646868586266,4.335498376248927,125100,5.568605000000001
2031,1988-03-29,0.0,12.35646868586266,12.255185127424895,12.255185127424895,4.299958239244635,34300,5.660648
2032,1988-03-30,0.0,12.55903360197425,12.255185127424895,12.45775004353648,4.371034111725322,110600,5.752691
2033,1988-03-31,0.0,12.862879875759656,12.35646868586266,12.66031495964807,4.4421099842060086,105400,5.844734
2034,1988-04-04,0.0,13.099264328018789,12.494683301707944,12.796972720119557,4.490054510136636,265400,5.9367779999999994
2035,1988-04-05,0.0,12.998501918377455,12.796972720119557,12.998501918377455,4.560766202228865,304900,5.844734
2036,1988-04-06,0.0,12.998501918377455,12.696210310478223,12.796972720119557,4.490054510136636,75300,5.890756
2037,1988-04-07,0.0,12.897737319248506,12.796972720119557,12.897737319248506,4.525410356182751,130800,5.844734
2038,1988-04-08,0.0,12.897737319248506,12.796972720119557,12.796972720119557,4.490054510136636,258500,5.798712999999999
2039,1988-04-11,0.0,12.897737319248506,12.696210310478223,12.696210310478223,4.454700853578139,37500,5.798712999999999
2040,1988-04-12,0.0,12.796972720119557,12.494683301707944,12.696210310478223,4.454700853578139,63400,5.70667
2041,1988-04-13,0.0,12.696210310478223,12.494683301707944,12.494683301707944,4.383989161485911,122700,5.568605000000001
2042,1988-04-14,0.0,12.595445711349276,12.192391693808712,12.192391693808712,4.277926002322801,133800,5.522583
2043,1988-04-15,0.0,12.29315629293766,11.8901022753971,12.091627094679762,4.242572345764304,128600,5.70667
2044,1988-04-18,0.0,12.494683301707944,12.091627094679762,12.494683301707944,4.383989161485911,104600,5.70667
2045,1988-04-19,0.0,12.595445711349276,12.393918702578993,12.494683301707944,4.383989161485911,116700,5.70667
2046,1988-04-20,0.0,12.494683301707944,12.393918702578993,12.494683301707944,4.383989161485911,69100,5.660648
2047,1988-04-21,0.0,12.494683301707944,12.393918702578993,12.393918702578993,4.34863769441503,71800,5.660648
2048,1988-04-22,0.0,12.494683301707944,12.393918702578993,12.393918702578993,4.34863769441503,55500,5.660648
2049,1988-04-25,0.0,12.494683301707944,12.393918702578993,12.393918702578993,4.34863769441503,88600,5.660648
2050,1988-04-26,0.0,12.494683301707944,12.393918702578993,12.393918702578993,4.34863769441503,113500,5.70667
2051,1988-04-27,0.0,12.494683301707944,12.393918702578993,12.494683301707944,4.383989161485911,69100,5.660648
2052,1988-04-28,0.0,12.494683301707944,12.393918702578993,12.393918702578993,4.34863769441503,77700,5.614627
2053,1988-04-29,0.0,12.595445711349276,12.29315629293766,12.29315629293766,4.313284037856534,60400,5.614627
2054,1988-05-02,0.0,12.351726638910637,12.251307250238296,12.251307250238296,4.29860051772766,17500,5.614627
2055,1988-05-03,0.0,12.452148209617022,12.251307250238296,12.251307250238296,4.29860051772766,64400,5.568605000000001
2056,1988-05-04,0.0,12.351726638910637,12.150885679531918,12.150885679531918,4.263362849974468,60400,5.430541000000001
2057,1988-05-05,0.0,12.251307250238296,11.749203760774469,11.849625331480853,4.1576607568851065,65600,5.476562
2058,1988-05-06,0.0,11.950044720153192,11.749203760774469,11.950044720153192,4.192894060570213,30100,5.292476000000001
2059,1988-05-09,0.0,11.849625331480853,11.347521842017022,11.548362801395747,4.0519586637957445,146100,5.200433
2060,1988-05-10,0.0,11.548362801395747,11.347521842017022,11.347521842017022,3.9814898743914893,67900,5.200433
2061,1988-05-11,0.0,11.548362801395747,11.146680882638298,11.347521842017022,3.9814898743914893,77700,5.338498
2062,1988-05-12,0.0,11.64878437210213,11.146680882638298,11.64878437210213,4.087191967480852,74000,5.338498
2063,1988-05-13,0.0,11.749203760774469,11.447943412723404,11.64878437210213,4.087191967480852,156300,5.384519
2064,1988-05-16,0.0,11.749203760774469,11.548362801395747,11.749203760774469,4.122425271165958,101200,5.292476000000001
2065,1988-05-17,0.0,11.849625331480853,11.447943412723404,11.548362801395747,4.0519586637957445,145400,5.338498
2066,1988-05-18,0.0,11.749203760774469,11.347521842017022,11.64878437210213,4.087191967480852,107100,5.338498
2067,1988-05-19,0.0,11.749203760774469,11.447943412723404,11.64878437210213,4.087191967480852,95800,5.384519
2068,1988-05-20,0.0,11.749203760774469,11.548362801395747,11.749203760774469,4.122425271165958,68300,5.384519
2069,1988-05-23,0.0,11.749203760774469,11.548362801395747,11.749203760774469,4.122425271165958,11300,5.292476000000001
2070,1988-05-24,0.0,11.749203760774469,11.548362801395747,11.548362801395747,4.0519586637957445,61700,5.246455
2071,1988-05-25,0.0,11.749203760774469,11.447943412723404,11.447943412723404,4.016720996042554,115000,5.338498
2072,1988-05-26,0.0,11.64878437210213,11.447943412723404,11.64878437210213,4.087191967480852,86400,5.246455
2073,1988-05-27,0.0,11.64878437210213,11.447943412723404,11.447943412723404,4.016720996042554,20200,5.292476000000001
2074,1988-05-31,0.0,11.64878437210213,11.447943412723404,11.548362801395747,4.0519586637957445,72300,5.338498
2075,1988-06-01,0.0,11.799415054652545,11.499429060711865,11.599425116288137,4.069873357449152,142900,5.522583
2076,1988-06-02,0.0,12.099398875805088,11.599425116288137,11.999402820228815,4.2102137431271185,238200,5.568605000000001
2077,1988-06-03,0.0,12.199394931381356,11.899408937440679,12.099398875805088,4.245297753152543,181400,5.70667
2078,1988-06-06,0.0,12.399384869745763,11.999402820228815,12.399384869745763,4.35055195601695,206900,5.660648
2079,1988-06-07,0.0,12.399384869745763,12.199394931381356,12.299388814169491,4.315470118779661,56500,5.798712999999999
2080,1988-06-08,0.0,12.699368690898305,12.299388814169491,12.599374808110168,4.420724321644068,242900,5.844734
2081,1988-06-09,0.0,12.699368690898305,12.4993787525339,12.699368690898305,4.455808331669492,62900,5.890756
2082,1988-06-10,0.0,12.799364746474575,12.4993787525339,12.799364746474575,4.490894514483051,231300,5.890756
2083,1988-06-13,0.0,12.899360802050847,12.599374808110168,12.799364746474575,4.547736824898304,151100,5.9367779999999994
2084,1988-06-14,0.0,12.899360802050847,12.699368690898305,12.899360802050847,4.583266256491526,205900,5.9367779999999994
2085,1988-06-15,0.0,12.999354684838984,12.799364746474575,12.899360802050847,4.583266256491526,157700,5.982799
2086,1988-06-16,0.0,12.999354684838984,12.799364746474575,12.999354684838984,4.618797860872882,606600,5.9367779999999994
2087,1988-06-17,0.0,12.999354684838984,12.799364746474575,12.899360802050847,4.583266256491526,190300,5.890756
2088,1988-06-20,0.0,12.999354684838984,12.799364746474575,12.799364746474575,4.547736824898304,134300,5.982799
2089,1988-06-21,0.0,12.999354684838984,12.799364746474575,12.999354684838984,4.618797860872882,294000,5.9367779999999994
2090,1988-06-22,0.0,12.999354684838984,12.799364746474575,12.899360802050847,4.583266256491526,530600,5.982799
2091,1988-06-23,0.0,12.999354684838984,12.799364746474575,12.999354684838984,4.618797860872882,197200,5.890756
2092,1988-06-24,0.0,12.999354684838984,12.799364746474575,12.799364746474575,4.547736824898304,25400,5.982799
2093,1988-06-27,0.0,12.999354684838984,12.799364746474575,12.999354684838984,4.618797860872882,298000,5.982799
2094,1988-06-28,0.0,13.099350740415254,12.799364746474575,12.999354684838984,4.618797860872882,118500,6.028821
2095,1988-06-29,0.0,13.19934462320339,12.999354684838984,13.099350740415254,4.654325119677965,128600,6.028821
2096,1988-06-30,0.0,13.299338505991527,13.099350740415254,13.099350740415254,4.654325119677965,100900,6.074841999999999
2097,1988-07-01,0.0,13.342797284936708,13.044079218303796,13.143651185974683,4.670068299063291,130300,6.166885
2098,1988-07-05,0.0,13.342797284936708,13.143651185974683,13.342797284936708,4.740827335822784,12500,6.028821
2099,1988-07-06,0.0,13.342797284936708,13.044079218303796,13.044079218303796,4.6346866170632905,419500,6.074841999999999
2100,1988-07-07,0.0,13.24322315364557,13.044079218303796,13.143651185974683,4.670068299063291,146100,6.028821
2101,1988-07-08,0.0,13.143651185974683,13.044079218303796,13.044079218303796,4.6346866170632905,311800,6.074841999999999
2102,1988-07-11,0.0,13.143651185974683,13.044079218303796,13.143651185974683,4.670068299063291,60700,6.074841999999999
2103,1988-07-12,0.0,13.143651185974683,13.044079218303796,13.143651185974683,4.670068299063291,89800,6.120863
2104,1988-07-13,0.0,13.24322315364557,13.044079218303796,13.24322315364557,4.705447817443037,98000,6.120863
2105,1988-07-14,0.0,13.24322315364557,13.044079218303796,13.24322315364557,4.705447817443037,57500,6.028821
2106,1988-07-15,0.0,13.143651185974683,13.044079218303796,13.044079218303796,4.6346866170632905,38200,6.074841999999999
2107,1988-07-18,0.0,13.143651185974683,13.044079218303796,13.143651185974683,4.670068299063291,172800,6.028821
2108,1988-07-19,0.0,13.143651185974683,13.044079218303796,13.044079218303796,4.6346866170632905,72300,6.028821
2109,1988-07-20,0.0,13.143651185974683,13.044079218303796,13.044079218303796,4.6346866170632905,46100,5.844734
2110,1988-07-21,0.0,13.143651185974683,12.645784856759493,12.645784856759493,4.4931685435443045,153800,5.844734
2111,1988-07-22,0.0,12.844933119341771,12.645784856759493,12.645784856759493,4.4931685435443045,33000,5.844734
2112,1988-07-25,0.0,12.745358988050633,12.347066790126583,12.645784856759493,4.4931685435443045,149800,5.798712999999999
2113,1988-07-26,0.0,12.546212889088606,12.44663875779747,12.546212889088606,4.457793352405063,77200,5.752691
2114,1988-07-27,0.0,12.645784856759493,12.44663875779747,12.44663875779747,4.422413834025317,118700,5.798712999999999
2115,1988-07-28,0.0,12.546212889088606,12.44663875779747,12.546212889088606,4.457793352405063,316700,5.752691
2116,1988-07-29,0.0,12.546212889088606,12.44663875779747,12.44663875779747,4.422413834025317,36200,5.890756
2117,1988-08-01,0.0,12.691807059529411,12.39434195629412,12.691807059529411,4.509520549058823,44600,5.798712999999999
2118,1988-08-02,0.0,12.691807059529411,12.493497708882352,12.493497708882352,4.439063128235294,40200,5.890756
2119,1988-08-03,0.0,12.691807059529411,12.493497708882352,12.691807059529411,4.509520549058823,15000,5.844734
2120,1988-08-04,0.0,12.691807059529411,12.592651306941177,12.592651306941177,4.474289684117648,19500,5.9367779999999994
2121,1988-08-05,0.0,12.790962812117646,12.592651306941177,12.790962812117646,4.544751414,184600,5.890756
2122,1988-08-08,0.0,12.890116410176471,12.691807059529411,12.691807059529411,4.509520549058823,250300,5.890756
2123,1988-08-09,0.0,12.890116410176471,12.691807059529411,12.691807059529411,4.509520549058823,102200,5.844734
2124,1988-08-10,0.0,12.691807059529411,12.592651306941177,12.592651306941177,4.474289684117648,144600,5.798712999999999
2125,1988-08-11,0.0,12.691807059529411,12.493497708882352,12.493497708882352,4.439063128235294,111600,5.798712999999999
2126,1988-08-12,0.0,12.691807059529411,12.493497708882352,12.493497708882352,4.439063128235294,64600,5.798712999999999
2127,1988-08-15,0.0,12.691807059529411,12.493497708882352,12.493497708882352,4.439063128235294,78700,5.798712999999999
2128,1988-08-16,0.0,12.592651306941177,12.39434195629412,12.493497708882352,4.439063128235294,124400,5.752691
2129,1988-08-17,0.0,12.592651306941177,12.39434195629412,12.39434195629412,4.403832263294118,27600,5.844734
2130,1988-08-18,0.0,12.592651306941177,12.39434195629412,12.592651306941177,4.474289684117648,17000,5.798712999999999
2131,1988-08-19,0.0,12.493497708882352,12.39434195629412,12.493497708882352,4.439063128235294,8800,5.752691
2132,1988-08-22,0.0,12.592651306941177,12.39434195629412,12.39434195629412,4.403832263294118,50300,5.752691
2133,1988-08-23,0.0,12.493497708882352,12.39434195629412,12.39434195629412,4.403832263294118,205900,5.752691
2134,1988-08-24,0.0,12.592651306941177,12.39434195629412,12.39434195629412,4.403832263294118,30300,5.70667
2135,1988-08-25,0.0,12.493497708882352,12.295188358235293,12.295188358235293,4.36859924382353,167100,5.70667
2136,1988-08-26,0.0,12.493497708882352,12.295188358235293,12.295188358235293,4.36859924382353,99500,5.70667
2137,1988-08-29,0.0,12.39434195629412,12.295188358235293,12.295188358235293,4.36859924382353,15500,5.70667
2138,1988-08-30,0.0,12.493497708882352,12.295188358235293,12.295188358235293,4.36859924382353,44100,5.70667
2139,1988-08-31,0.0,12.493497708882352,12.295188358235293,12.295188358235293,4.36859924382353,43700,5.798712999999999
2140,1988-09-01,0.0,12.410068675767947,12.21308359457429,12.410068675767947,4.409419968781303,227100,5.752691
2141,1988-09-02,0.0,12.410068675767947,12.21308359457429,12.311575065100168,4.374424368380635,4900,5.752691
2142,1988-09-06,0.0,12.410068675767947,12.311575065100168,12.311575065100168,4.374424368380635,58200,5.798712999999999
2143,1988-09-07,0.0,12.508560146293824,12.311575065100168,12.410068675767947,4.409419968781303,93000,5.844734
2144,1988-09-08,0.0,12.508560146293824,12.311575065100168,12.508560146293824,4.444411288898164,80400,5.890756
2145,1988-09-09,0.0,12.607053756961603,12.311575065100168,12.607053756961603,4.479406889298831,145900,5.890756
2146,1988-09-12,0.0,12.607053756961603,12.508560146293824,12.607053756961603,4.5361099490233725,70600,5.890756
2147,1988-09-13,0.0,12.607053756961603,12.410068675767947,12.607053756961603,4.5361099490233725,178200,5.890756
2148,1988-09-14,0.0,12.607053756961603,12.410068675767947,12.607053756961603,4.5361099490233725,21200,5.798712999999999
2149,1988-09-15,0.0,12.410068675767947,12.410068675767947,12.410068675767947,4.465232729474123,37500,5.890756
2150,1988-09-16,0.0,12.607053756961603,12.410068675767947,12.607053756961603,4.5361099490233725,238500,5.798712999999999
2151,1988-09-19,0.0,12.607053756961603,12.410068675767947,12.410068675767947,4.465232729474123,72500,5.890756
2152,1988-09-20,0.0,12.607053756961603,12.410068675767947,12.607053756961603,4.5361099490233725,123900,5.844734
2153,1988-09-21,0.0,12.607053756961603,12.410068675767947,12.508560146293824,4.500669199106845,40000,5.890756
2154,1988-09-22,0.0,12.80403883815526,12.508560146293824,12.607053756961603,4.5361099490233725,180700,5.890756
2155,1988-09-23,0.0,12.70554736762938,12.607053756961603,12.607053756961603,4.5361099490233725,65900,5.890756
2156,1988-09-26,0.0,12.70554736762938,12.508560146293824,12.607053756961603,4.5361099490233725,66100,5.798712999999999
2157,1988-09-27,0.0,12.607053756961603,12.410068675767947,12.410068675767947,4.465232729474123,154300,5.798712999999999
2158,1988-09-28,0.0,12.508560146293824,12.410068675767947,12.410068675767947,4.465232729474123,20900,5.798712999999999
2159,1988-09-29,0.0,12.410068675767947,12.410068675767947,12.410068675767947,4.465232729474123,29100,5.798712999999999
2160,1988-09-30,0.0,12.508560146293824,12.410068675767947,12.410068675767947,4.465232729474123,301700,5.752691
2161,1988-10-03,0.0,12.466934322179702,12.172441053494175,12.270604765382696,4.415048442279534,338700,5.752691
2162,1988-10-04,0.0,12.36877061029118,12.172441053494175,12.270604765382696,4.415048442279534,101200,5.752691
2163,1988-10-05,0.0,12.36877061029118,12.172441053494175,12.270604765382696,4.415048442279534,27900,5.70667
2164,1988-10-06,0.0,12.36877061029118,12.172441053494175,12.172441053494175,4.379727764650582,364200,5.844734
2165,1988-10-07,0.0,12.466934322179702,12.172441053494175,12.466934322179702,4.485691930557405,156300,5.844734
2166,1988-10-10,0.0,12.466934322179702,12.36877061029118,12.466934322179702,4.485691930557405,138700,5.798712999999999
2167,1988-10-11,0.0,12.466934322179702,12.36877061029118,12.36877061029118,4.450373385948419,56500,5.70667
2168,1988-10-12,0.0,12.466934322179702,12.172441053494175,12.172441053494175,4.379727764650582,41900,5.660648
2169,1988-10-13,0.0,12.270604765382696,12.074275208585691,12.074275208585691,4.344409220041598,60900,5.660648
2170,1988-10-14,0.0,12.270604765382696,12.074275208585691,12.074275208585691,4.344409220041598,68800,5.660648
2171,1988-10-17,0.0,12.270604765382696,12.074275208585691,12.074275208585691,4.344409220041598,34500,5.660648
2172,1988-10-18,0.0,12.172441053494175,11.97611149669717,12.074275208585691,4.344409220041598,53300,5.522583
2173,1988-10-19,0.0,12.074275208585691,11.7797798068802,11.7797798068802,4.238447187154742,102400,5.614627
2174,1988-10-20,0.0,12.074275208585691,11.7797798068802,11.97611149669717,4.309086409392679,129600,5.660648
2175,1988-10-21,0.0,12.172441053494175,11.97611149669717,12.074275208585691,4.344409220041598,46400,5.614627
2176,1988-10-24,0.0,12.074275208585691,11.877945651788687,11.97611149669717,4.309086409392679,134300,5.568605000000001
2177,1988-10-25,0.0,12.074275208585691,11.877945651788687,11.877945651788687,4.273772130823628,21900,5.568605000000001
2178,1988-10-26,0.0,12.074275208585691,11.877945651788687,11.877945651788687,4.273772130823628,60200,5.614627
2179,1988-10-27,0.0,11.97611149669717,11.877945651788687,11.97611149669717,4.309086409392679,46100,5.568605000000001
2180,1988-10-28,0.0,11.97611149669717,11.877945651788687,11.877945651788687,4.273772130823628,43700,5.568605000000001
2181,1988-10-31,0.0,11.97611149669717,11.877945651788687,11.877945651788687,4.273772130823628,28100,5.568605000000001
2182,1988-11-01,0.0,11.966156291795512,11.868072047755613,11.868072047755613,4.270219535536159,99500,5.614627
2183,1988-11-02,0.0,11.966156291795512,11.769987803715711,11.966156291795512,4.305504458927682,107400,5.568605000000001
2184,1988-11-03,0.0,11.966156291795512,11.671905690922696,11.868072047755613,4.270219535536159,126900,5.522583
2185,1988-11-04,0.0,11.868072047755613,11.573823578129678,11.769987803715711,4.234923955910225,57700,5.430541000000001
2186,1988-11-07,0.0,11.769987803715711,11.37765722129676,11.573823578129678,4.164343452892768,75300,5.476562
2187,1988-11-08,0.0,11.868072047755613,11.475739334089775,11.671905690922696,4.199634770024938,108100,5.476562
2188,1988-11-09,0.0,11.868072047755613,11.573823578129678,11.671905690922696,4.199634770024938,76700,5.476562
2189,1988-11-10,0.0,11.769987803715711,11.573823578129678,11.671905690922696,4.199634770024938,82900,5.568605000000001
2190,1988-11-11,0.0,11.868072047755613,11.573823578129678,11.868072047755613,4.270219535536159,96500,5.568605000000001
2191,1988-11-14,0.0,11.868072047755613,11.671905690922696,11.868072047755613,4.270219535536159,59000,5.476562
2192,1988-11-15,0.0,11.868072047755613,11.671905690922696,11.671905690922696,4.199634770024938,104900,5.476562
2193,1988-11-16,0.0,11.868072047755613,11.671905690922696,11.671905690922696,4.199634770024938,103700,5.568605000000001
2194,1988-11-17,0.0,11.868072047755613,11.671905690922696,11.868072047755613,4.270219535536159,129100,5.476562
2195,1988-11-18,0.0,11.868072047755613,11.671905690922696,11.671905690922696,4.199634770024938,44400,5.476562
2196,1988-11-21,0.0,11.769987803715711,11.671905690922696,11.671905690922696,4.199634770024938,154800,5.568605000000001
2197,1988-11-22,0.0,11.868072047755613,11.671905690922696,11.868072047755613,4.270219535536159,77200,5.522583
2198,1988-11-23,0.0,11.868072047755613,11.671905690922696,11.769987803715711,4.234923955910225,61900,5.476562
2199,1988-11-25,0.0,11.769987803715711,11.573823578129678,11.671905690922696,4.199634770024938,37200,5.476562
2200,1988-11-28,0.0,11.769987803715711,11.573823578129678,11.671905690922696,4.199634770024938,135800,5.522583
2201,1988-11-29,0.0,11.769987803715711,11.573823578129678,11.769987803715711,4.234923955910225,117000,5.522583
2202,1988-11-30,0.0,11.769987803715711,11.573823578129678,11.769987803715711,4.234923955910225,170100,5.568605000000001
2203,1988-12-01,0.0,11.848374002863073,11.652533233344398,11.848374002863073,4.263132034232365,139000,5.568605000000001
2204,1988-12-02,0.0,11.848374002863073,11.652533233344398,11.848374002863073,4.263132034232365,164400,5.614627
2205,1988-12-05,0.0,12.044214772381745,11.652533233344398,11.946295451477178,4.298358393435685,109300,5.660648
2206,1988-12-06,0.0,12.044214772381745,11.946295451477178,12.044214772381745,4.333593263477178,103400,5.752691
2207,1988-12-07,0.0,12.240055541900416,11.946295451477178,12.240055541900416,4.404056620431535,176500,5.70667
2208,1988-12-08,0.0,12.337976990514521,12.044214772381745,12.142136220995852,4.368823878099585,99200,5.752691
2209,1988-12-09,0.0,12.240055541900416,12.044214772381745,12.240055541900416,4.4616239298423235,99200,5.70667
2210,1988-12-12,0.0,12.240055541900416,12.044214772381745,12.142136220995852,4.42592947453942,160900,5.614627
2211,1988-12-13,0.0,12.142136220995852,11.750452554248964,11.946295451477178,4.354542691643153,113500,5.614627
2212,1988-12-14,0.0,12.044214772381745,11.848374002863073,11.946295451477178,4.354542691643153,278700,5.660648
2213,1988-12-15,0.0,12.240055541900416,11.848374002863073,12.044214772381745,4.390237146946059,290600,5.752691
2214,1988-12-16,0.0,12.240055541900416,12.044214772381745,12.240055541900416,4.4616239298423235,177200,5.798712999999999
2215,1988-12-19,0.0,12.337976990514521,12.044214772381745,12.337976990514521,4.4973183851452285,137000,5.752691
2216,1988-12-20,0.0,12.337976990514521,12.142136220995852,12.240055541900416,4.4616239298423235,250600,5.752691
2217,1988-12-21,0.0,12.337976990514521,12.142136220995852,12.240055541900416,4.4616239298423235,297700,5.798712999999999
2218,1988-12-22,0.0,12.337976990514521,12.142136220995852,12.337976990514521,4.4973183851452285,69100,5.798712999999999
2219,1988-12-23,0.0,12.337976990514521,12.142136220995852,12.337976990514521,4.4973183851452285,265600,5.70667
2220,1988-12-27,0.0,12.240055541900416,12.142136220995852,12.142136220995852,4.42592947453942,127600,5.70667
2221,1988-12-28,0.0,12.240055541900416,11.946295451477178,12.142136220995852,4.42592947453942,166600,5.70667
2222,1988-12-29,0.0,12.142136220995852,11.946295451477178,12.142136220995852,4.42592947453942,263400,5.660648
2223,1988-12-30,0.0,12.142136220995852,12.044214772381745,12.044214772381745,4.390237146946059,132100,5.568605000000001
2224,1989-01-03,0.0,12.081976999421967,11.789670250578038,11.789670250578038,4.2974564958381505,296700,5.70667
2225,1989-01-04,0.0,12.081976999421967,11.887106539248556,12.081976999421967,4.40400083965318,55000,5.798712999999999
2226,1989-01-05,0.0,12.276847459595375,11.887106539248556,12.276847459595375,4.47503604797688,104600,5.752691
2227,1989-01-06,0.0,12.276847459595375,12.081976999421967,12.179411170924856,4.439518443815029,118000,5.752691
2228,1989-01-09,0.0,12.374281631098267,12.179411170924856,12.179411170924856,4.439518443815029,94500,5.798712999999999
2229,1989-01-10,0.0,12.374281631098267,12.179411170924856,12.276847459595375,4.47503604797688,197000,5.798712999999999
2230,1989-01-11,0.0,12.374281631098267,12.179411170924856,12.276847459595375,4.47503604797688,115000,5.890756
2231,1989-01-12,0.0,12.569154208439306,12.179411170924856,12.471717919768787,4.546069139132949,224400,6.074841999999999
2232,1989-01-13,0.0,12.9588930116185,12.276847459595375,12.861458840115606,4.6881289699421975,402400,6.028821
2233,1989-01-16,0.0,12.9588930116185,12.764024668612716,12.764024668612716,4.652615600115608,91600,6.028821
2234,1989-01-17,0.0,12.861458840115606,12.764024668612716,12.764024668612716,4.652615600115608,147900,5.9367779999999994
2235,1989-01-18,0.0,12.861458840115606,12.471717919768787,12.569154208439306,4.581582508959538,1052800,5.890756
2236,1989-01-19,0.0,12.764024668612716,12.471717919768787,12.471717919768787,4.546069139132949,139700,5.890756
2237,1989-01-20,0.0,12.666588379942198,12.374281631098267,12.471717919768787,4.546069139132949,181900,5.9367779999999994
2238,1989-01-23,0.0,12.666588379942198,12.471717919768787,12.569154208439306,4.581582508959538,22200,5.982799
2239,1989-01-24,0.0,12.764024668612716,12.471717919768787,12.666588379942198,4.617097995953757,112800,6.028821
2240,1989-01-25,0.0,12.764024668612716,12.666588379942198,12.764024668612716,4.652615600115608,34800,6.028821
2241,1989-01-26,0.0,12.861458840115606,12.666588379942198,12.764024668612716,4.652615600115608,64400,6.074841999999999
2242,1989-01-27,0.0,12.861458840115606,12.666588379942198,12.861458840115606,4.6881289699421975,275300,6.028821
2243,1989-01-30,0.0,12.861458840115606,12.666588379942198,12.764024668612716,4.652615600115608,207400,6.028821
2244,1989-01-31,0.0,12.861458840115606,12.666588379942198,12.764024668612716,4.652615600115608,92800,6.074841999999999
2245,1989-02-01,0.0,12.80857455212171,12.614505368511514,12.80857455212171,4.668852123848684,193300,6.120863
2246,1989-02-02,0.0,13.099679381768095,12.711541014547699,12.905608089695724,4.704227902154606,218000,6.166885
2247,1989-02-03,0.0,13.099679381768095,12.905608089695724,13.002643735731908,4.739597355074014,144600,6.212907
2248,1989-02-06,0.0,13.099679381768095,12.905608089695724,13.099679381768095,4.77496469953125,111300,6.120863
2249,1989-02-07,0.0,13.099679381768095,12.905608089695724,12.905608089695724,4.704227902154606,71600,6.258928
2250,1989-02-08,0.0,13.196712919342106,12.905608089695724,13.196712919342106,4.810334152450658,46900,6.166885
2251,1989-02-09,0.0,13.196712919342106,13.002643735731908,13.002643735731908,4.739597355074014,80900,6.166885
2252,1989-02-10,0.0,13.099679381768095,12.80857455212171,13.002643735731908,4.739597355074014,81700,6.166885
2253,1989-02-13,0.0,13.002643735731908,12.80857455212171,13.002643735731908,4.739597355074014,42400,6.074841999999999
2254,1989-02-14,0.0,13.002643735731908,12.80857455212171,12.80857455212171,4.668852123848684,19500,6.166885
2255,1989-02-15,0.0,13.002643735731908,12.80857455212171,13.002643735731908,4.739597355074014,27900,6.120863
2256,1989-02-16,0.0,13.002643735731908,12.80857455212171,12.905608089695724,4.704227902154606,22400,6.074841999999999
2257,1989-02-17,0.0,13.002643735731908,12.80857455212171,12.80857455212171,4.668852123848684,274800,5.982799
2258,1989-02-21,0.0,13.002643735731908,12.614505368511514,12.614505368511514,4.5981132180098685,84100,6.074841999999999
2259,1989-02-22,0.0,12.80857455212171,12.614505368511514,12.80857455212171,4.668852123848684,87400,5.982799
2260,1989-02-23,0.0,12.80857455212171,12.614505368511514,12.614505368511514,4.5981132180098685,80900,6.028821
2261,1989-02-24,0.0,12.80857455212171,12.614505368511514,12.711541014547699,4.6334847793914475,83700,6.074841999999999
2262,1989-02-27,0.0,12.80857455212171,12.614505368511514,12.80857455212171,4.668852123848684,113000,5.982799
2263,1989-02-28,0.0,12.80857455212171,12.614505368511514,12.614505368511514,4.5981132180098685,120900,6.028821
2264,1989-03-01,0.0,12.928221408544562,12.638784851749795,12.638784851749795,4.606964424971382,124400,6.120863
2265,1989-03-02,0.0,12.831741158683565,12.638784851749795,12.831741158683565,4.677302640245299,14000,6.120863
2266,1989-03-03,0.0,12.831741158683565,12.638784851749795,12.831741158683565,4.677302640245299,13000,6.028821
2267,1989-03-06,0.0,12.831741158683565,12.638784851749795,12.638784851749795,4.606964424971382,15800,6.028821
2268,1989-03-07,0.0,12.831741158683565,12.638784851749795,12.638784851749795,4.606964424971382,39500,6.074841999999999
2269,1989-03-08,0.0,12.73526300521668,12.638784851749795,12.73526300521668,4.642129339820115,54500,6.028821
2270,1989-03-09,0.0,12.73526300521668,12.638784851749795,12.638784851749795,4.606964424971382,29800,6.028821
2271,1989-03-10,0.0,12.73526300521668,12.542304601888798,12.638784851749795,4.606964424971382,353300,5.9367779999999994
2272,1989-03-13,0.0,12.638784851749795,12.445826448421913,12.445826448421913,4.595568426573998,586900,6.028821
2273,1989-03-14,0.0,12.638784851749795,12.445826448421913,12.638784851749795,4.666814380498774,71100,5.982799
2274,1989-03-15,0.0,12.638784851749795,12.445826448421913,12.542304601888798,4.631192451733442,31600,5.890756
2275,1989-03-16,0.0,12.638784851749795,12.349346198560916,12.349346198560916,4.559944401414554,149600,5.798712999999999
2276,1989-03-17,0.0,12.445826448421913,12.156387795233034,12.156387795233034,4.4886963510956654,107900,5.798712999999999
2277,1989-03-20,0.0,12.349346198560916,12.156387795233034,12.156387795233034,4.4886963510956654,149600,5.798712999999999
2278,1989-03-21,0.0,12.349346198560916,12.156387795233034,12.156387795233034,4.4886963510956654,80900,5.798712999999999
2279,1989-03-22,0.0,12.349346198560916,12.156387795233034,12.156387795233034,4.4886963510956654,46900,5.798712999999999
2280,1989-03-23,0.0,12.349346198560916,12.156387795233034,12.156387795233034,4.4886963510956654,50600,5.798712999999999
2281,1989-03-27,0.0,12.252865948699919,12.156387795233034,12.156387795233034,4.4886963510956654,21200,5.798712999999999
2282,1989-03-28,0.0,12.349346198560916,12.156387795233034,12.156387795233034,4.4886963510956654,44600,5.890756
2283,1989-03-29,0.0,12.73526300521668,12.349346198560916,12.349346198560916,4.559944401414554,125400,5.982799
2284,1989-03-30,0.0,12.542304601888798,12.349346198560916,12.542304601888798,4.631192451733442,203700,6.212907
2285,1989-03-31,0.0,13.121179811872445,12.638784851749795,13.024701658405561,4.809314673924775,453800,6.258928
2286,1989-04-03,0.0,13.035908131535338,12.844203722705117,13.035908131535338,4.813452501202275,213300,6.258928
2287,1989-04-04,0.0,13.323465786165722,12.940056968505282,13.035908131535338,4.813452501202275,164900,6.3509709999999995
2288,1989-04-05,0.0,13.227612540365557,13.035908131535338,13.227612540365557,4.884237526011373,60700,6.212907
2289,1989-04-06,0.0,13.1317613773355,12.844203722705117,12.940056968505282,4.778059988797726,89600,6.166885
2290,1989-04-07,0.0,13.035908131535338,12.844203722705117,12.844203722705117,4.742669559163282,24400,6.074841999999999
2291,1989-04-10,0.0,12.844203722705117,12.652499313874898,12.652499313874898,4.671880368813973,161700,6.074841999999999
2292,1989-04-11,0.0,12.940056968505282,12.652499313874898,12.652499313874898,4.671880368813973,190100,6.120863
2293,1989-04-12,0.0,12.844203722705117,12.652499313874898,12.748350476904957,4.707277046758733,70100,6.120863
2294,1989-04-13,0.0,12.940056968505282,12.652499313874898,12.748350476904957,4.707277046758733,211100,6.166885
2295,1989-04-14,0.0,12.844203722705117,12.748350476904957,12.844203722705117,4.742669559163282,180700,6.166885
2296,1989-04-17,0.0,12.844203722705117,12.652499313874898,12.844203722705117,4.742669559163282,229800,6.166885
2297,1989-04-18,0.0,12.940056968505282,12.652499313874898,12.844203722705117,4.742669559163282,119700,6.212907
2298,1989-04-19,0.0,12.940056968505282,12.748350476904957,12.940056968505282,4.778059988797726,46100,6.120863
2299,1989-04-20,0.0,12.940056968505282,12.748350476904957,12.748350476904957,4.707277046758733,63900,6.258928
2300,1989-04-21,0.0,13.035908131535338,12.748350476904957,13.035908131535338,4.813452501202275,59200,6.3509709999999995
2301,1989-04-24,0.0,13.227612540365557,12.940056968505282,13.227612540365557,4.884237526011373,119000,6.3509709999999995
2302,1989-04-25,0.0,13.323465786165722,13.035908131535338,13.227612540365557,4.884237526011373,108600,6.4890360000000005
2303,1989-04-26,0.0,13.611023440796103,13.1317613773355,13.51517019499594,4.990419228765232,235000,6.443014
2304,1989-04-27,0.0,13.611023440796103,13.419316949195776,13.419316949195776,4.955024633590577,57500,6.535058
2305,1989-04-28,0.0,13.611023440796103,13.323465786165722,13.611023440796103,5.025811741169781,92800,6.443014
2306,1989-05-01,0.0,13.438751623618742,13.152819900799676,13.34344035901454,4.927007531462036,83400,6.396993
2307,1989-05-02,0.0,13.438751623618742,13.152819900799676,13.248131165403878,4.891815138271406,699200,6.443014
2308,1989-05-03,0.0,13.34344035901454,13.248131165403878,13.34344035901454,4.927007531462036,118700,6.535058
2309,1989-05-04,0.0,13.534062888222941,13.248131165403878,13.534062888222941,4.997394388836834,305100,6.443014
2310,1989-05-05,0.0,13.534062888222941,13.34344035901454,13.34344035901454,4.927007531462036,24400,6.443014
2311,1989-05-08,0.0,13.534062888222941,13.248131165403878,13.34344035901454,4.927007531462036,85600,6.396993
2312,1989-05-09,0.0,13.34344035901454,13.248131165403878,13.248131165403878,4.891815138271406,88800,6.396993
2313,1989-05-10,0.0,13.34344035901454,13.248131165403878,13.248131165403878,4.891815138271406,143900,6.4890360000000005
2314,1989-05-11,0.0,13.438751623618742,13.248131165403878,13.438751623618742,4.962201995646204,72100,6.443014
2315,1989-05-12,0.0,13.534062888222941,13.34344035901454,13.34344035901454,4.927007531462036,27600,6.443014
2316,1989-05-15,0.0,13.534062888222941,13.34344035901454,13.34344035901454,4.927007531462036,47400,6.535058
2317,1989-05-16,0.0,13.534062888222941,13.34344035901454,13.534062888222941,4.997394388836834,126900,6.6271
2318,1989-05-17,0.0,13.724681275444267,13.438751623618742,13.724681275444267,5.0677812462116325,229100,6.765165
2319,1989-05-18,0.0,14.201233456478192,13.534062888222941,14.010612998263328,5.17336049677706,395500,6.903230000000001
2320,1989-05-19,0.0,14.677785637512118,14.105922191873992,14.296544721082393,5.278935605355412,239700,7.041294000000001
2321,1989-05-22,0.0,14.677785637512118,14.487165179297252,14.582474372907917,5.384516926914379,173800,6.995272999999999
2322,1989-05-23,0.0,14.677785637512118,14.391853914693051,14.487165179297252,5.3493224627302105,147100,6.995272999999999
2323,1989-05-24,0.0,14.487165179297252,14.201233456478192,14.487165179297252,5.3493224627302105,60400,6.949250999999999
2324,1989-05-25,0.0,14.582474372907917,14.391853914693051,14.391853914693051,5.3141279985460415,38000,6.903230000000001
2325,1989-05-26,0.0,14.487165179297252,14.296544721082393,14.296544721082393,5.278935605355412,33000,6.765165
2326,1989-05-30,0.0,14.487165179297252,14.010612998263328,14.010612998263328,5.17336049677706,60000,6.857208
2327,1989-05-31,0.0,14.296544721082393,14.010612998263328,14.201233456478192,5.243743212164783,66900,6.949250999999999
2328,1989-06-01,0.0,14.547222621804998,14.1669033191942,14.357062970499598,5.301281597260274,178500,6.949250999999999
2329,1989-06-02,0.0,14.547222621804998,14.357062970499598,14.357062970499598,5.301281597260274,105400,7.087316
2330,1989-06-05,0.0,14.64230348045125,14.45214382914585,14.64230348045125,5.406607685970991,250300,6.995272999999999
2331,1989-06-06,0.0,14.64230348045125,14.45214382914585,14.45214382914585,5.336390982159549,57000,6.949250999999999
2332,1989-06-07,0.0,14.547222621804998,14.357062970499598,14.357062970499598,5.301281597260274,53000,6.949250999999999
2333,1989-06-08,0.0,14.547222621804998,14.357062970499598,14.357062970499598,5.301281597260274,56500,6.949250999999999
2334,1989-06-09,0.0,14.547222621804998,14.357062970499598,14.357062970499598,5.301281597260274,68100,6.949250999999999
2335,1989-06-12,0.0,14.45214382914585,14.1669033191942,14.357062970499598,5.36093284300564,69300,6.811186
2336,1989-06-13,0.0,14.261984177840453,14.071822460547947,14.071822460547947,5.254422943682515,33500,6.857208
2337,1989-06-14,0.0,14.261984177840453,14.071822460547947,14.1669033191942,5.289924866132152,30600,6.581078999999999
2338,1989-06-15,0.0,14.071822460547947,13.406264713972606,13.596424365278,5.076909199460114,218200,6.673122
2339,1989-06-16,0.0,13.7865840165834,13.596424365278,13.7865840165834,5.147915110346495,73300,6.581078999999999
2340,1989-06-19,0.0,13.7865840165834,13.596424365278,13.596424365278,5.076909199460114,92500,6.673122
2341,1989-06-20,0.0,13.7865840165834,13.596424365278,13.7865840165834,5.147915110346495,18200,6.581078999999999
2342,1989-06-21,0.0,13.7865840165834,13.596424365278,13.596424365278,5.076909199460114,36000,6.673122
2343,1989-06-22,0.0,13.7865840165834,13.596424365278,13.7865840165834,5.147915110346495,11100,6.673122
2344,1989-06-23,0.0,13.7865840165834,13.596424365278,13.7865840165834,5.147915110346495,114000,6.535058
2345,1989-06-26,0.0,13.7865840165834,13.501345572618858,13.501345572618858,5.041405211023368,23700,6.535058
2346,1989-06-27,0.0,13.596424365278,13.501345572618858,13.501345572618858,5.041405211023368,37000,6.581078999999999
2347,1989-06-28,0.0,13.596424365278,13.406264713972606,13.596424365278,5.076909199460114,79000,6.3509709999999995
2348,1989-06-29,0.0,13.406264713972606,13.025945411361805,13.121024204020951,4.899393389250605,111300,6.212907
2349,1989-06-30,0.0,13.121024204020951,12.835785760056408,12.835785760056408,4.792887621901693,61900,6.258928
2350,1989-07-03,0.0,13.089381862692925,12.804831292789391,12.899680795755627,4.816745518118972,81900,6.30495
2351,1989-07-05,0.0,13.184233426663987,12.899680795755627,12.994532359726687,4.8521618250000005,32500,6.443014
2352,1989-07-06,0.0,13.279082929630226,13.089381862692925,13.279082929630226,4.95841280664791,38700,6.3509709999999995
2353,1989-07-07,0.0,13.279082929630226,13.089381862692925,13.089381862692925,4.887578131881029,21700,6.396993
2354,1989-07-10,0.0,13.279082929630226,12.994532359726687,13.184233426663987,4.922996499766882,36500,6.4890360000000005
2355,1989-07-11,0.0,13.373934493601288,13.184233426663987,13.373934493601288,4.993831174533762,67400,6.535058
2356,1989-07-12,0.0,13.468786057572347,13.184233426663987,13.468786057572347,5.02924748141479,122700,6.4890360000000005
2357,1989-07-13,0.0,13.468786057572347,13.373934493601288,13.373934493601288,4.993831174533762,51100,6.581078999999999
2358,1989-07-14,0.0,13.563635560538584,13.373934493601288,13.563635560538584,5.064665849300643,96200,6.535058
2359,1989-07-17,0.0,13.563635560538584,13.279082929630226,13.468786057572347,5.02924748141479,275800,6.4890360000000005
2360,1989-07-18,0.0,13.563635560538584,13.373934493601288,13.373934493601288,4.993831174533762,40700,6.535058
2361,1989-07-19,0.0,13.658485063504823,13.468786057572347,13.468786057572347,5.02924748141479,167100,6.4890360000000005
2362,1989-07-20,0.0,13.658485063504823,13.373934493601288,13.373934493601288,4.993831174533762,41700,6.4890360000000005
2363,1989-07-21,0.0,13.468786057572347,13.373934493601288,13.373934493601288,4.993831174533762,24400,6.30495
2364,1989-07-24,0.0,13.373934493601288,12.994532359726687,12.994532359726687,4.8521618250000005,38500,6.396993
2365,1989-07-25,0.0,13.279082929630226,12.899680795755627,13.184233426663987,4.922996499766882,639500,6.30495
2366,1989-07-26,0.0,13.184233426663987,12.994532359726687,12.994532359726687,4.8521618250000005,14300,6.396993
2367,1989-07-27,0.0,13.279082929630226,13.089381862692925,13.184233426663987,4.922996499766882,50100,6.443014
2368,1989-07-28,0.0,13.373934493601288,13.184233426663987,13.279082929630226,4.95841280664791,130800,6.4890360000000005
2369,1989-07-31,0.0,13.468786057572347,13.279082929630226,13.373934493601288,4.993831174533762,102200,6.673122
2370,1989-08-01,0.0,13.73126064573034,13.447166818314608,13.73126064573034,5.12725734505618,162400,6.765165
2371,1989-08-02,0.0,13.920657216573034,13.54186407488764,13.920657216573034,5.1979762628089885,326400,6.719142999999999
2372,1989-08-03,0.0,14.110053787415731,13.82595790230337,13.82595790230337,5.162616803932584,196500,6.673122
2373,1989-08-04,0.0,13.920657216573034,13.636561331460676,13.73126064573034,5.12725734505618,68100,6.765165
2374,1989-08-07,0.0,14.110053787415731,13.636561331460676,13.920657216573034,5.1979762628089885,87600,6.857208
2375,1989-08-08,0.0,14.110053787415731,14.015354473146068,14.110053787415731,5.268697238258428,125600,6.857208
2376,1989-08-09,0.0,14.299450358258426,14.015354473146068,14.110053787415731,5.268697238258428,366100,7.087316
2377,1989-08-10,0.0,14.583546243370789,14.110053787415731,14.583546243370789,5.445500705730338,291600,6.857208
2378,1989-08-11,0.0,14.583546243370789,14.110053787415731,14.110053787415731,5.268697238258428,214500,6.811186
2379,1989-08-14,0.0,14.299450358258426,13.920657216573034,14.015354473146068,5.2333377793820235,179200,6.811186
2380,1989-08-15,0.0,14.110053787415731,13.920657216573034,14.015354473146068,5.2333377793820235,124900,6.811186
2381,1989-08-16,0.0,14.110053787415731,14.015354473146068,14.015354473146068,5.2333377793820235,30600,6.811186
2382,1989-08-17,0.0,14.204753101685395,14.015354473146068,14.015354473146068,5.2333377793820235,98000,6.811186
2383,1989-08-18,0.0,14.110053787415731,13.920657216573034,14.015354473146068,5.2333377793820235,76200,6.857208
2384,1989-08-21,0.0,14.204753101685395,14.015354473146068,14.110053787415731,5.268697238258428,70100,6.857208
2385,1989-08-22,0.0,14.110053787415731,13.920657216573034,14.110053787415731,5.268697238258428,42400,6.857208
2386,1989-08-23,0.0,14.110053787415731,14.015354473146068,14.110053787415731,5.268697238258428,26100,6.857208
2387,1989-08-24,0.0,14.110053787415731,14.015354473146068,14.110053787415731,5.268697238258428,20000,6.857208
2388,1989-08-25,0.0,14.204753101685395,14.015354473146068,14.110053787415731,5.268697238258428,143200,6.903230000000001
2389,1989-08-28,0.0,14.204753101685395,14.110053787415731,14.204753101685395,5.304058754831462,63700,6.811186
2390,1989-08-29,0.0,14.204753101685395,14.015354473146068,14.015354473146068,5.2333377793820235,8300,6.811186
2391,1989-08-30,0.0,14.204753101685395,14.015354473146068,14.015354473146068,5.2333377793820235,83400,6.903230000000001
2392,1989-08-31,0.0,14.299450358258426,14.015354473146068,14.204753101685395,5.304058754831462,152500,6.995272999999999
2393,1989-09-01,0.0,14.348088393575999,14.159297891760001,14.348088393575999,5.357578384032001,88600,6.903230000000001
2394,1989-09-05,0.0,14.348088393575999,14.159297891760001,14.159297891760001,5.287085766816,63900,6.949250999999999
2395,1989-09-06,0.0,14.253692117112,14.064901615296,14.253692117112,5.322334126536001,79700,6.949250999999999
2396,1989-09-07,0.0,14.253692117112,14.159297891760001,14.253692117112,5.322334126536001,31600,6.949250999999999
2397,1989-09-08,0.0,14.253692117112,14.064901615296,14.253692117112,5.322334126536001,28300,6.995272999999999
2398,1989-09-11,0.0,14.348088393575999,14.159297891760001,14.348088393575999,5.4178585146,218500,6.995272999999999
2399,1989-09-12,0.0,14.442482618928002,14.159297891760001,14.348088393575999,5.4178585146,228400,6.949250999999999
2400,1989-09-13,0.0,14.536878895392002,14.253692117112,14.253692117112,5.382218392488001,500500,6.811186
2401,1989-09-14,0.0,14.442482618928002,13.970505338832002,13.970505338832002,5.27528571948,1118300,6.765165
2402,1989-09-15,0.0,14.159297891760001,13.87611111348,13.87611111348,5.239641495144,278200,6.765165
2403,1989-09-18,0.0,13.970505338832002,13.781714837015997,13.87611111348,5.239641495144,98700,6.903230000000001
2404,1989-09-19,0.0,14.253692117112,13.87611111348,14.159297891760001,5.346574168152,141700,6.949250999999999
2405,1989-09-20,0.0,14.442482618928002,14.064901615296,14.253692117112,5.382218392488001,205600,6.903230000000001
2406,1989-09-21,0.0,14.348088393575999,14.159297891760001,14.159297891760001,5.346574168152,154000,6.903230000000001
2407,1989-09-22,0.0,14.348088393575999,14.159297891760001,14.159297891760001,5.346574168152,63400,6.903230000000001
2408,1989-09-25,0.0,14.159297891760001,13.970505338832002,14.159297891760001,5.346574168152,40000,6.857208
2409,1989-09-26,0.0,14.159297891760001,13.970505338832002,14.064901615296,5.310927892704,71800,6.903230000000001
2410,1989-09-27,0.0,14.159297891760001,13.970505338832002,14.159297891760001,5.346574168152,33000,6.949250999999999
2411,1989-09-28,0.0,14.253692117112,14.064901615296,14.253692117112,5.382218392488001,54300,6.903230000000001
2412,1989-09-29,0.0,14.253692117112,14.064901615296,14.159297891760001,5.346574168152,58000,6.903230000000001
2413,1989-10-02,0.0,14.185601231202229,14.091657933678345,14.091657933678345,5.32103320875,88800,6.995272999999999
2414,1989-10-03,0.0,14.279546570039809,14.091657933678345,14.279546570039809,5.391977024880573,74500,7.087316
2415,1989-10-04,0.0,14.467435206401277,14.185601231202229,14.467435206401277,5.462929006265925,348800,7.087316
2416,1989-10-05,0.0,14.561378503925157,14.373489867563697,14.467435206401277,5.462929006265925,192800,7.041294000000001
2417,1989-10-06,0.0,14.561378503925157,14.185601231202229,14.373489867563697,5.427455056886943,196000,6.995272999999999
2418,1989-10-09,0.0,14.467435206401277,14.279546570039809,14.279546570039809,5.391977024880573,102700,6.857208
2419,1989-10-10,0.0,14.467435206401277,13.997712594840767,13.997712594840767,5.285557218057326,177500,6.949250999999999
2420,1989-10-11,0.0,14.279546570039809,13.997712594840767,14.185601231202229,5.356507158128982,60900,6.857208
2421,1989-10-12,0.0,14.185601231202229,13.997712594840767,13.997712594840767,5.285557218057326,73300,6.581078999999999
2422,1989-10-13,0.0,14.091657933678345,13.43404668575637,13.43404668575637,5.072719645724523,187600,6.4890360000000005
2423,1989-10-16,0.0,13.340103388232485,12.682492140310512,13.246158049394907,5.001771746966561,288100,6.3509709999999995
2424,1989-10-17,0.0,13.246158049394907,12.870380776671976,12.964324074195861,4.895347857515924,184200,6.535058
2425,1989-10-18,0.0,13.340103388232485,12.964324074195861,13.340103388232485,5.037243655031848,65400,6.4890360000000005
2426,1989-10-19,0.0,13.340103388232485,13.152212710557325,13.246158049394907,5.001771746966561,13800,6.443014
2427,1989-10-20,0.0,13.340103388232485,13.152212710557325,13.152212710557325,4.96629779758758,280500,6.3509709999999995
2428,1989-10-23,0.0,13.246158049394907,12.964324074195861,12.964324074195861,4.895347857515924,98000,6.3509709999999995
2429,1989-10-24,0.0,13.152212710557325,12.776435437834396,12.964324074195861,4.895347857515924,52100,6.3509709999999995
2430,1989-10-25,0.0,13.05826941303344,12.776435437834396,12.964324074195861,4.895347857515924,58500,6.258928
2431,1989-10-26,0.0,12.964324074195861,12.776435437834396,12.776435437834396,4.824404041385351,104600,6.30495
2432,1989-10-27,0.0,12.870380776671976,12.682492140310512,12.870380776671976,4.859875949450637,90800,6.258928
2433,1989-10-30,0.0,12.964324074195861,12.776435437834396,12.776435437834396,4.824404041385351,30100,6.30495
2434,1989-10-31,0.0,12.964324074195861,12.776435437834396,12.870380776671976,4.859875949450637,37000,6.443014
2435,1989-11-01,0.0,13.214594527434473,12.933432118498807,13.120873045639396,4.954463887029388,80400,6.443014
2436,1989-11-02,0.0,13.214594527434473,12.933432118498807,13.120873045639396,4.954463887029388,74800,6.3509709999999995
2437,1989-11-03,0.0,13.214594527434473,12.933432118498807,12.933432118498807,4.883683009563146,8100,6.30495
2438,1989-11-06,0.0,13.214594527434473,12.74599119135822,12.839712673153297,4.8482956255043685,80000,6.258928
2439,1989-11-07,0.0,12.839712673153297,12.74599119135822,12.74599119135822,4.812908241445592,136200,6.443014
2440,1989-11-08,0.0,13.308316009229548,12.839712673153297,13.120873045639396,4.954463887029388,71600,6.4890360000000005
2441,1989-11-09,0.0,13.308316009229548,13.027153600293884,13.214594527434473,4.989853307537728,74800,6.4890360000000005
2442,1989-11-10,0.0,13.214594527434473,13.027153600293884,13.214594527434473,4.989853307537728,53800,6.6271
2443,1989-11-13,0.0,13.495754899920572,13.027153600293884,13.495754899920572,5.096019532613186,183200,6.581078999999999
2444,1989-11-14,0.0,13.589476381715649,13.308316009229548,13.402035454575058,5.060632148554409,200400,6.4890360000000005
2445,1989-11-15,0.0,13.402035454575058,13.214594527434473,13.214594527434473,4.989853307537728,63700,6.4890360000000005
2446,1989-11-16,0.0,13.402035454575058,13.214594527434473,13.214594527434473,4.989853307537728,52300,6.4890360000000005
2447,1989-11-17,0.0,13.402035454575058,13.214594527434473,13.214594527434473,4.989853307537728,92800,6.30495
2448,1989-11-20,0.0,13.402035454575058,12.74599119135822,12.839712673153297,4.8482956255043685,302700,6.3509709999999995
2449,1989-11-21,0.0,13.027153600293884,12.839712673153297,12.933432118498807,4.883683009563146,35800,6.3509709999999995
2450,1989-11-22,0.0,13.027153600293884,12.933432118498807,12.933432118498807,4.883683009563146,33800,6.3509709999999995
2451,1989-11-24,0.0,13.120873045639396,12.933432118498807,12.933432118498807,4.883683009563146,53000,6.396993
2452,1989-11-27,0.0,13.120873045639396,13.027153600293884,13.027153600293884,4.919074466521049,82900,6.443014
2453,1989-11-28,0.0,13.308316009229548,13.027153600293884,13.120873045639396,4.954463887029388,187400,6.4890360000000005
2454,1989-11-29,0.0,13.402035454575058,13.120873045639396,13.214594527434473,4.989853307537728,351600,6.4890360000000005
2455,1989-11-30,0.0,13.402035454575058,13.214594527434473,13.214594527434473,4.989853307537728,156000,6.4890360000000005
2456,1989-12-01,0.0,13.287208450134814,13.193635614623318,13.193635614623318,4.981939186510706,201200,6.535058
2457,1989-12-04,0.0,13.380779252426645,13.193635614623318,13.287208450134814,5.017270444662967,183200,6.396993
2458,1989-12-05,0.0,13.380779252426645,13.006491976819985,13.006491976819985,4.911272603766852,298200,6.396993
2459,1989-12-06,0.0,13.193635614623318,13.006491976819985,13.006491976819985,4.911272603766852,129600,6.3509709999999995
2460,1989-12-07,0.0,13.100062779111816,12.912919141308485,12.912919141308485,4.875937279175258,90100,6.258928
2461,1989-12-08,0.0,13.006491976819985,12.725775503505156,12.725775503505156,4.805274762870738,125600,6.212907
2462,1989-12-11,0.0,12.725775503505156,12.445059030190325,12.632204701213324,4.829606302624902,123900,6.212907
2463,1989-12-12,0.0,12.819348339016654,12.632204701213324,12.632204701213324,4.829606302624902,276500,6.120863
2464,1989-12-13,0.0,12.725775503505156,12.257917425606662,12.445059030190325,4.758055269325932,166900,6.166885
2465,1989-12-14,0.0,12.538631865701825,12.351488227898493,12.538631865701825,4.7938297693655825,612300,5.9367779999999994
2466,1989-12-15,0.0,12.351488227898493,11.883628116780335,12.07077378780333,4.614957269167329,337500,5.890756
2467,1989-12-18,0.0,12.07077378780333,11.7900573144885,11.977200952291833,4.57918073590801,53500,5.844734
2468,1989-12-19,0.0,11.883628116780335,11.696484478977005,11.883628116780335,4.543406235868359,134000,5.844734
2469,1989-12-20,0.0,12.07077378780333,11.7900573144885,11.883628116780335,4.543406235868359,200400,6.120863
2470,1989-12-21,0.0,12.445059030190325,11.883628116780335,12.445059030190325,4.758055269325932,172300,6.120863
2471,1989-12-22,0.0,12.538631865701825,12.351488227898493,12.445059030190325,4.758055269325932,115300,6.120863
2472,1989-12-26,0.0,12.632204701213324,12.445059030190325,12.445059030190325,4.758055269325932,110600,6.581078999999999
2473,1989-12-27,0.0,13.380779252426645,12.445059030190325,13.380779252426645,5.115804336161776,333000,6.535058
2474,1989-12-28,0.0,13.47435005471848,13.287208450134814,13.287208450134814,5.080025769682792,73800,6.396993
2475,1989-12-29,0.0,13.47435005471848,13.006491976819985,13.006491976819985,4.972702269563839,230100,6.4890360000000005
2476,1990-01-02,0.0,13.15162469043956,12.873772670934066,13.05900667978022,4.992781330384614,159500,6.3509709999999995
2477,1990-01-03,0.0,13.15162469043956,12.781154660274725,12.781154660274725,4.886548943076924,120900,6.258928
2478,1990-01-04,0.0,12.873772670934066,12.595920651428571,12.595920651428571,4.81573405978022,76500,6.30495
2479,1990-01-05,0.0,12.688538662087911,12.503304653241758,12.688538662087911,4.851141501428572,84600,6.3509709999999995
2480,1990-01-08,0.0,12.781154660274725,12.503304653241758,12.781154660274725,4.886548943076924,50600,6.3509709999999995
2481,1990-01-09,0.0,12.781154660274725,12.595920651428571,12.781154660274725,4.886548943076924,130600,6.258928
2482,1990-01-10,0.0,12.873772670934066,12.595920651428571,12.595920651428571,4.81573405978022,272100,6.3509709999999995
2483,1990-01-11,0.0,12.781154660274725,12.595920651428571,12.781154660274725,4.886548943076924,143400,6.166885
2484,1990-01-12,0.0,12.595920651428571,12.318068631923078,12.410686642582418,4.744913139065933,252100,6.120863
2485,1990-01-15,0.0,12.503304653241758,12.318068631923078,12.318068631923078,4.709503684945055,35300,6.074841999999999
2486,1990-01-16,0.0,12.410686642582418,12.132836635549449,12.225452633736262,4.674090205879121,116700,6.166885
2487,1990-01-17,0.0,12.410686642582418,12.225452633736262,12.410686642582418,4.744913139065933,159000,6.028821
2488,1990-01-18,0.0,12.410686642582418,12.132836635549449,12.132836635549449,4.638682764230769,155300,6.074841999999999
2489,1990-01-19,0.0,12.410686642582418,12.132836635549449,12.225452633736262,4.674090205879121,18500,6.074841999999999
2490,1990-01-22,0.0,12.410686642582418,12.225452633736262,12.225452633736262,4.674090205879121,141200,6.074841999999999
2491,1990-01-23,0.0,12.410686642582418,12.225452633736262,12.225452633736262,4.674090205879121,291600,6.028821
2492,1990-01-24,0.0,12.225452633736262,11.947602626703295,12.132836635549449,4.638682764230769,242700,6.074841999999999
2493,1990-01-25,0.0,12.225452633736262,12.132836635549449,12.225452633736262,4.674090205879121,365100,5.982799
2494,1990-01-26,0.0,12.225452633736262,12.040218624890109,12.040218624890109,4.603271297637362,195500,5.9367779999999994
2495,1990-01-29,0.0,12.225452633736262,11.947602626703295,11.947602626703295,4.5678658684615385,98200,5.844734
2496,1990-01-30,0.0,12.132836635549449,11.6697506071978,11.762366605384615,4.497044947747252,215800,5.890756
2497,1990-01-31,0.0,11.947602626703295,11.762366605384615,11.854984616043955,4.532454401868131,289600,5.9367779999999994
2498,1990-02-01,0.0,11.983780100085937,11.79941437565625,11.891598239390625,4.546453997203125,725400,5.982799
2499,1990-02-02,0.0,12.075963963820312,11.891598239390625,11.983780100085937,4.581693463429687,798700,6.028821
2500,1990-02-05,0.0,12.168145824515625,11.891598239390625,12.075963963820312,4.616938938773438,499700,6.028821
2501,1990-02-06,0.0,12.168145824515625,11.983780100085937,12.075963963820312,4.616938938773438,279200,6.074841999999999
2502,1990-02-07,0.0,12.168145824515625,11.891598239390625,12.168145824515625,4.6521804080390625,142400,6.028821
2503,1990-02-08,0.0,12.352511548945312,12.075963963820312,12.075963963820312,4.616938938773438,329800,5.982799
2504,1990-02-09,0.0,12.168145824515625,11.983780100085937,11.983780100085937,4.581693463429687,77200,5.982799
2505,1990-02-12,0.0,12.168145824515625,11.983780100085937,11.983780100085937,4.581693463429687,26600,6.074841999999999
2506,1990-02-13,0.0,12.168145824515625,11.983780100085937,12.168145824515625,4.6521804080390625,236700,5.982799
2507,1990-02-14,0.0,12.168145824515625,11.983780100085937,11.983780100085937,4.581693463429687,19500,6.120863
2508,1990-02-15,0.0,12.444695412679689,11.983780100085937,12.260327685210937,4.687427886421876,181200,6.120863
2509,1990-02-16,0.0,12.444695412679689,12.260327685210937,12.260327685210937,4.687427886421876,155000,6.120863
2510,1990-02-20,0.0,12.444695412679689,12.168145824515625,12.260327685210937,4.687427886421876,76000,6.074841999999999
2511,1990-02-21,0.0,12.168145824515625,11.891598239390625,12.168145824515625,4.6521804080390625,20400,6.074841999999999
2512,1990-02-22,0.0,12.260327685210937,12.075963963820312,12.168145824515625,4.6521804080390625,79200,6.074841999999999
2513,1990-02-23,0.0,12.168145824515625,11.983780100085937,12.168145824515625,4.6521804080390625,30800,5.982799
2514,1990-02-26,0.0,12.260327685210937,11.983780100085937,11.983780100085937,4.581693463429687,69300,6.028821
2515,1990-02-27,0.0,12.168145824515625,11.983780100085937,12.075963963820312,4.616938938773438,87600,6.074841999999999
2516,1990-02-28,0.0,12.168145824515625,12.075963963820312,12.168145824515625,4.6521804080390625,75000,6.074841999999999
2517,1990-03-01,0.0,12.101963213193473,11.918600254941726,12.101963213193473,4.626877173496504,107100,6.028821
2518,1990-03-02,0.0,12.193643696247088,12.010282730139862,12.010282730139862,4.591827382773893,40200,6.028821
2519,1990-03-05,0.0,12.193643696247088,12.010282730139862,12.010282730139862,4.591827382773893,34500,6.028821
2520,1990-03-06,0.0,12.193643696247088,12.010282730139862,12.010282730139862,4.591827382773893,27100,6.258928
2521,1990-03-07,0.0,12.743734563146855,12.101963213193473,12.468689129696973,4.767090281398602,182700,6.258928
2522,1990-03-08,0.0,12.652052087948718,12.468689129696973,12.468689129696973,4.767090281398602,40900,6.212907
2523,1990-03-09,0.0,12.560371604895106,12.37700864664336,12.37700864664336,4.796932606340327,102700,6.258928
2524,1990-03-12,0.0,12.560371604895106,12.37700864664336,12.468689129696973,4.832468480326341,71600,6.166885
2525,1990-03-13,0.0,12.468689129696973,12.285326171445222,12.285326171445222,4.761404700932402,29800,6.074841999999999
2526,1990-03-14,0.0,12.37700864664336,12.101963213193473,12.101963213193473,4.690336937249418,133500,6.120863
2527,1990-03-15,0.0,12.285326171445222,12.101963213193473,12.193643696247088,4.725870819090909,64400,6.074841999999999
2528,1990-03-16,0.0,12.285326171445222,12.101963213193473,12.101963213193473,4.690336937249418,256700,5.982799
2529,1990-03-19,0.0,12.101963213193473,11.735237296689977,11.918600254941726,4.619269173566433,371100,5.890756
2530,1990-03-20,0.0,11.918600254941726,11.55187433843823,11.735237296689977,4.548205394172495,168600,5.890756
2531,1990-03-21,0.0,11.735237296689977,11.55187433843823,11.735237296689977,4.548205394172495,498500,5.844734
2532,1990-03-22,0.0,11.735237296689977,11.55187433843823,11.643554821491842,4.512675496620046,330800,5.844734
2533,1990-03-23,0.0,11.643554821491842,11.368511380186481,11.643554821491842,4.512675496620046,397200,5.890756
2534,1990-03-26,11.55187433843823,11.826919771888113,11.55187433843823,11.735237296689977,4.548205394172495,192800,5.844734
2535,1990-03-27,11.643554821491842,11.735237296689977,11.643554821491842,11.643554821491842,4.512675496620046,130600,5.844734
2536,1990-03-28,11.643554821491842,11.826919771888113,11.643554821491842,11.643554821491842,4.512675496620046,202700,5.844734
2537,1990-03-29,11.643554821491842,11.826919771888113,11.643554821491842,11.643554821491842,4.512675496620046,35300,5.752691
2538,1990-03-30,11.643554821491842,11.735237296689977,11.460191863240096,11.460191863240096,4.441605740792541,220200,5.798712999999999
2539,1990-04-02,11.533950561342124,11.533950561342124,11.350872107292476,11.533950561342124,4.470194924918541,642400,5.752691
2540,1990-04-03,11.350872107292476,11.625488793840185,11.350872107292476,11.442410339790536,4.434714188052753,242700,5.798712999999999
2541,1990-04-04,11.442410339790536,11.625488793840185,11.442410339790536,11.533950561342124,4.470194924918541,248400,5.798712999999999
2542,1990-04-05,11.533950561342124,11.625488793840185,11.533950561342124,11.533950561342124,4.470194924918541,126400,5.660648
2543,1990-04-06,11.533950561342124,11.625488793840185,11.076253431691235,11.259331885740885,4.3637606705352985,605900,5.890756
2544,1990-04-09,11.442410339790536,11.717029015391775,11.350872107292476,11.717029015391775,4.541148442435996,288800,5.844734
2545,1990-04-10,11.717029015391775,11.717029015391775,11.533950561342124,11.625488793840185,4.505673672730799,100400,5.844734
2546,1990-04-11,11.717029015391775,11.808569236943367,11.625488793840185,11.625488793840185,4.505673672730799,35500,5.9367779999999994
2547,1990-04-12,11.808569236943367,11.808569236943367,11.625488793840185,11.808569236943367,4.576627190248255,32500,5.844734
2548,1990-04-16,11.808569236943367,11.808569236943367,11.533950561342124,11.625488793840185,4.505673672730799,98500,5.752691
2549,1990-04-17,11.533950561342124,11.717029015391775,11.442410339790536,11.442410339790536,4.434714188052753,146600,5.798712999999999
2550,1990-04-18,11.625488793840185,11.625488793840185,11.350872107292476,11.533950561342124,4.470194924918541,99000,5.752691
2551,1990-04-19,11.350872107292476,11.533950561342124,11.350872107292476,11.442410339790536,4.434714188052753,43900,5.752691
2552,1990-04-20,11.350872107292476,11.442410339790536,11.259331885740885,11.442410339790536,4.434714188052753,197500,5.660648
2553,1990-04-23,11.167793653242823,11.350872107292476,11.076253431691235,11.259331885740885,4.3637606705352985,338500,5.660648
2554,1990-04-24,11.259331885740885,11.442410339790536,11.167793653242823,11.259331885740885,4.3637606705352985,143400,5.660648
2555,1990-04-25,11.350872107292476,11.350872107292476,11.167793653242823,11.259331885740885,4.3637606705352985,67100,5.660648
2556,1990-04-26,11.167793653242823,11.259331885740885,11.167793653242823,11.259331885740885,4.3637606705352985,144200,5.614627
2557,1990-04-27,11.259331885740885,11.259331885740885,11.167793653242823,11.167793653242823,4.328281922723041,43700,5.568605000000001
2558,1990-04-30,11.167793653242823,11.259331885740885,11.076253431691235,11.076253431691235,4.2928051639643146,119000,5.614627
2559,1990-05-01,11.14186224383127,11.233187926253871,11.050534576973687,11.14186224383127,4.3182317325,561700,5.614627
2560,1990-05-02,11.233187926253871,11.324515593111457,11.050534576973687,11.14186224383127,4.3182317325,744400,5.614627
2561,1990-05-03,11.14186224383127,11.324515593111457,11.14186224383127,11.14186224383127,4.3182317325,197500,5.660648
2562,1990-05-04,11.14186224383127,11.233187926253871,11.050534576973687,11.233187926253871,4.353628099318886,18000,5.660648
2563,1990-05-07,11.050534576973687,11.324515593111457,11.050534576973687,11.233187926253871,4.353628099318886,553100,5.70667
2564,1990-05-08,11.324515593111457,11.324515593111457,11.14186224383127,11.324515593111457,4.389024466137771,635500,5.660648
2565,1990-05-09,11.233187926253871,11.324515593111457,11.14186224383127,11.233187926253871,4.353628099318886,188300,5.70667
2566,1990-05-10,11.14186224383127,11.324515593111457,11.14186224383127,11.324515593111457,4.389024466137771,37200,5.614627
2567,1990-05-11,11.324515593111457,11.324515593111457,11.14186224383127,11.14186224383127,4.3182317325,103200,5.70667
2568,1990-05-14,11.233187926253871,11.50716894239164,11.14186224383127,11.324515593111457,4.389024466137771,271600,5.844734
2569,1990-05-15,11.324515593111457,11.598494624814244,11.324515593111457,11.598494624814244,4.495211582159443,433300,5.798712999999999
2570,1990-05-16,11.598494624814244,11.598494624814244,11.415841275534058,11.50716894239164,4.459815215340558,188600,5.798712999999999
2571,1990-05-17,11.689822291671828,11.689822291671828,11.50716894239164,11.50716894239164,4.459815215340558,178200,5.844734
2572,1990-05-18,11.50716894239164,11.598494624814244,11.324515593111457,11.598494624814244,4.495211582159443,219000,5.70667
2573,1990-05-21,11.50716894239164,11.50716894239164,11.324515593111457,11.324515593111457,4.389024466137771,78000,5.798712999999999
2574,1990-05-22,11.50716894239164,11.50716894239164,11.324515593111457,11.50716894239164,4.459815215340558,795000,5.844734
2575,1990-05-23,11.415841275534058,11.689822291671828,11.415841275534058,11.598494624814244,4.495211582159443,432600,5.844734
2576,1990-05-24,11.598494624814244,11.598494624814244,11.50716894239164,11.598494624814244,4.495211582159443,403900,5.844734
2577,1990-05-25,11.598494624814244,11.598494624814244,11.415841275534058,11.598494624814244,4.495211582159443,106400,5.890756
2578,1990-05-29,11.598494624814244,11.689822291671828,11.50716894239164,11.689822291671828,4.53060398010836,298700,6.028821
2579,1990-05-30,11.781149958529413,11.963803307809599,11.689822291671828,11.963803307809599,4.636791096130032,345400,6.028821
2580,1990-05-31,11.963803307809599,12.055128990232198,11.872475640952015,11.963803307809599,4.636791096130032,232800,6.120863
2581,1990-06-01,11.990166786281755,12.081000336466511,11.808497712170901,12.081000336466511,4.682213813833718,532600,6.258928
2582,1990-06-04,12.081000336466511,12.353504934503464,11.990166786281755,12.353504934503464,4.78782673916859,132500,6.30495
2583,1990-06-05,12.353504934503464,12.626009532540415,12.262671384318708,12.444340458429561,4.8230303896997695,738200,6.443014
2584,1990-06-06,12.535174008614318,12.807678606651272,12.444340458429561,12.716843082725173,4.928645288775982,387400,6.396993
2585,1990-06-07,12.716843082725173,12.807678606651272,12.626009532540415,12.626009532540415,4.893441638244804,242400,6.4890360000000005
2586,1990-06-08,12.807678606651272,13.080181230946884,12.716843082725173,12.807678606651272,4.963850913048499,369600,6.443014
2587,1990-06-11,12.626009532540415,12.898514130577366,12.626009532540415,12.716843082725173,4.993814280323325,80900,6.4890360000000005
2588,1990-06-12,12.807678606651272,12.898514130577366,12.807678606651272,12.807678606651272,5.029485707551964,576000,6.719142999999999
2589,1990-06-13,12.807678606651272,13.352685828983832,12.807678606651272,13.261850305057735,5.207836922471133,841000,6.765165
2590,1990-06-14,13.261850305057735,13.443519379168592,13.17101675487298,13.352685828983832,5.2435044022170905,962900,6.581078999999999
2591,1990-06-15,13.17101675487298,13.352685828983832,12.989347680762123,12.989347680762123,5.100824614526559,498200,6.443014
2592,1990-06-18,12.989347680762123,13.080181230946884,12.716843082725173,12.716843082725173,4.993814280323325,982200,6.4890360000000005
2593,1990-06-19,12.626009532540415,13.080181230946884,12.626009532540415,12.807678606651272,5.029485707551964,341400,6.535058
2594,1990-06-20,12.989347680762123,13.080181230946884,12.898514130577366,12.898514130577366,5.065153187297922,116000,6.4890360000000005
2595,1990-06-21,12.898514130577366,12.989347680762123,12.716843082725173,12.807678606651272,5.029485707551964,351100,6.6271
2596,1990-06-22,12.898514130577366,13.080181230946884,12.898514130577366,13.080181230946884,5.136492094272517,87100,6.535058
2597,1990-06-25,12.898514130577366,13.080181230946884,12.807678606651272,12.898514130577366,5.065153187297922,714500,6.535058
2598,1990-06-26,12.807678606651272,12.989347680762123,12.716843082725173,12.898514130577366,5.065153187297922,351100,6.4890360000000005
2599,1990-06-27,12.807678606651272,12.898514130577366,12.716843082725173,12.807678606651272,5.029485707551964,357000,6.535058
2600,1990-06-28,12.807678606651272,12.898514130577366,12.716843082725173,12.898514130577366,5.065153187297922,199000,6.443014
2601,1990-06-29,12.716843082725173,12.898514130577366,12.716843082725173,12.716843082725173,4.993814280323325,74500,6.581078999999999
2602,1990-07-02,12.849056637745399,12.939541899777605,12.668082181334356,12.939541899777605,5.081266237937117,167900,6.4890360000000005
2603,1990-07-03,12.939541899777605,12.939541899777605,12.758569409539879,12.758569409539879,5.010200869716258,63400,6.535058
2604,1990-07-05,12.758569409539879,12.849056637745399,12.668082181334356,12.849056637745399,5.045731587653375,107600,6.4890360000000005
2605,1990-07-06,12.758569409539879,12.939541899777605,12.758569409539879,12.758569409539879,5.010200869716258,110800,6.535058
2606,1990-07-09,12.939541899777605,12.939541899777605,12.758569409539879,12.849056637745399,5.045731587653375,220000,6.4890360000000005
2607,1990-07-10,12.758569409539879,12.939541899777605,12.758569409539879,12.758569409539879,5.010200869716258,214800,6.4890360000000005
2608,1990-07-11,12.758569409539879,12.939541899777605,12.758569409539879,12.758569409539879,5.010200869716258,30100,6.4890360000000005
2609,1990-07-12,12.758569409539879,12.939541899777605,12.758569409539879,12.758569409539879,5.010200869716258,75000,6.4890360000000005
2610,1990-07-13,12.939541899777605,12.939541899777605,12.758569409539879,12.758569409539879,5.010200869716258,203900,6.581078999999999
2611,1990-07-16,12.939541899777605,12.939541899777605,12.758569409539879,12.939541899777605,5.081266237937117,133000,6.535058
2612,1990-07-17,12.758569409539879,13.030027161809816,12.758569409539879,12.849056637745399,5.045731587653375,136200,6.535058
2613,1990-07-18,13.030027161809816,13.030027161809816,12.758569409539879,12.849056637745399,5.045731587653375,72100,6.581078999999999
2614,1990-07-19,12.849056637745399,12.939541899777605,12.758569409539879,12.939541899777605,5.081266237937117,114800,6.4890360000000005
2615,1990-07-20,12.939541899777605,12.939541899777605,12.758569409539879,12.758569409539879,5.010200869716258,49600,6.443014
2616,1990-07-23,12.668082181334356,12.939541899777605,12.668082181334356,12.668082181334356,4.974666219432515,245600,6.4890360000000005
2617,1990-07-24,12.849056637745399,12.849056637745399,12.668082181334356,12.758569409539879,5.010200869716258,151600,6.535058
2618,1990-07-25,12.668082181334356,12.849056637745399,12.668082181334356,12.849056637745399,5.045731587653375,103900,6.443014
2619,1990-07-26,12.668082181334356,12.849056637745399,12.668082181334356,12.668082181334356,4.974666219432515,44400,6.443014
2620,1990-07-27,12.668082181334356,12.849056637745399,12.668082181334356,12.668082181334356,4.974666219432515,31800,6.443014
2621,1990-07-30,12.668082181334356,12.849056637745399,12.668082181334356,12.668082181334356,4.974666219432515,53800,6.443014
2622,1990-07-31,12.668082181334356,12.849056637745399,12.668082181334356,12.668082181334356,4.974666219432515,98700,6.396993
2623,1990-08-01,12.462907585691491,12.642229870851066,12.462907585691491,12.462907585691491,4.894095843510638,188600,6.3509709999999995
2624,1990-08-02,12.373245468989362,12.462907585691491,12.283585300531916,12.373245468989362,4.858885217393619,153800,6.212907
2625,1990-08-03,12.373245468989362,12.373245468989362,12.014600898670212,12.104263015372343,4.753255287287234,196700,6.074841999999999
2626,1990-08-06,12.104263015372343,12.193923183829789,11.835278613510637,11.835278613510637,4.647629253670214,59200,6.120863
2627,1990-08-07,12.014600898670212,12.104263015372343,11.745618445053193,11.924938781968086,4.682839879787235,162400,6.212907
2628,1990-08-08,11.835278613510637,12.104263015372343,11.835278613510637,12.104263015372343,4.753255287287234,104200,6.166885
2629,1990-08-09,12.014600898670212,12.014600898670212,11.745618445053193,12.014600898670212,4.718050505904255,104600,5.9367779999999994
2630,1990-08-10,12.014600898670212,12.014600898670212,11.386971926489363,11.566296159893616,4.542003220053192,52500,5.798712999999999
2631,1990-08-13,11.47663404319149,11.47663404319149,11.297311758031915,11.297311758031915,4.4363752381914905,98500,5.798712999999999
2632,1990-08-14,11.386971926489363,11.386971926489363,11.117989472872342,11.297311758031915,4.4363752381914905,130800,5.844734
2633,1990-08-15,11.386971926489363,11.47663404319149,11.297311758031915,11.386971926489363,4.471585864308511,192300,5.844734
2634,1990-08-16,11.297311758031915,11.386971926489363,11.20764964132979,11.386971926489363,4.471585864308511,274800,5.752691
2635,1990-08-17,11.297311758031915,11.297311758031915,11.028327356170214,11.20764964132979,4.401162663829788,139500,5.70667
2636,1990-08-20,11.117989472872342,11.20764964132979,11.028327356170214,11.117989472872342,4.365955934202128,112800,5.660648
2637,1990-08-21,10.938667187712767,11.117989472872342,10.938667187712767,11.028327356170214,4.330745308085106,87900,5.660648
2638,1990-08-22,11.117989472872342,11.117989472872342,10.84900507101064,11.028327356170214,4.330745308085106,190800,5.476562
2639,1990-08-23,10.84900507101064,10.84900507101064,10.669682785851064,10.669682785851064,4.189908648351064,302400,5.522583
2640,1990-08-24,10.84900507101064,10.938667187712767,10.669682785851064,10.759342954308512,4.225115377978724,75000,5.70667
2641,1990-08-27,10.84900507101064,11.117989472872342,10.84900507101064,11.117989472872342,4.365955934202128,118000,5.890756
2642,1990-08-28,10.938667187712767,11.47663404319149,10.938667187712767,11.47663404319149,4.506790645691489,89100,5.982799
2643,1990-08-29,11.566296159893616,11.655956328351063,11.297311758031915,11.655956328351063,4.57720800143617,31800,6.074841999999999
2644,1990-08-30,11.655956328351063,11.835278613510637,11.566296159893616,11.835278613510637,4.647629253670214,204200,6.074841999999999
2645,1990-08-31,11.835278613510637,11.835278613510637,11.566296159893616,11.835278613510637,4.647629253670214,13000,5.982799
2646,1990-09-04,11.648254614687266,11.648254614687266,11.470418799110776,11.559335740851546,4.539265810015071,21900,6.028821
2647,1990-09-05,11.648254614687266,11.826088498168803,11.559335740851546,11.648254614687266,4.574186494159759,44600,5.982799
2648,1990-09-06,11.737171556428033,11.737171556428033,11.470418799110776,11.559335740851546,4.539265810015071,353500,5.9367779999999994
2649,1990-09-07,11.559335740851546,11.648254614687266,11.470418799110776,11.470418799110776,4.50435285425019,99700,6.028821
2650,1990-09-10,11.470418799110776,11.648254614687266,11.470418799110776,11.648254614687266,4.64037427089676,94300,5.9367779999999994
2651,1990-09-11,11.470418799110776,11.470418799110776,11.381499925275056,11.470418799110776,4.569530145327808,165100,5.844734
2652,1990-09-12,11.381499925275056,11.470418799110776,11.292581051439338,11.292581051439338,4.498686019758855,190100,5.844734
2653,1990-09-13,11.292581051439338,11.381499925275056,11.11474523586285,11.292581051439338,4.498686019758855,148300,5.70667
2654,1990-09-14,11.203664109698568,11.203664109698568,11.02582829412208,11.02582829412208,4.392416933263,47100,5.844734
2655,1990-09-17,11.02582829412208,11.292581051439338,11.02582829412208,11.292581051439338,4.498686019758855,76500,5.752691
2656,1990-09-18,11.11474523586285,11.292581051439338,11.02582829412208,11.11474523586285,4.427838030000001,72500,5.844734
2657,1990-09-19,11.11474523586285,11.470418799110776,11.11474523586285,11.292581051439338,4.498686019758855,280900,5.798712999999999
2658,1990-09-20,11.470418799110776,11.470418799110776,11.203664109698568,11.203664109698568,4.4632629909269035,116000,5.798712999999999
2659,1990-09-21,11.381499925275056,11.381499925275056,11.203664109698568,11.203664109698568,4.4632629909269035,65100,5.844734
2660,1990-09-24,11.203664109698568,11.292581051439338,11.203664109698568,11.292581051439338,4.498686019758855,436500,5.660648
2661,1990-09-25,11.203664109698568,11.203664109698568,10.936909420286362,10.936909420286362,4.3569939044310475,393300,5.568605000000001
2662,1990-09-26,10.847992478545592,11.02582829412208,10.759073604709874,10.759073604709874,4.286147846767145,90100,5.476562
2663,1990-09-27,10.759073604709874,10.847992478545592,10.581237789133386,10.581237789133386,4.215303721198192,195500,5.476562
2664,1990-09-28,10.581237789133386,10.759073604709874,10.403401973556896,10.581237789133386,4.215303721198192,617300,5.476562
2665,1990-10-01,10.517829622606744,10.69459975539326,10.517829622606744,10.517829622606744,4.190043474179775,471300,5.476562
2666,1990-10-02,10.782985782044944,10.871369888179776,10.517829622606744,10.517829622606744,4.190043474179775,87400,5.568605000000001
2667,1990-10-03,10.517829622606744,10.69459975539326,10.517829622606744,10.69459975539326,4.260463065662922,147900,5.522583
2668,1990-10-04,10.517829622606744,10.69459975539326,10.517829622606744,10.606213728741574,4.225252309662921,43700,5.568605000000001
2669,1990-10-05,10.606213728741574,10.95975591483146,10.606213728741574,10.69459975539326,4.260463065662922,165600,5.70667
2670,1990-10-08,10.95975591483146,11.224910153752809,10.95975591483146,10.95975591483146,4.366095333662922,73300,5.752691
2671,1990-10-09,10.95975591483146,11.224910153752809,10.95975591483146,11.048140020966294,4.4013041691460675,115500,5.752691
2672,1990-10-10,11.048140020966294,11.136526047617977,10.95975591483146,11.048140020966294,4.4013041691460675,346900,5.798712999999999
2673,1990-10-11,11.048140020966294,11.136526047617977,11.048140020966294,11.136526047617977,4.436516845662921,142900,5.9367779999999994
2674,1990-10-12,11.048140020966294,11.40168220705618,11.048140020966294,11.40168220705618,4.542147193146067,245100,6.258928
2675,1990-10-15,11.40168220705618,12.020376711550561,11.224910153752809,12.020376711550561,4.7886205646292135,180700,6.30495
2676,1990-10-16,12.020376711550561,12.108762738202246,11.843606578764044,12.108762738202246,4.823827479595506,751800,6.120863
2677,1990-10-17,11.843606578764044,12.108762738202246,11.755220552112359,11.755220552112359,4.682988296629214,287900,6.258928
2678,1990-10-18,11.931992605415731,12.020376711550561,11.755220552112359,12.020376711550561,4.7886205646292135,294500,6.120863
2679,1990-10-19,12.020376711550561,12.020376711550561,11.755220552112359,11.755220552112359,4.682988296629214,327100,6.120863
2680,1990-10-22,11.666836445977527,11.931992605415731,11.666836445977527,11.755220552112359,4.682988296629214,124400,5.982799
2681,1990-10-23,11.666836445977527,11.666836445977527,11.490066313191011,11.490066313191011,4.57735410811236,174500,5.890756
2682,1990-10-24,11.490066313191011,11.490066313191011,11.313296180404494,11.313296180404494,4.506934516629214,122900,5.890756
2683,1990-10-25,11.313296180404494,11.490066313191011,11.136526047617977,11.313296180404494,4.506934516629214,76200,5.70667
2684,1990-10-26,11.136526047617977,11.136526047617977,10.95975591483146,10.95975591483146,4.366095333662922,86900,5.752691
2685,1990-10-29,10.95975591483146,11.136526047617977,10.95975591483146,11.048140020966294,4.4013041691460675,19500,5.752691
2686,1990-10-30,10.95975591483146,11.136526047617977,10.95975591483146,11.048140020966294,4.4013041691460675,66400,5.752691
2687,1990-10-31,11.136526047617977,11.136526047617977,10.95975591483146,11.048140020966294,4.4013041691460675,484700,5.70667
2688,1990-11-01,10.935182471076233,11.023368406569507,10.846994619372197,10.935182471076233,4.356305882242152,343400,5.798712999999999
2689,1990-11-02,11.023368406569507,11.11155625827354,10.935182471076233,11.11155625827354,4.426569498475336,773600,5.752691
2690,1990-11-05,11.023368406569507,11.11155625827354,11.023368406569507,11.023368406569507,4.391435774147982,395000,5.660648
2691,1990-11-06,11.023368406569507,11.11155625827354,10.846994619372197,10.846994619372197,4.321174074125559,103400,5.660648
2692,1990-11-07,11.023368406569507,11.023368406569507,10.670620832174889,10.846994619372197,4.321174074125559,316500,5.614627
2693,1990-11-08,10.670620832174889,10.846994619372197,10.582432980470852,10.758808683878922,4.286040349798207,391800,5.752691
2694,1990-11-09,10.582432980470852,11.023368406569507,10.582432980470852,11.023368406569507,4.391435774147982,238500,5.9367779999999994
2695,1990-11-12,11.023368406569507,11.552491684372196,10.935182471076233,11.376117897174886,4.531963006614349,250600,6.166885
2696,1990-11-13,11.552491684372196,11.81705140706278,11.46430383266816,11.81705140706278,4.707620130986547,356700,6.30495
2697,1990-11-14,11.728863555358744,12.081613045964126,11.64067761986547,12.081613045964126,4.813011722914798,190600,6.212907
2698,1990-11-15,11.99342519426009,12.257986833161434,11.905239258766816,11.905239258766816,4.742750022892376,306400,6.258928
2699,1990-11-16,11.905239258766816,11.99342519426009,11.728863555358744,11.99342519426009,4.777883747219731,82700,6.166885
2700,1990-11-19,11.81705140706278,11.99342519426009,11.81705140706278,11.81705140706278,4.707620130986547,65100,6.028821
2701,1990-11-20,11.728863555358744,11.81705140706278,11.46430383266816,11.552491684372196,4.602224706636771,189100,5.982799
2702,1990-11-21,11.64067761986547,11.64067761986547,11.46430383266816,11.46430383266816,4.567090982309416,61900,6.074841999999999
2703,1990-11-23,11.46430383266816,11.64067761986547,11.376117897174886,11.64067761986547,4.637356514753363,148600,6.074841999999999
2704,1990-11-26,11.46430383266816,11.64067761986547,11.46430383266816,11.64067761986547,4.637356514753363,61400,6.120863
2705,1990-11-27,11.64067761986547,11.905239258766816,11.46430383266816,11.728863555358744,4.672488322869955,236500,6.212907
2706,1990-11-28,11.81705140706278,12.081613045964126,11.81705140706278,11.905239258766816,4.742750022892376,152500,6.258928
2707,1990-11-29,11.81705140706278,11.99342519426009,11.81705140706278,11.99342519426009,4.777883747219731,22400,6.258928
2708,1990-11-30,11.81705140706278,12.081613045964126,11.81705140706278,11.99342519426009,4.777883747219731,95000,6.258928
2709,1990-12-03,12.081613045964126,12.081613045964126,11.99342519426009,11.99342519426009,4.777883747219731,32500,6.396993
2710,1990-12-04,12.081613045964126,12.346172768654707,11.99342519426009,12.257986833161434,4.883277255358744,69100,6.6271
2711,1990-12-05,12.346172768654707,12.875294130246635,12.257986833161434,12.698920343049327,5.058934379730942,243400,6.443014
2712,1990-12-06,12.963481981950672,12.963481981950672,12.346172768654707,12.346172768654707,4.918409063475336,240000,6.443014
2713,1990-12-07,12.257986833161434,12.434360620358746,12.169798981457399,12.346172768654707,4.918409063475336,145600,6.581078999999999
2714,1990-12-10,12.346172768654707,12.698920343049327,12.257986833161434,12.61073440755605,5.09071090280269,231800,6.443014
2715,1990-12-11,12.61073440755605,12.61073440755605,12.346172768654707,12.346172768654707,4.9839128121748875,101400,6.535058
2716,1990-12-12,12.346172768654707,12.61073440755605,12.346172768654707,12.52254847206278,5.055111539260089,90300,6.535058
2717,1990-12-13,12.61073440755605,12.61073440755605,12.346172768654707,12.52254847206278,5.055111539260089,55300,6.3509709999999995
2718,1990-12-14,12.257986833161434,12.52254847206278,11.905239258766816,12.169798981457399,4.912714085089686,96000,6.166885
2719,1990-12-17,11.99342519426009,11.99342519426009,11.728863555358744,11.81705140706278,4.7703166309192815,117200,6.396993
2720,1990-12-18,11.728863555358744,12.257986833161434,11.728863555358744,12.257986833161434,4.948311532421524,119700,6.4890360000000005
2721,1990-12-19,12.169798981457399,12.52254847206278,12.169798981457399,12.434360620358746,5.019512175717488,110100,6.581078999999999
2722,1990-12-20,12.434360620358746,12.698920343049327,12.346172768654707,12.61073440755605,5.09071090280269,201700,6.535058
2723,1990-12-21,12.52254847206278,12.698920343049327,12.52254847206278,12.52254847206278,5.055111539260089,185400,6.535058
2724,1990-12-24,12.52254847206278,12.698920343049327,12.52254847206278,12.52254847206278,5.055111539260089,30600,6.535058
2725,1990-12-26,12.52254847206278,12.698920343049327,12.52254847206278,12.52254847206278,5.055111539260089,50600,6.535058
2726,1990-12-27,12.52254847206278,12.698920343049327,12.434360620358746,12.52254847206278,5.055111539260089,75500,6.581078999999999
2727,1990-12-28,12.434360620358746,12.61073440755605,12.434360620358746,12.61073440755605,5.09071090280269,119500,6.535058
2728,1990-12-31,12.52254847206278,12.698920343049327,12.52254847206278,12.52254847206278,5.055111539260089,40900,6.4890360000000005
2729,1991-01-02,12.448120249346212,12.623443847696882,12.360456545349184,12.360456545349184,4.989678522369986,102700,6.4890360000000005
2730,1991-01-03,12.535782048521545,12.535782048521545,12.360456545349184,12.360456545349184,4.989678522369986,23200,6.535058
2731,1991-01-04,12.360456545349184,12.535782048521545,12.272792841352155,12.448120249346212,5.025066299799406,56500,6.535058
2732,1991-01-07,12.448120249346212,12.448120249346212,12.272792841352155,12.448120249346212,5.025066299799406,118700,6.443014
2733,1991-01-08,12.272792841352155,12.448120249346212,12.272792841352155,12.272792841352155,4.9542907449405655,96500,6.535058
2734,1991-01-09,12.448120249346212,12.448120249346212,12.272792841352155,12.448120249346212,5.025066299799406,61400,6.581078999999999
2735,1991-01-10,12.272792841352155,12.71110755169391,12.272792841352155,12.535782048521545,5.060454077228826,235800,6.719142999999999
2736,1991-01-11,12.535782048521545,12.798769350869241,12.535782048521545,12.798769350869241,5.166617409517088,226400,6.673122
2737,1991-01-14,12.535782048521545,12.71110755169391,12.535782048521545,12.71110755169391,5.131227727265974,144200,6.673122
2738,1991-01-15,12.71110755169391,12.798769350869241,12.623443847696882,12.71110755169391,5.131227727265974,381700,6.903230000000001
2739,1991-01-16,12.623443847696882,13.149422262035662,12.623443847696882,13.149422262035662,5.308166614413076,295300,6.903230000000001
2740,1991-01-17,13.324747765208024,13.41240956438336,13.149422262035662,13.149422262035662,5.308166614413076,96700,6.903230000000001
2741,1991-01-18,13.149422262035662,13.324747765208024,13.061758558038633,13.149422262035662,5.308166614413076,756300,6.995272999999999
2742,1991-01-21,13.149422262035662,13.324747765208024,13.149422262035662,13.324747765208024,5.37893835962853,41200,6.995272999999999
2743,1991-01-22,13.324747765208024,13.41240956438336,13.149422262035662,13.324747765208024,5.37893835962853,378500,6.995272999999999
2744,1991-01-23,13.41240956438336,13.500073268380389,13.324747765208024,13.324747765208024,5.37893835962853,378200,7.133336999999999
2745,1991-01-24,13.324747765208024,13.850724274725113,13.324747765208024,13.587735067555721,5.485107406381873,580700,7.179359
2746,1991-01-25,13.587735067555721,13.850724274725113,13.587735067555721,13.67539877155275,5.520495183811293,383700,7.179359
2747,1991-01-28,13.67539877155275,13.850724274725113,13.67539877155275,13.67539877155275,5.520495183811293,108800,7.409466
2748,1991-01-29,13.67539877155275,14.3767007842422,13.67539877155275,14.11371157707281,5.697434070958395,361900,7.547530999999999
2749,1991-01-30,14.11371157707281,14.464364488239228,14.11371157707281,14.3767007842422,5.803597403246657,534300,7.409466
2750,1991-01-31,14.289038985066867,14.3767007842422,14.11371157707281,14.11371157707281,5.697434070958395,280700,7.501510000000001
2751,1991-02-01,14.092771352181007,14.267838630489614,14.092771352181007,14.267838630489614,5.75964954930267,90800,7.685596
2752,1991-02-04,14.092771352181007,14.617969383115726,14.005239615022253,14.617969383115726,5.900990642537091,291100,7.961725
2753,1991-02-05,14.530435743961425,15.143165512054896,14.530435743961425,15.143165512054896,6.113004184384273,950800,7.915703
2754,1991-02-06,14.96810013574184,15.230699151209198,14.96810013574184,15.055631872900593,6.077670813071217,569800,7.961725
2755,1991-02-07,15.143165512054896,15.230699151209198,14.96810013574184,15.143165512054896,6.113004184384273,608400,7.869682000000001
2756,1991-02-08,15.055631872900593,15.055631872900593,14.96810013574184,14.96810013574184,6.042329833775963,185400,8.007747
2757,1991-02-11,15.055631872900593,15.230699151209198,14.96810013574184,15.230699151209198,6.14833755569733,162200,8.007747
2758,1991-02-12,15.143165512054896,15.318230888367951,15.143165512054896,15.230699151209198,6.14833755569733,171800,8.145811
2759,1991-02-13,15.143165512054896,15.580829903835312,15.143165512054896,15.493296264681009,6.2543433756231455,418700,8.099789999999999
2760,1991-02-14,15.493296264681009,15.75589337815282,15.318230888367951,15.405764527522251,6.21900810231454,519500,8.191833
2761,1991-02-15,15.405764527522251,15.580829903835312,15.405764527522251,15.580829903835312,6.2896805509273,255300,8.145811
2762,1991-02-19,15.493296264681009,15.580829903835312,15.405764527522251,15.493296264681009,6.2543433756231455,280700,8.145811
2763,1991-02-20,15.668361640994062,15.668361640994062,15.405764527522251,15.493296264681009,6.2543433756231455,308600,8.237853999999999
2764,1991-02-21,15.493296264681009,15.668361640994062,15.493296264681009,15.668361640994062,6.325015824235904,254800,8.237853999999999
2765,1991-02-22,15.493296264681009,15.75589337815282,15.493296264681009,15.668361640994062,6.325015824235904,145900,8.329897
2766,1991-02-25,15.843427017307121,16.018492393620175,15.75589337815282,15.843427017307121,6.395682566862017,328800,8.283875
2767,1991-02-26,15.843427017307121,15.930958754465872,15.75589337815282,15.75589337815282,6.360351097544511,402700,8.283875
2768,1991-02-27,15.75589337815282,15.930958754465872,15.75589337815282,15.75589337815282,6.360351097544511,40900,8.329897
2769,1991-02-28,15.75589337815282,16.018492393620175,15.75589337815282,15.843427017307121,6.395682566862017,387400,8.283875
2770,1991-03-01,15.994761293777776,15.994761293777776,15.732551313888889,15.732551313888889,6.350928355177778,196700,8.329897
2771,1991-03-04,15.732551313888889,15.994761293777776,15.732551313888889,15.81995527357778,6.386207481577777,149800,8.467961
2772,1991-03-05,15.907357334088886,16.169567313977776,15.907357334088886,16.08216335428889,6.492058155022222,346900,8.513983
2773,1991-03-06,16.169567313977776,16.256971273666668,15.994761293777776,16.169567313977776,6.5273391806,449800,8.467961
2774,1991-03-07,15.994761293777776,16.169567313977776,15.994761293777776,16.08216335428889,6.492058155022222,161400,8.467961
2775,1991-03-08,16.08216335428889,16.169567313977776,16.08216335428889,16.08216335428889,6.492058155022222,99500,8.467961
2776,1991-03-11,16.08216335428889,16.169567313977776,16.08216335428889,16.08216335428889,6.560515917200001,154800,8.513983
2777,1991-03-12,16.08216335428889,16.169567313977776,16.08216335428889,16.169567313977776,6.596169181622223,104400,8.375917999999999
2778,1991-03-13,16.08216335428889,16.08216335428889,15.907357334088886,15.907357334088886,6.489207489177779,162200,8.467961
2779,1991-03-14,15.907357334088886,16.169567313977776,15.907357334088886,16.08216335428889,6.560515917200001,103200,8.283875
2780,1991-03-15,15.907357334088886,15.907357334088886,15.645149253377777,15.732551313888889,6.417897161977778,213000,8.053768
2781,1991-03-18,15.557747192866668,15.732551313888889,15.208135152466669,15.295537212977779,6.239623243155555,123400,8.007747
2782,1991-03-19,15.033327233088889,15.295537212977779,15.033327233088889,15.208135152466669,6.203966180377779,163900,7.961725
2783,1991-03-20,15.295537212977779,15.382941172666666,15.120731192777779,15.120731192777779,6.1683110167777775,78200,8.007747
2784,1991-03-21,15.295537212977779,15.382941172666666,15.208135152466669,15.208135152466669,6.203966180377779,102400,8.099789999999999
2785,1991-03-22,15.382941172666666,15.382941172666666,15.208135152466669,15.382941172666666,6.275276507577778,107100,8.099789999999999
2786,1991-03-25,15.208135152466669,15.382941172666666,15.208135152466669,15.382941172666666,6.275276507577778,43400,8.237853999999999
2787,1991-03-26,15.382941172666666,15.81995527357778,15.382941172666666,15.645149253377777,6.382240099200001,233000,8.467961
2788,1991-03-27,15.732551313888889,16.08216335428889,15.732551313888889,16.08216335428889,6.560515917200001,321400,8.652047999999999
2789,1991-03-28,15.907357334088886,16.519181253555555,15.907357334088886,16.431777293866663,6.703136571600001,432800,8.836134
2790,1991-04-01,16.32019716348373,16.756564793831362,16.32019716348373,16.756564793831362,6.835626573461538,274500,8.69807
2791,1991-04-02,16.494744594896453,16.756564793831362,16.494744594896453,16.494744594896453,6.728821212004438,211100,8.69807
2792,1991-04-03,16.582017362418643,16.669290129940826,16.494744594896453,16.494744594896453,6.728821212004438,243900,8.42194
2793,1991-04-04,16.582017362418643,16.582017362418643,15.971100404289942,15.971100404289942,6.515208592721894,398000,8.560005
2794,1991-04-05,16.145647835702665,16.232922499593197,15.622005541464496,16.232922499593197,6.6220158505473385,174300,8.606027000000001
2795,1991-04-08,16.058373171812132,16.32019716348373,16.058373171812132,16.32019716348373,6.6576182698224855,218000,8.606027000000001
2796,1991-04-09,16.494744594896453,16.582017362418643,16.32019716348373,16.32019716348373,6.6576182698224855,182700,8.652047999999999
2797,1991-04-10,16.32019716348373,16.494744594896453,16.32019716348373,16.407469931005917,6.693220689097634,74000,8.652047999999999
2798,1991-04-11,16.407469931005917,16.669290129940826,16.407469931005917,16.407469931005917,6.693220689097634,98700,8.836134
2799,1991-04-12,16.494744594896453,16.843837561353553,16.494744594896453,16.756564793831362,6.835626573461538,128100,9.158284
2800,1991-04-15,16.756564793831362,17.367479855591718,16.756564793831362,17.367479855591718,7.084845404755917,604700,9.342371
2801,1991-04-16,17.192932424178995,17.978396813720416,17.192932424178995,17.716576614785506,7.227253185488165,522900,9.342371
2802,1991-04-17,17.716576614785506,17.978396813720416,17.716576614785506,17.716576614785506,7.227253185488165,141700,9.250328
2803,1991-04-18,17.716576614785506,17.716576614785506,17.542029183372783,17.542029183372783,7.156048346937871,360500,9.158284
2804,1991-04-19,17.454756415850593,17.542029183372783,17.280207088069528,17.367479855591718,7.084845404755917,216500,8.974198
2805,1991-04-22,17.280207088069528,17.280207088069528,17.018384992766276,17.018384992766276,6.942435727655326,61400,9.158284
2806,1991-04-23,17.105659656656808,17.367479855591718,17.105659656656808,17.367479855591718,7.084845404755917,174300,9.29635
2807,1991-04-24,17.192932424178995,17.716576614785506,17.192932424178995,17.629303847263316,7.191646973476332,242400,9.388392
2808,1991-04-25,17.629303847263316,17.978396813720416,17.629303847263316,17.803849382307696,7.262849915658286,280200,9.434414
2809,1991-04-26,17.716576614785506,18.15294424513314,17.716576614785506,17.891124046198225,7.298458024038463,351300,9.250328
2810,1991-04-29,17.978396813720416,18.24021890902367,17.542029183372783,17.542029183372783,7.156048346937871,260200,9.250328
2811,1991-04-30,17.367479855591718,17.803849382307696,17.367479855591718,17.542029183372783,7.156048346937871,300200,9.526457
2812,1991-05-01,17.49028278460177,18.012380411305312,17.49028278460177,18.012380411305312,7.347925334889381,331300,9.434414
2813,1991-05-02,18.012380411305312,18.186412953539822,17.838347869070798,17.838347869070798,7.276928649336284,89100,9.388392
2814,1991-05-03,17.838347869070798,18.012380411305312,17.664315326836288,17.751330652566374,7.241425579623895,283200,9.434414
2815,1991-05-06,17.925363194800887,17.925363194800887,17.664315326836288,17.838347869070798,7.276928649336284,114500,9.29635
2816,1991-05-07,17.751330652566374,17.925363194800887,17.577300001106195,17.577300001106195,7.17043267561947,190800,9.342371
2817,1991-05-08,17.838347869070798,17.838347869070798,17.577300001106195,17.664315326836288,7.2059338545575224,617000,9.388392
2818,1991-05-09,17.664315326836288,17.838347869070798,17.664315326836288,17.751330652566374,7.241425579623895,281400,9.388392
2819,1991-05-10,17.838347869070798,17.838347869070798,17.751330652566374,17.751330652566374,7.241425579623895,230300,9.388392
2820,1991-05-13,17.751330652566374,17.838347869070798,17.577300001106195,17.751330652566374,7.241425579623895,254500,9.250328
2821,1991-05-14,17.577300001106195,17.838347869070798,17.40326745887168,17.49028278460177,7.134939059778762,174800,9.158284
2822,1991-05-15,17.49028278460177,17.577300001106195,17.229233025862836,17.31624835159292,7.063946155774337,70100,9.204307
2823,1991-05-16,17.229233025862836,17.49028278460177,17.229233025862836,17.40326745887168,7.0994435531637174,93000,9.204307
2824,1991-05-17,17.31624835159292,17.49028278460177,17.31624835159292,17.40326745887168,7.0994435531637174,139200,9.112263
2825,1991-05-20,17.49028278460177,17.49028278460177,17.229233025862836,17.229233025862836,7.0284468676106195,229100,9.02022
2826,1991-05-21,17.229233025862836,17.40326745887168,17.055200483628322,17.055200483628322,6.957452072831858,164400,9.02022
2827,1991-05-22,17.055200483628322,17.229233025862836,17.055200483628322,17.055200483628322,6.957452072831858,56000,9.02022
2828,1991-05-23,17.055200483628322,17.229233025862836,17.055200483628322,17.055200483628322,6.957452072831858,346600,9.112263
2829,1991-05-24,17.055200483628322,17.229233025862836,17.055200483628322,17.229233025862836,7.0284468676106195,43400,9.158284
2830,1991-05-28,17.055200483628322,17.49028278460177,17.055200483628322,17.31624835159292,7.063946155774337,331600,9.158284
2831,1991-05-29,17.40326745887168,17.40326745887168,17.31624835159292,17.31624835159292,7.063946155774337,68600,9.158284
2832,1991-05-30,17.40326745887168,17.40326745887168,17.31624835159292,17.31624835159292,7.063946155774337,273500,9.158284
2833,1991-05-31,17.40326745887168,17.40326745887168,17.229233025862836,17.31624835159292,7.063946155774337,460200,9.066241
2834,1991-06-03,17.35208137811029,17.35208137811029,17.091797527566175,17.091797527566175,6.972385742205883,142900,9.112263
2835,1991-06-04,17.091797527566175,17.265318209382354,17.005038129264708,17.178558811080883,7.007774965058824,199700,9.250328
2836,1991-06-05,17.091797527566175,17.438840776411766,17.091797527566175,17.438840776411766,7.11395394489706,371100,9.342371
2837,1991-06-06,17.35208137811029,17.69912085652941,17.35208137811029,17.61236145822794,7.184739931455882,215800,9.710543
2838,1991-06-07,17.438840776411766,18.393203583794115,17.35208137811029,18.306444185492644,7.467881992477941,671800,9.526457
2839,1991-06-10,18.046162220161765,18.219682901977944,17.78588214004412,17.959402821860298,7.393589509301471,386600,9.434414
2840,1991-06-11,17.78588214004412,18.046162220161765,17.78588214004412,17.78588214004412,7.32215312417647,152800,9.434414
2841,1991-06-12,17.78588214004412,17.959402821860298,17.69912085652941,17.78588214004412,7.32215312417647,227600,9.434414
2842,1991-06-13,17.69912085652941,17.87264153834559,17.69912085652941,17.78588214004412,7.32215312417647,148800,9.434414
2843,1991-06-14,18.046162220161765,18.046162220161765,17.78588214004412,17.78588214004412,7.32215312417647,95000,9.434414
2844,1991-06-17,17.78588214004412,17.959402821860298,17.78588214004412,17.78588214004412,7.32215312417647,101700,9.526457
2845,1991-06-18,17.959402821860298,17.959402821860298,17.78588214004412,17.959402821860298,7.393589509301471,102700,9.388392
2846,1991-06-19,17.78588214004412,17.959402821860298,17.69912085652941,17.69912085652941,7.286426448154413,66900,9.29635
2847,1991-06-20,17.69912085652941,17.69912085652941,17.438840776411766,17.525602059926474,7.2149976038823525,91300,9.158284
2848,1991-06-21,17.525602059926474,17.525602059926474,17.265318209382354,17.265318209382354,7.107845854014706,90800,9.02022
2849,1991-06-24,17.438840776411766,17.438840776411766,16.83151744744853,17.005038129264708,7.000692218933823,85100,8.882155000000001
2850,1991-06-25,16.83151744744853,17.005038129264708,16.65799676563235,16.74475616393383,6.893540469066178,270600,8.928177
2851,1991-06-26,16.65799676563235,17.005038129264708,16.310955401999998,16.83151744744853,6.929255833808824,417200,9.02022
2852,1991-06-27,16.83151744744853,17.005038129264708,16.74475616393383,17.005038129264708,7.000692218933823,87400,8.928177
2853,1991-06-28,16.74475616393383,16.91827684575,16.65799676563235,16.83151744744853,6.929255833808824,124400,8.928177
2854,1991-07-01,16.80680156279736,16.980067441850224,16.633535683744494,16.80680156279736,6.919080715110133,110800,9.066241
2855,1991-07-02,16.980067441850224,17.06669944015419,16.80680156279736,17.06669944015419,7.02608076759912,672800,9.02022
2856,1991-07-03,17.06669944015419,17.06669944015419,16.80680156279736,16.980067441850224,6.99041220099119,254000,9.02022
2857,1991-07-05,17.153333320903084,17.153333320903084,16.980067441850224,16.980067441850224,6.99041220099119,253800,9.02022
2858,1991-07-08,16.980067441850224,17.06669944015419,16.980067441850224,16.980067441850224,6.99041220099119,264400,8.974198
2859,1991-07-09,16.980067441850224,17.06669944015419,16.89343356110132,16.89343356110132,6.954747399273129,136200,8.974198
2860,1991-07-10,16.89343356110132,17.06669944015419,16.89343356110132,16.89343356110132,6.954747399273129,44900,9.02022
2861,1991-07-11,16.89343356110132,17.153333320903084,16.89343356110132,16.980067441850224,6.99041220099119,122400,8.974198
2862,1991-07-12,17.06669944015419,17.06669944015419,16.89343356110132,16.89343356110132,6.954747399273129,46900,9.434414
2863,1991-07-15,16.980067441850224,17.759764838810575,16.89343356110132,17.759764838810575,7.311401063788547,254800,9.572478
2864,1991-07-16,17.673130958061673,18.192928595220266,17.673130958061673,18.019662716167403,7.418393586497798,307400,9.664521
2865,1991-07-17,18.019662716167403,18.36619447427313,18.019662716167403,18.192928595220266,7.489728837268722,171300,9.756564
2866,1991-07-18,18.1062965969163,18.539462235770927,18.1062965969163,18.36619447427313,7.561056558259913,113500,9.710543
2867,1991-07-19,18.452828355022028,18.539462235770927,18.192928595220266,18.279562475969165,7.525389874096917,171100,9.802586
2868,1991-07-22,18.192928595220266,18.626094234074895,18.1062965969163,18.452828355022028,7.596725124867842,430300,9.894629
2869,1991-07-23,18.712728114823786,18.885993993876657,18.626094234074895,18.626094234074895,7.668052845859032,175800,9.6185
2870,1991-07-24,18.626094234074895,18.885993993876657,18.019662716167403,18.1062965969163,7.454062153105728,210800,9.480435
2871,1991-07-25,17.93303071786344,18.019662716167403,17.759764838810575,17.84639683711454,7.347065865506608,140400,9.480435
2872,1991-07-26,17.93303071786344,17.93303071786344,17.673130958061673,17.84639683711454,7.347065865506608,141200,9.480435
2873,1991-07-29,17.673130958061673,17.84639683711454,17.673130958061673,17.84639683711454,7.347065865506608,655500,9.572478
2874,1991-07-30,17.759764838810575,18.1062965969163,17.759764838810575,18.019662716167403,7.418393586497798,618500,9.664521
2875,1991-07-31,17.84639683711454,18.36619447427313,17.84639683711454,18.192928595220266,7.489728837268722,533500,9.756564
2876,1991-08-01,18.312413524128843,18.485173912972183,18.139655012218157,18.312413524128843,7.538915836273793,509300,9.894629
2877,1991-08-02,18.312413524128843,18.74431074237189,18.312413524128843,18.571552230461204,7.645598811171304,351300,9.940650999999999
2878,1991-08-05,18.74431074237189,18.830690936793562,18.571552230461204,18.65793242488287,7.681159177159589,490100,10.124737
2879,1991-08-06,18.74431074237189,19.089827766193263,18.65793242488287,19.003449448704245,7.823404394978039,474300,9.986672
2880,1991-08-07,18.65793242488287,18.830690936793562,18.571552230461204,18.74431074237189,7.716719543147878,667600,10.032694000000001
2881,1991-08-08,18.74431074237189,19.003449448704245,18.571552230461204,18.830690936793562,7.752283663001465,192800,10.124737
2882,1991-08-09,18.830690936793562,19.17620796061494,18.830690936793562,19.003449448704245,7.823404394978039,145900,10.124737
2883,1991-08-12,19.17620796061494,19.262586278103957,19.003449448704245,19.003449448704245,7.823404394978039,47400,10.262801
2884,1991-08-13,19.003449448704245,19.60810330192533,19.003449448704245,19.262586278103957,7.93009112374085,191100,10.124737
2885,1991-08-14,19.348966472525625,19.348966472525625,19.003449448704245,19.003449448704245,7.823404394978039,147400,10.078714999999999
2886,1991-08-15,19.003449448704245,19.089827766193263,18.830690936793562,18.917069254282577,7.787844028989752,179700,9.848608
2887,1991-08-16,19.003449448704245,19.003449448704245,18.312413524128843,18.485173912972183,7.6100421990483165,139200,9.756564
2888,1991-08-19,17.707759670907762,18.312413524128843,17.62137947648609,18.312413524128843,7.538915836273793,167100,9.986672
2889,1991-08-20,18.485173912972183,18.74431074237189,18.312413524128843,18.74431074237189,7.716719543147878,94500,10.308823
2890,1991-08-21,18.917069254282577,19.435344790014643,18.74431074237189,19.348966472525625,7.965649612796487,197000,10.354844
2891,1991-08-22,19.348966472525625,19.52172498443631,19.17620796061494,19.435344790014643,8.001209978784773,139700,10.354844
2892,1991-08-23,19.348966472525625,19.60810330192533,19.262586278103957,19.435344790014643,8.001209978784773,290600,10.308823
2893,1991-08-26,19.60810330192533,19.60810330192533,19.348966472525625,19.348966472525625,7.965649612796487,114800,10.124737
2894,1991-08-27,19.348966472525625,19.348966472525625,19.003449448704245,19.003449448704245,7.823404394978039,62700,10.124737
2895,1991-08-28,19.262586278103957,19.262586278103957,19.003449448704245,19.003449448704245,7.823404394978039,31800,10.124737
2896,1991-08-29,19.262586278103957,19.348966472525625,19.003449448704245,19.003449448704245,7.823404394978039,98000,10.170758
2897,1991-08-30,19.003449448704245,19.089827766193263,18.830690936793562,19.089827766193263,7.858966637898976,162900,10.21678
2898,1991-09-03,18.92034398464286,19.092346992857145,18.92034398464286,19.092346992857145,7.860002833316328,74800,10.124737
2899,1991-09-04,18.92034398464286,19.092346992857145,18.92034398464286,18.92034398464286,7.789191256224491,87400,10.21678
2900,1991-09-05,18.92034398464286,19.178347562602042,18.92034398464286,19.092346992857145,7.860002833316328,162400,10.308823
2901,1991-09-06,19.26435000107143,19.350350570816328,19.178347562602042,19.26435000107143,7.930814410408165,87600,10.354844
2902,1991-09-09,19.26435000107143,19.436353009285718,19.26435000107143,19.350350570816328,8.035092974387757,25100,10.21678
2903,1991-09-10,19.26435000107143,19.350350570816328,19.006344554387756,19.092346992857145,7.927953393214287,342900,10.124737
2904,1991-09-11,19.092346992857145,19.092346992857145,18.92034398464286,18.92034398464286,7.856528874489796,77000,10.124737
2905,1991-09-12,19.178347562602042,19.26435000107143,18.92034398464286,18.92034398464286,7.856528874489796,224400,10.078714999999999
2906,1991-09-13,19.178347562602042,19.178347562602042,18.576337968214286,18.83434154617347,7.820821286938777,199700,9.940650999999999
2907,1991-09-16,18.576337968214286,18.83434154617347,18.576337968214286,18.576337968214286,7.713685443214286,101200,9.802586
2908,1991-09-17,18.404334960000003,18.576337968214286,18.232330083061225,18.318332521530614,7.606555205663265,633300,9.664521
2909,1991-09-18,18.232330083061225,18.318332521530614,18.060327074846942,18.060327074846942,7.499419361938776,84400,9.894629
2910,1991-09-19,18.232330083061225,18.4903355297449,18.060327074846942,18.4903355297449,7.677975986938777,579000,9.986672
2911,1991-09-20,18.576337968214286,18.662338537959187,18.4903355297449,18.662338537959187,7.7493986369387775,118200,10.124737
2912,1991-09-23,18.748340976428576,19.006344554387756,18.576337968214286,18.92034398464286,7.856528874489796,95500,10.21678
2913,1991-09-24,18.92034398464286,19.092346992857145,18.92034398464286,19.092346992857145,7.927953393214287,25400,10.262801
2914,1991-09-25,19.006344554387756,19.178347562602042,18.92034398464286,19.178347562602042,7.963668455663266,85100,10.308823
2915,1991-09-26,19.178347562602042,19.26435000107143,19.006344554387756,19.26435000107143,7.999377911938778,154300,10.262801
2916,1991-09-27,19.178347562602042,19.350350570816328,19.178347562602042,19.178347562602042,7.963668455663266,70100,10.446887
2917,1991-09-30,19.092346992857145,19.522353579030614,19.092346992857145,19.522353579030614,8.106510018214289,166900,10.769038
2918,1991-10-01,19.493936761593886,20.180949187336246,19.408061374628822,20.095071934366814,8.344327419344978,500500,10.584952000000001
2919,1991-10-02,20.26682457430131,20.26682457430131,19.751566654497818,19.751566654497818,8.201690045545853,200400,10.538931
2920,1991-10-03,19.837443907467247,19.837443907467247,19.493936761593886,19.66569126753275,8.166032568100436,222700,10.446887
2921,1991-10-04,19.493936761593886,19.66569126753275,19.493936761593886,19.493936761593886,8.09471014919214,53300,10.354844
2922,1991-10-07,19.493936761593886,19.57981401456332,19.32218412165939,19.32218412165939,8.023397060305676,154300,10.262801
2923,1991-10-08,19.236308734694326,19.408061374628822,19.15043148172489,19.15043148172489,7.952076507401746,117700,10.124737
2924,1991-10-09,19.15043148172489,19.236308734694326,18.892803454825327,18.892803454825327,7.8450928790393,283400,10.032694000000001
2925,1991-10-10,18.892803454825327,18.892803454825327,18.377545535021834,18.72105081489083,7.773774192139739,197200,9.986672
2926,1991-10-11,18.892803454825327,18.892803454825327,18.4634209219869,18.6351735619214,7.73811858069869,87400,9.986672
2927,1991-10-14,18.4634209219869,18.6351735619214,18.377545535021834,18.6351735619214,7.73811858069869,99700,10.308823
2928,1991-10-15,18.54929817495633,19.32218412165939,18.54929817495633,19.236308734694326,7.9877339848471625,347900,10.538931
2929,1991-10-16,19.236308734694326,19.66569126753275,19.236308734694326,19.66569126753275,8.166032568100436,164200,10.354844
2930,1991-10-17,19.408061374628822,19.493936761593886,19.32218412165939,19.32218412165939,8.023397060305676,49300,10.446887
2931,1991-10-18,19.32218412165939,19.493936761593886,19.32218412165939,19.493936761593886,8.09471014919214,180000,10.354844
2932,1991-10-21,19.493936761593886,19.493936761593886,19.32218412165939,19.32218412165939,8.023397060305676,65900,10.308823
2933,1991-10-22,19.408061374628822,19.493936761593886,19.236308734694326,19.236308734694326,7.9877339848471625,187900,10.354844
2934,1991-10-23,19.236308734694326,20.095071934366814,19.064556094759826,19.32218412165939,8.023397060305676,327900,10.21678
2935,1991-10-24,19.064556094759826,19.32218412165939,19.064556094759826,19.064556094759826,7.916413431943232,130300,10.21678
2936,1991-10-25,19.236308734694326,19.236308734694326,19.064556094759826,19.064556094759826,7.916413431943232,191300,10.124737
2937,1991-10-28,19.15043148172489,19.15043148172489,18.892803454825327,18.892803454825327,7.8450928790393,88800,10.170758
2938,1991-10-29,18.892803454825327,19.064556094759826,18.892803454825327,18.97867884179039,7.8807559544978165,42200,10.170758
2939,1991-10-30,19.064556094759826,19.064556094759826,18.892803454825327,18.97867884179039,7.8807559544978165,131600,10.354844
2940,1991-10-31,19.064556094759826,19.32218412165939,18.97867884179039,19.32218412165939,8.023397060305676,194300,10.492909
2941,1991-11-01,19.35172447658926,19.522978560239476,19.180470392939043,19.522978560239476,8.10677272182148,147100,10.538931
2942,1991-11-04,19.60860653235849,19.60860653235849,19.437350588120463,19.60860653235849,8.142328554840347,43700,10.723017
2943,1991-11-05,19.522978560239476,19.951114699658923,19.522978560239476,19.951114699658923,8.284550026328011,111300,10.630974
2944,1991-11-06,19.77986061600871,19.951114699658923,19.77986061600871,19.77986061600871,8.213440220878084,87100,10.676995
2945,1991-11-07,19.77986061600871,19.951114699658923,19.77986061600871,19.86548672753991,8.248994193309144,174800,10.723017
2946,1991-11-08,19.77986061600871,20.036740811190132,19.77986061600871,19.951114699658923,8.284550026328011,114000,10.723017
2947,1991-11-11,19.86548672753991,20.036740811190132,19.86548672753991,19.951114699658923,8.284550026328011,31800,10.723017
2948,1991-11-12,20.122368783309145,20.122368783309145,19.77986061600871,19.951114699658923,8.284550026328011,49300,10.538931
2949,1991-11-13,19.77986061600871,19.86548672753991,19.60860653235849,19.60860653235849,8.142328554840347,96700,10.538931
2950,1991-11-14,19.694232643889695,19.694232643889695,19.522978560239476,19.60860653235849,8.142328554840347,53300,10.308823
2951,1991-11-15,19.522978560239476,19.522978560239476,19.094842420820026,19.180470392939043,7.9645475291582,130800,10.262801
2952,1991-11-18,19.00921630928882,19.094842420820026,18.837962225638606,19.094842420820026,7.92899355672714,35800,10.032694000000001
2953,1991-11-19,18.837962225638606,19.00921630928882,18.49545405833817,18.66670814198839,7.751208809869376,218700,10.170758
2954,1991-11-20,18.752334253519592,18.923588337169807,18.752334253519592,18.923588337169807,7.8578800301015965,68300,10.21678
2955,1991-11-21,19.00921630928882,19.180470392939043,19.00921630928882,19.00921630928882,7.893434002532657,110300,10.308823
2956,1991-11-22,19.00921630928882,19.180470392939043,19.00921630928882,19.180470392939043,7.9645475291582,79000,10.21678
2957,1991-11-25,19.00921630928882,19.180470392939043,18.923588337169807,19.00921630928882,7.893434002532657,84600,10.170758
2958,1991-11-26,19.180470392939043,19.180470392939043,18.837962225638606,18.923588337169807,7.8578800301015965,75000,10.124737
2959,1991-11-27,18.752334253519592,19.00921630928882,18.752334253519592,18.837962225638606,7.8223204759071105,70100,10.032694000000001
2960,1991-11-29,18.752334253519592,18.923588337169807,18.66670814198839,18.66670814198839,7.751208809869376,16200,10.124737
2961,1991-12-02,18.6531717328934,18.909865648020304,18.482041836395936,18.824301629390863,7.816648017258882,68300,10.354844
2962,1991-12-03,18.995431525888325,19.252125441015227,18.73873575152284,19.252125441015227,7.994305700406091,172500,10.400866
2963,1991-12-04,19.423255337512693,19.508821215380706,19.252125441015227,19.337691318883248,8.029833890406092,19700,10.354844
2964,1991-12-05,19.508821215380706,19.508821215380706,19.252125441015227,19.252125441015227,7.994305700406091,77200,10.538931
2965,1991-12-06,19.252125441015227,19.679951111878175,19.252125441015227,19.59438709324873,8.136424038121827,116000,10.676995
2966,1991-12-09,19.679951111878175,19.851081008375633,19.508821215380706,19.851081008375633,8.31270774395939,66900,10.630974
2967,1991-12-10,19.765516989746192,19.851081008375633,19.679951111878175,19.765516989746192,8.276876498071065,28100,10.538931
2968,1991-12-11,19.679951111878175,19.679951111878175,19.59438709324873,19.59438709324873,8.205215865532994,28100,10.492909
2969,1991-12-12,19.59438709324873,19.679951111878175,19.337691318883248,19.508821215380706,8.169388338121827,174500,10.446887
2970,1991-12-13,19.337691318883248,19.508821215380706,19.252125441015227,19.423255337512693,8.133553373756346,126900,10.400866
2971,1991-12-16,19.423255337512693,19.508821215380706,19.337691318883248,19.337691318883248,8.097725846345176,48100,10.354844
2972,1991-12-17,19.508821215380706,19.508821215380706,19.16656142238579,19.252125441015227,8.061898318934011,123900,10.308823
2973,1991-12-18,19.252125441015227,19.252125441015227,18.909865648020304,19.16656142238579,8.026063354568528,116700,10.262801
2974,1991-12-19,18.995431525888325,19.16656142238579,18.909865648020304,19.080995544517766,7.990235827157361,203700,10.400866
2975,1991-12-20,18.909865648020304,19.337691318883248,18.909865648020304,19.337691318883248,8.097725846345176,106100,10.492909
2976,1991-12-23,19.337691318883248,19.508821215380706,19.252125441015227,19.508821215380706,8.169388338121827,365600,10.676995
2977,1991-12-24,19.423255337512693,19.936646886243658,19.423255337512693,19.851081008375633,8.31270774395939,220400,10.723017
2978,1991-12-26,19.765516989746192,19.936646886243658,19.765516989746192,19.936646886243658,8.348538989847716,43400,10.676995
2979,1991-12-27,20.0222109048731,20.0222109048731,19.765516989746192,19.851081008375633,8.31270774395939,62400,10.861081
2980,1991-12-30,19.765516989746192,20.364470697868022,19.765516989746192,20.19334080137056,8.456036445989847,256500,10.999146000000001
2981,1991-12-31,20.364470697868022,20.450036575736043,20.19334080137056,20.450036575736043,8.563526465177665,224200,10.861081
2982,1992-01-02,20.164096281745113,20.420420302635776,20.164096281745113,20.164096281745113,8.443790194800869,116700,10.999146000000001
2983,1992-01-03,20.164096281745113,20.420420302635776,20.164096281745113,20.420420302635776,8.551124544156409,131300,10.953124
2984,1992-01-06,20.420420302635776,20.420420302635776,20.249538240890658,20.334978343490228,8.515341476915278,264200,10.861081
2985,1992-01-07,20.249538240890658,20.334978343490228,19.993214220000002,20.164096281745113,8.443790194800869,200400,10.861081
2986,1992-01-08,19.993214220000002,20.164096281745113,19.993214220000002,20.164096281745113,8.443790194800869,161700,10.953124
2987,1992-01-09,20.164096281745113,20.50586040523534,20.164096281745113,20.334978343490228,8.515341476915278,407400,10.999146000000001
2988,1992-01-10,20.334978343490228,20.676744323526435,20.334978343490228,20.420420302635776,8.551124544156409,190600,11.183232
2989,1992-01-13,20.591300507834905,20.762184426125998,20.420420302635776,20.762184426125998,8.694241960753077,152300,11.367318
2990,1992-01-14,20.591300507834905,21.103948549616224,20.591300507834905,21.103948549616224,8.837351951165823,181900,11.275275
2991,1992-01-15,21.018508447016654,21.189390508761768,20.93306648787111,20.93306648787111,8.76579509941347,277700,11.183232
2992,1992-01-16,20.93306648787111,21.189390508761768,20.676744323526435,20.762184426125998,8.694241960753077,132500,10.769038
2993,1992-01-17,20.762184426125998,20.847626385271543,19.736892055655325,19.993214220000002,8.372227773410573,409600,10.124737
2994,1992-01-20,19.993214220000002,19.993214220000002,18.797039787784215,18.797039787784215,7.871322384960174,341400,9.986672
2995,1992-01-21,18.96792184952933,18.96792184952933,18.369833705148444,18.540715766893555,7.763989892150617,928400,10.124737
2996,1992-01-22,18.540715766893555,18.797039787784215,18.28439360254888,18.797039787784215,7.871322384960174,217500,10.21678
2997,1992-01-23,18.88247989038378,19.13880391127444,18.797039787784215,18.96792184952933,7.942882949804491,572100,10.354844
2998,1992-01-24,19.053361952128892,19.395126075619118,18.88247989038378,19.224244013874006,8.050222868797972,316700,10.354844
2999,1992-01-27,19.224244013874006,19.395126075619118,19.224244013874006,19.224244013874006,8.050222868797972,293500,10.630974
3000,1992-01-28,19.309685973019555,19.822332158254888,19.309685973019555,19.736892055655325,8.26488971096307,170300,10.630974
3001,1992-01-29,19.56600999391021,19.90777411740044,19.56600999391021,19.736892055655325,8.26488971096307,117500,10.676995
3002,1992-01-30,19.822332158254888,19.90777411740044,19.65145009650978,19.822332158254888,8.300669065112238,298000,10.584952000000001
3003,1992-01-31,19.90777411740044,19.90777411740044,19.65145009650978,19.65145009650978,8.229112213359885,93000,10.723017
3004,1992-02-03,19.75082302348485,19.83595675045455,19.580557419393944,19.83595675045455,8.306374651515153,78700,10.723017
3005,1992-02-04,19.75082302348485,19.83595675045455,19.66569114636364,19.83595675045455,8.306374651515153,65400,10.861081
3006,1992-02-05,19.83595675045455,20.261619835757582,19.66569114636364,20.091354231666667,8.41332919121212,153000,10.907103
3007,1992-02-06,20.091354231666667,20.346753562727276,20.006222354545457,20.176487958636365,8.448975771515151,117700,10.953124
3008,1992-02-07,20.006222354545457,20.261619835757582,20.006222354545457,20.261619835757582,8.484622351818183,44400,10.81506
3009,1992-02-10,20.091354231666667,20.261619835757582,20.006222354545457,20.006222354545457,8.377673361666668,79200,10.907103
3010,1992-02-11,20.261619835757582,20.261619835757582,20.006222354545457,20.176487958636365,8.448975771515151,48100,10.81506
3011,1992-02-12,20.176487958636365,20.176487958636365,19.83595675045455,20.006222354545457,8.377673361666668,65600,10.907103
3012,1992-02-13,20.006222354545457,20.176487958636365,20.006222354545457,20.176487958636365,8.448975771515151,282400,10.723017
3013,1992-02-14,19.75082302348485,19.92108862757576,19.66569114636364,19.83595675045455,8.306374651515153,94000,10.21678
3014,1992-02-18,19.410291815303033,19.580557419393944,18.899495003030303,18.899495003030303,7.914228970909092,415800,10.032694000000001
3015,1992-02-19,18.644095671969698,18.984626880151517,18.47383006787879,18.558963794848488,7.771631550606061,853300,10.308823
3016,1992-02-20,18.558963794848488,19.069760607121214,18.558963794848488,19.069760607121214,7.985527681060607,1213100,10.262801
3017,1992-02-21,18.984626880151517,19.240026211212122,18.899495003030303,18.984626880151517,7.949881100757576,213500,10.21678
3018,1992-02-24,18.984626880151517,18.984626880151517,18.644095671969698,18.899495003030303,7.914228970909092,154800,9.986672
3019,1992-02-25,18.729229398939395,18.899495003030303,18.47383006787879,18.47383006787879,7.735981270606061,262200,10.170758
3020,1992-02-26,18.558963794848488,18.899495003030303,18.558963794848488,18.814361276060605,7.878580540757578,265100,10.262801
3021,1992-02-27,18.899495003030303,18.984626880151517,18.814361276060605,18.984626880151517,7.949881100757576,128100,10.124737
3022,1992-02-28,18.814361276060605,18.984626880151517,18.729229398939395,18.729229398939395,7.842926561060606,132500,10.21678
3023,1992-03-02,18.635112668291455,18.889226745075376,18.635112668291455,18.804522666331657,7.874458976080402,120000,10.262801
3024,1992-03-03,18.889226745075376,18.889226745075376,18.719816747035175,18.889226745075376,7.909931949497486,98000,10.124737
3025,1992-03-04,18.889226745075376,18.889226745075376,18.550406748994973,18.635112668291455,7.8035148697989944,293800,9.986672
3026,1992-03-05,18.465702670251257,18.719816747035175,18.380996750954775,18.380996750954775,7.697106992864321,187600,9.986672
3027,1992-03-06,18.465702670251257,18.550406748994973,18.380996750954775,18.380996750954775,7.697106992864321,264200,9.940650999999999
3028,1992-03-09,18.550406748994973,18.550406748994973,18.211586752914574,18.296292672211052,7.732905744120603,62700,9.664521
3029,1992-03-10,18.296292672211052,18.296292672211052,17.703356758793966,17.78806083753769,7.518100352713568,702700,9.848608
3030,1992-03-11,17.78806083753769,18.126882674170854,17.78806083753769,18.126882674170854,7.661304560502512,759000,9.756564
3031,1992-03-12,18.126882674170854,18.126882674170854,17.872766756834167,17.957470835577887,7.589701536331657,909400,9.940650999999999
3032,1992-03-13,18.04217675487437,18.296292672211052,17.957470835577887,18.296292672211052,7.732905744120603,274300,10.078714999999999
3033,1992-03-16,18.296292672211052,18.550406748994973,18.126882674170854,18.550406748994973,7.840305678994973,561000,10.262801
3034,1992-03-17,18.635112668291455,18.97393266437186,18.465702670251257,18.889226745075376,7.98350988678392,738700,10.354844
3035,1992-03-18,18.97393266437186,19.14334266241206,18.804522666331657,19.058636743115578,8.055109229849245,501900,10.262801
3036,1992-03-19,18.97393266437186,19.058636743115578,18.889226745075376,18.889226745075376,7.98350988678392,465900,10.124737
3037,1992-03-20,19.058636743115578,19.058636743115578,18.635112668291455,18.635112668291455,7.876106270804019,1037800,10.032694000000001
3038,1992-03-23,18.635112668291455,18.804522666331657,18.296292672211052,18.465702670251257,7.804506927738692,196300,9.986672
3039,1992-03-24,18.380996750954775,18.465702670251257,18.296292672211052,18.380996750954775,7.768700814271356,192300,10.21678
3040,1992-03-25,18.465702670251257,18.804522666331657,18.380996750954775,18.804522666331657,7.94770745442211,240900,10.400866
3041,1992-03-26,18.804522666331657,19.14334266241206,18.719816747035175,19.14334266241206,8.090909821658292,443400,10.630974
3042,1992-03-27,19.22804674115578,19.566868577788945,19.058636743115578,19.566868577788945,8.269912780703518,142700,10.630974
3043,1992-03-30,19.397458579748744,19.736278575829147,19.397458579748744,19.566868577788945,8.269912780703518,401400,10.584952000000001
3044,1992-03-31,19.482162658492467,19.736278575829147,19.482162658492467,19.482162658492467,8.234108507788946,90300,10.676995
3045,1992-04-01,19.369648603290322,19.707982835935486,19.369648603290322,19.623398358817205,8.293803701806452,205600,10.630974
3046,1992-04-02,19.707982835935486,19.707982835935486,19.454231242494625,19.538815719612906,8.25805627492473,669400,10.584952000000001
3047,1992-04-03,19.538815719612906,19.707982835935486,19.285064126172045,19.454231242494625,8.222303334301078,269800,10.676995
3048,1992-04-06,19.454231242494625,19.707982835935486,19.454231242494625,19.623398358817205,8.293803701806452,171600,10.630974
3049,1992-04-07,19.707982835935486,19.707982835935486,19.454231242494625,19.538815719612906,8.25805627492473,414000,10.308823
3050,1992-04-08,19.369648603290322,19.369648603290322,18.946729893526886,18.946729893526886,8.007813259268817,175500,10.446887
3051,1992-04-09,18.946729893526886,19.200479649053765,18.692978300086022,19.200479649053765,8.115059215741935,252800,10.584952000000001
3052,1992-04-10,19.115897009849466,19.538815719612906,18.777562777204302,19.454231242494625,8.222303334301078,199200,10.723017
3053,1992-04-13,19.538815719612906,19.707982835935486,19.369648603290322,19.707982835935486,8.329549290774194,111300,10.953124
3054,1992-04-14,19.792565475139785,20.13089970778495,19.623398358817205,20.13089970778495,8.508301128494624,117500,11.275275
3055,1992-04-15,20.13089970778495,20.72298553387097,20.04631706858064,20.72298553387097,8.758538630408603,372100,11.275275
3056,1992-04-16,20.638402894666665,21.31506952204301,20.55381841754839,20.72298553387097,8.758538630408603,243700,10.630974
3057,1992-04-20,20.72298553387097,20.72298553387097,19.538815719612906,19.538815719612906,8.25805627492473,409100,10.723017
3058,1992-04-21,19.707982835935486,19.707982835935486,19.538815719612906,19.707982835935486,8.329549290774194,345900,10.630974
3059,1992-04-22,19.792565475139785,19.792565475139785,19.538815719612906,19.538815719612906,8.25805627492473,95300,10.676995
3060,1992-04-23,19.707982835935486,19.707982835935486,19.623398358817205,19.623398358817205,8.293803701806452,76200,10.723017
3061,1992-04-24,19.707982835935486,19.707982835935486,19.538815719612906,19.707982835935486,8.329549290774194,21900,10.723017
3062,1992-04-27,19.707982835935486,19.707982835935486,19.538815719612906,19.707982835935486,8.329549290774194,162900,10.723017
3063,1992-04-28,19.538815719612906,19.707982835935486,19.538815719612906,19.707982835935486,8.329549290774194,82200,11.045167
3064,1992-04-29,19.877149952258065,20.300066824107528,19.707982835935486,20.300066824107528,8.579795982258064,216700,11.275275
3065,1992-04-30,20.469235778344085,21.061319766516128,20.38464946331183,20.72298553387097,8.758538630408603,219200,11.137211
3066,1992-05-01,20.693317694881895,20.77778107754474,20.43993121745884,20.43993121745884,8.638912649828203,96700,11.275275
3067,1992-05-04,20.43993121745884,20.77778107754474,20.43993121745884,20.693317694881895,8.74599956293486,128800,11.275275
3068,1992-05-05,20.693317694881895,20.86224262492484,20.693317694881895,20.693317694881895,8.74599956293486,209300,11.41334
3069,1992-05-06,20.86224262492484,20.94670600758769,20.693317694881895,20.94670600758769,8.853097487738012,823400,11.137211
3070,1992-05-07,20.86224262492484,21.03116755496779,20.355465999513246,20.43993121745884,8.638912649828203,384900,11.137211
3071,1992-05-08,20.60885614750179,20.60885614750179,20.355465999513246,20.43993121745884,8.638912649828203,345900,11.091188
3072,1992-05-11,20.60885614750179,20.60885614750179,20.271004452133145,20.355465999513246,8.603210894516824,305600,10.861081
3073,1992-05-12,20.271004452133145,20.524392764838943,19.848693044667147,19.93315459204725,8.424725976635647,234800,10.723017
3074,1992-05-13,19.764229662004297,19.93315459204725,19.25745487187545,19.679768114624196,8.317624381267,336000,10.81506
3075,1992-05-14,20.017617974710095,20.102079522090197,19.679768114624196,19.848693044667147,8.389026056607015,474300,10.999146000000001
3076,1992-05-15,19.848693044667147,20.271004452133145,19.595304731961345,20.186542904753047,8.5318202308733,258700,11.183232
3077,1992-05-18,20.271004452133145,20.524392764838943,20.102079522090197,20.524392764838943,8.674610734574088,153500,11.597425
3078,1992-05-19,20.60885614750179,21.284554032390837,20.524392764838943,21.284554032390837,8.995893497287046,299200,11.643447
3079,1992-05-20,21.284554032390837,21.537944180379384,21.20009248501074,21.369017415053687,9.031587911467433,348600,11.643447
3080,1992-05-21,21.453478962433792,21.453478962433792,21.20009248501074,21.369017415053687,9.031587911467433,141200,11.551404
3081,1992-05-22,21.369017415053687,21.369017415053687,21.20009248501074,21.20009248501074,8.960193577258412,172800,11.41334
3082,1992-05-26,21.369017415053687,21.369017415053687,20.94670600758769,20.94670600758769,8.853097487738012,225400,11.505383
3083,1992-05-27,20.94670600758769,21.11563093763064,20.86224262492484,21.11563093763064,8.924495492512527,110100,11.551404
3084,1992-05-28,20.94670600758769,21.20009248501074,20.94670600758769,21.20009248501074,8.960193577258412,159500,11.781512
3085,1992-05-29,21.03116755496779,21.70686911042234,21.03116755496779,21.62240572775949,9.138680330422336,272500,11.781512
3086,1992-06-01,21.376968695092728,21.713615498537802,21.208646207738948,21.545293011184025,9.106088745791729,337700,12.057641
3087,1992-06-02,21.797777656583456,22.218582960599147,21.713615498537802,22.050260473245366,9.319515215285307,133500,12.057641
3088,1992-06-03,22.050260473245366,22.050260473245366,21.881937985891586,22.050260473245366,9.319515215285307,661900,11.965598
3089,1992-06-04,22.050260473245366,22.050260473245366,21.797777656583456,21.881937985891586,9.248370010891584,283400,11.965598
3090,1992-06-05,21.966100143937233,21.966100143937233,21.545293011184025,21.881937985891586,9.248370010891584,472100,11.919577
3091,1992-06-08,21.797777656583456,21.881937985891586,21.713615498537802,21.797777656583456,9.212802894907277,237700,11.827534
3092,1992-06-09,21.629455169229676,21.881937985891586,21.545293011184025,21.629455169229676,9.212801066169757,501700,11.827534
3093,1992-06-10,21.797777656583456,21.797777656583456,21.629455169229676,21.629455169229676,9.212801066169757,72100,11.827534
3094,1992-06-11,21.713615498537802,21.797777656583456,21.629455169229676,21.629455169229676,9.212801066169757,393000,11.965598
3095,1992-06-12,21.629455169229676,21.966100143937233,21.629455169229676,21.881937985891586,9.320341804643368,320700,11.965598
3096,1992-06-15,21.797777656583456,22.134420802553496,21.797777656583456,21.881937985891586,9.320341804643368,207600,12.011619999999999
3097,1992-06-16,22.050260473245366,22.134420802553496,21.881937985891586,21.966100143937233,9.356186888730386,62700,11.873555
3098,1992-06-17,21.966100143937233,22.050260473245366,21.629455169229676,21.713615498537802,9.248649807731812,155000,11.367318
3099,1992-06-18,21.545293011184025,21.629455169229676,20.703680574415124,20.787840903723254,8.85432645171184,336700,11.321297
3100,1992-06-19,20.956163391077034,21.040325549122684,20.703680574415124,20.703680574415124,8.81847588141227,278500,11.091188
3101,1992-06-22,20.535358087061343,20.703680574415124,20.030388796262486,20.282871612924396,8.63923948855207,663700,11.091188
3102,1992-06-23,20.367035599707563,20.451195929015693,20.198711283616262,20.282871612924396,8.63923948855207,140700,11.091188
3103,1992-06-24,20.282871612924396,20.451195929015693,20.282871612924396,20.282871612924396,8.63923948855207,250600,11.321297
3104,1992-06-25,20.367035599707563,20.8720030617689,20.367035599707563,20.703680574415124,8.81847588141227,838200,11.367318
3105,1992-06-26,20.703680574415124,20.8720030617689,20.703680574415124,20.787840903723254,8.85432645171184,90100,11.41334
3106,1992-06-29,20.703680574415124,20.956163391077034,20.703680574415124,20.8720030617689,8.890173364536379,209600,11.643447
3107,1992-06-30,21.124485878430818,21.376968695092728,20.8720030617689,21.292808365784595,9.069409757396576,486400,11.781512
3108,1992-07-01,21.33132392207829,21.583271279188615,21.247343294540926,21.499288826818507,9.157355583779358,250800,11.689468
3109,1992-07-02,21.667251906725976,21.751234359096088,21.079380214633453,21.33132392207829,9.085818490697509,438000,11.597425
3110,1992-07-06,21.163360842170817,21.163360842170817,21.079380214633453,21.163360842170817,9.01427592311744,375300,11.781512
3111,1992-07-07,21.33132392207829,21.919197439003558,21.33132392207829,21.499288826818507,9.157355583779358,269100,11.781512
3112,1992-07-08,21.33132392207829,21.499288826818507,21.33132392207829,21.499288826818507,9.157355583779358,89600,12.195705
3113,1992-07-09,21.33132392207829,22.255121773985767,21.33132392207829,22.255121773985767,9.479292575807829,406600,12.195705
3114,1992-07-10,22.003178066540926,22.42308485389324,22.003178066540926,22.255121773985767,9.479292575807829,262200,12.287747999999999
3115,1992-07-13,22.507067306263345,22.507067306263345,22.255121773985767,22.42308485389324,9.55083696822064,419000,12.287747999999999
3116,1992-07-14,22.591049758633453,22.591049758633453,22.255121773985767,22.42308485389324,9.55083696822064,262200,12.195705
3117,1992-07-15,22.42308485389324,22.42308485389324,22.087158694078294,22.255121773985767,9.479292575807829,171100,12.149683999999999
3118,1992-07-16,22.1711411464484,22.1711411464484,21.919197439003558,22.1711411464484,9.443524029266905,177700,12.149683999999999
3119,1992-07-17,22.087158694078294,22.1711411464484,21.919197439003558,22.1711411464484,9.443524029266905,189300,12.195705
3120,1992-07-20,21.835214986633453,22.255121773985767,21.835214986633453,22.255121773985767,9.479292575807829,549800,12.195705
3121,1992-07-21,22.339104226355875,22.339104226355875,22.003178066540926,22.255121773985767,9.479292575807829,128800,11.919577
3122,1992-07-22,22.003178066540926,22.087158694078294,21.583271279188615,21.751234359096088,9.264670347565838,290600,12.011619999999999
3123,1992-07-23,21.583271279188615,21.919197439003558,21.583271279188615,21.919197439003558,9.336209265480427,124400,12.103662
3124,1992-07-24,21.751234359096088,22.087158694078294,21.751234359096088,22.087158694078294,9.407753657893238,87400,12.195705
3125,1992-07-27,22.003178066540926,22.339104226355875,21.835214986633453,22.255121773985767,9.479292575807829,391300,12.425814
3126,1992-07-28,22.1711411464484,22.67503221100356,22.1711411464484,22.67503221100356,9.658148082341636,862700,12.471835
3127,1992-07-29,22.591049758633453,22.75901283854093,22.591049758633453,22.75901283854093,9.693922103380782,345900,12.241727000000001
3128,1992-07-30,22.67503221100356,22.75901283854093,22.255121773985767,22.339104226355875,9.515068421679716,362900,12.241727000000001
3129,1992-07-31,22.339104226355875,22.42308485389324,22.255121773985767,22.339104226355875,9.515068421679716,104900,12.103662
3130,1992-08-03,22.27568590349894,22.27568590349894,22.02445561758694,22.02445561758694,9.381046053470547,87400,12.057641
3131,1992-08-04,22.108199652775017,22.108199652775017,21.9407134020511,21.9407134020511,9.34537541069553,42400,12.011619999999999
3132,1992-08-05,22.108199652775017,22.108199652775017,21.856971186515256,21.856971186515256,9.309704767920511,36200,11.873555
3133,1992-08-06,21.77322715132718,21.77322715132718,21.605740900603266,21.605740900603266,9.202701937856636,58500,11.827534
3134,1992-08-07,21.605740900603266,21.77322715132718,21.354512434343505,21.521998685067423,9.167031295081618,99700,11.689468
3135,1992-08-10,21.438254649879344,21.438254649879344,21.270766579503192,21.270766579503192,9.060024825713272,43400,11.781512
3136,1992-08-11,21.438254649879344,21.438254649879344,21.270766579503192,21.438254649879344,9.131358832654366,94500,11.781512
3137,1992-08-12,21.270766579503192,21.605740900603266,21.270766579503192,21.438254649879344,9.131358832654366,99500,11.643447
3138,1992-08-13,21.438254649879344,21.605740900603266,20.935795897707596,21.187024363967353,9.024352363286019,189600,11.781512
3139,1992-08-14,20.935795897707596,21.521998685067423,20.935795897707596,21.438254649879344,9.131358832654366,359500,11.919577
3140,1992-08-17,21.521998685067423,21.77322715132718,21.521998685067423,21.68948493579134,9.238368941327183,272100,11.597425
3141,1992-08-18,21.605740900603266,21.68948493579134,21.103280328779274,21.103280328779274,8.988685359815472,257000,11.643447
3142,1992-08-19,21.354512434343505,21.354512434343505,20.935795897707596,21.187024363967353,9.024352363286019,142700,11.643447
3143,1992-08-20,20.935795897707596,21.187024363967353,20.935795897707596,21.187024363967353,9.024352363286019,93300,11.735491
3144,1992-08-21,21.103280328779274,21.354512434343505,21.103280328779274,21.354512434343505,9.095691829183817,73300,11.505383
3145,1992-08-24,21.103280328779274,21.187024363967353,20.852051862519517,20.935795897707596,8.917345893917672,130600,11.183232
3146,1992-08-25,20.852051862519517,20.852051862519517,20.265850894811923,20.349593110347765,8.66766231240596,228600,11.41334
3147,1992-08-26,20.517079361071684,20.768309646983674,20.349593110347765,20.768309646983674,8.846006428019873,90100,11.781512
3148,1992-08-27,20.852051862519517,21.521998685067423,20.768309646983674,21.438254649879344,9.131358832654366,451100,11.735491
3149,1992-08-28,21.521998685067423,21.521998685067423,21.187024363967353,21.354512434343505,9.095691829183817,69300,11.643447
3150,1992-08-31,21.187024363967353,21.270766579503192,20.935795897707596,21.187024363967353,9.024352363286019,208600,11.643447
3151,1992-09-01,21.043539973991507,21.127046941847134,20.960034820636942,21.127046941847134,8.998805718237792,72300,11.689468
3152,1992-09-02,21.127046941847134,21.2105520952017,20.960034820636942,21.2105520952017,9.034377197048832,57200,11.643447
3153,1992-09-03,21.043539973991507,21.2105520952017,21.043539973991507,21.127046941847134,8.998805718237792,44400,11.643447
3154,1992-09-04,21.043539973991507,21.2105520952017,21.043539973991507,21.127046941847134,8.998805718237792,131300,11.505383
3155,1992-09-08,21.043539973991507,21.043539973991507,20.709517546072185,20.876529667282377,8.89210216881104,111300,11.597425
3156,1992-09-09,20.79302269942675,21.043539973991507,20.542505424861993,21.043539973991507,9.035522147218684,223700,11.597425
3157,1992-09-10,21.043539973991507,21.127046941847134,20.79302269942675,21.043539973991507,9.035522147218684,145600,11.689468
3158,1992-09-11,20.960034820636942,21.2105520952017,20.960034820636942,21.2105520952017,9.107233043673036,186900,11.781512
3159,1992-09-14,21.2105520952017,21.37756603091295,21.2105520952017,21.37756603091295,9.178942125626326,150300,11.735491
3160,1992-09-15,21.294060877558383,21.461072998768575,21.127046941847134,21.294060877558383,9.14308577014862,140400,11.551404
3161,1992-09-16,21.127046941847134,21.2105520952017,20.960034820636942,20.960034820636942,8.999660348237791,200200,11.551404
3162,1992-09-17,21.043539973991507,21.127046941847134,20.960034820636942,20.960034820636942,8.999660348237791,235500,11.551404
3163,1992-09-18,21.127046941847134,21.127046941847134,20.960034820636942,20.960034820636942,8.999660348237791,153000,11.551404
3164,1992-09-21,20.960034820636942,21.043539973991507,20.79302269942675,20.960034820636942,8.999660348237791,93300,11.505383
3165,1992-09-22,20.709517546072185,20.960034820636942,20.709517546072185,20.876529667282377,8.963811250764332,31600,11.41334
3166,1992-09-23,20.960034820636942,20.960034820636942,20.626010578216558,20.709517546072185,8.892100354309978,228100,11.321297
3167,1992-09-24,20.876529667282377,20.876529667282377,20.542505424861993,20.542505424861993,8.820385828853503,310800,11.41334
3168,1992-09-25,20.709517546072185,20.709517546072185,20.542505424861993,20.709517546072185,8.892100354309978,81400,11.367318
3169,1992-09-28,20.45899845700637,20.626010578216558,20.45899845700637,20.626010578216558,8.856245813333334,46600,11.367318
3170,1992-09-29,20.45899845700637,20.626010578216558,20.45899845700637,20.626010578216558,8.856245813333334,66400,11.505383
3171,1992-09-30,20.626010578216558,20.876529667282377,20.45899845700637,20.876529667282377,8.963811250764332,227400,11.643447
3172,1992-10-01,20.969338493124116,21.052551007637515,20.802917080303242,21.052551007637515,9.039388361445697,226600,11.689468
3173,1992-10-02,21.052551007637515,21.135761714047952,20.88612778671368,21.135761714047952,9.075120092179127,191100,11.689468
3174,1992-10-05,20.969338493124116,21.135761714047952,20.969338493124116,21.135761714047952,9.075120092179127,321900,12.057641
3175,1992-10-06,21.135761714047952,21.967879626770095,21.135761714047952,21.801456405846263,9.36094862460508,487400,12.057641
3176,1992-10-07,21.718245699435823,21.801456405846263,21.718245699435823,21.801456405846263,9.36094862460508,17200,11.919577
3177,1992-10-08,21.801456405846263,21.801456405846263,21.46860996399859,21.55182247851199,9.253762472919604,78000,11.781512
3178,1992-10-09,21.55182247851199,21.55182247851199,21.30218674307475,21.30218674307475,9.146576321234132,174000,11.781512
3179,1992-10-12,21.30218674307475,21.38539925758815,21.30218674307475,21.30218674307475,9.146576321234132,242900,11.689468
3180,1992-10-13,21.30218674307475,21.30218674307475,20.969338493124116,21.135761714047952,9.075120092179127,137500,11.781512
3181,1992-10-14,21.052551007637515,21.30218674307475,20.88612778671368,21.30218674307475,9.146576321234132,285900,11.873555
3182,1992-10-15,21.052551007637515,21.46860996399859,21.052551007637515,21.46860996399859,9.218034358392103,351600,11.965598
3183,1992-10-16,21.38539925758815,21.718245699435823,21.38539925758815,21.635033184922424,9.289488779344145,210100,12.057641
3184,1992-10-19,21.46860996399859,21.884667112256697,21.46860996399859,21.801456405846263,9.36094862460508,121700,12.103662
3185,1992-10-20,22.051090333180536,22.134302847693935,21.884667112256697,21.884667112256697,9.396673122926655,401900,12.241727000000001
3186,1992-10-21,21.884667112256697,22.21751355410437,21.884667112256697,22.134302847693935,9.503864698921014,365900,12.195705
3187,1992-10-22,21.967879626770095,22.134302847693935,21.967879626770095,22.051090333180536,9.468132968187588,198500,12.149683999999999
3188,1992-10-23,21.967879626770095,22.134302847693935,21.967879626770095,21.967879626770095,9.43240123745416,127900,12.103662
3189,1992-10-26,21.967879626770095,22.134302847693935,21.884667112256697,21.884667112256697,9.396673122926655,100400,12.195705
3190,1992-10-27,21.884667112256697,22.051090333180536,21.884667112256697,22.051090333180536,9.468132968187588,233800,12.33377
3191,1992-10-28,22.051090333180536,22.383938583131172,21.884667112256697,22.30072606861777,9.575320927976023,154000,12.379792
3192,1992-10-29,22.383938583131172,22.383938583131172,22.21751355410437,22.383938583131172,9.611052658709449,65900,12.287747999999999
3193,1992-10-30,22.21751355410437,22.383938583131172,22.21751355410437,22.21751355410437,9.539591005345557,119700,12.6099
3194,1992-11-02,22.352411909070423,22.767884866901408,22.186221281492955,22.767884866901408,9.775903125464788,288600,12.747964
3195,1992-11-03,22.850978375133806,23.01716719715493,22.68478955311268,23.01716719715493,9.882941921852112,77200,12.517857000000001
3196,1992-11-04,22.767884866901408,22.934071883366197,22.601696044880285,22.601696044880285,9.704551150098592,141900,12.655921000000001
3197,1992-11-05,22.601696044880285,22.850978375133806,22.601696044880285,22.850978375133806,9.811579113147888,94000,12.655921000000001
3198,1992-11-06,22.68478955311268,22.850978375133806,22.68478955311268,22.850978375133806,9.811579113147888,22900,12.563878
3199,1992-11-09,22.68478955311268,22.850978375133806,22.68478955311268,22.68478955311268,9.740230748894367,40200,12.840007
3200,1992-11-10,22.68478955311268,23.183356019176056,22.68478955311268,23.183356019176056,9.954299313887324,127900,12.793985000000001
3201,1992-11-11,23.183356019176056,23.26644952740845,23.100260705387328,23.100260705387328,9.918621520647887,106400,12.701941999999999
3202,1992-11-12,23.100260705387328,23.183356019176056,22.934071883366197,22.934071883366197,9.847264128612677,133300,12.793985000000001
3203,1992-11-13,22.850978375133806,23.100260705387328,22.850978375133806,23.100260705387328,9.918621520647887,185100,12.701941999999999
3204,1992-11-16,23.100260705387328,23.100260705387328,22.767884866901408,22.934071883366197,9.847264128612677,272800,12.563878
3205,1992-11-17,22.934071883366197,22.934071883366197,22.601696044880285,22.68478955311268,9.740230748894367,50100,12.6099
3206,1992-11-18,22.601696044880285,22.767884866901408,22.51860073109155,22.767884866901408,9.775903125464788,190600,12.471835
3207,1992-11-19,22.51860073109155,22.767884866901408,22.51860073109155,22.51860073109155,9.668873356859157,181400,12.471835
3208,1992-11-20,22.51860073109155,22.767884866901408,22.435507222859158,22.51860073109155,9.668873356859157,188600,12.471835
3209,1992-11-23,22.435507222859158,22.51860073109155,22.26931659528169,22.51860073109155,9.668873356859157,67900,12.33377
3210,1992-11-24,22.435507222859158,22.601696044880285,22.26931659528169,22.26931659528169,9.561834560471832,134000,12.379792
3211,1992-11-25,22.26931659528169,22.435507222859158,22.186221281492955,22.352411909070423,9.597515964823943,164600,12.287747999999999
3212,1992-11-27,22.352411909070423,22.352411909070423,22.186221281492955,22.186221281492955,9.526154961676056,125900,12.33377
3213,1992-11-30,22.103127773260564,22.26931659528169,22.103127773260564,22.26931659528169,9.561834560471832,335300,12.379792
3214,1992-12-01,22.36816413733615,22.36816413733615,22.201856391627906,22.36816413733615,9.604279541966172,99700,12.517857000000001
3215,1992-12-02,22.36816413733615,22.70077601509514,22.201856391627906,22.61762394906977,9.711390157251586,144400,12.840007
3216,1992-12-03,22.70077601509514,23.282845897758985,22.451318010190278,23.199693831733615,9.96131432397463,269800,13.070115
3217,1992-12-04,23.282845897758985,23.615459582346723,23.282845897758985,23.615459582346723,10.139832618393235,245600,13.254201
3218,1992-12-07,23.615459582346723,24.114377398985205,23.449151836638478,23.94807146010571,10.282640749344608,559700,13.392265
3219,1992-12-08,24.114377398985205,24.197529465010568,24.031223526131075,24.197529465010568,10.389756785116278,164900,13.53033
3220,1992-12-09,24.031223526131075,24.61329521562368,24.031223526131075,24.446989276744183,10.569507336744186,214800,13.576351
3221,1992-12-10,24.61329521562368,24.779602961331925,24.446989276744183,24.530141342769557,10.605457808435517,131600,13.346244
3222,1992-12-11,24.530141342769557,24.696449088477802,23.86491758725159,24.114377398985205,10.425703643150104,398000,13.070115
3223,1992-12-14,24.114377398985205,24.114377398985205,23.615459582346723,23.615459582346723,10.210002619830867,447600,13.070115
3224,1992-12-15,23.86491758725159,23.86491758725159,23.532307516321353,23.615459582346723,10.210002619830867,171800,13.116137
3225,1992-12-16,23.615459582346723,23.781765521226212,23.615459582346723,23.698613455200846,10.245949477864693,99000,13.392265
3226,1992-12-17,23.781765521226212,24.197529465010568,23.615459582346723,24.197529465010568,10.461657728498944,553100,13.392265
3227,1992-12-18,24.114377398985205,24.28068333786469,24.114377398985205,24.197529465010568,10.461657728498944,286100,13.116137
3228,1992-12-21,24.28068333786469,24.28068333786469,23.698613455200846,23.698613455200846,10.245949477864693,187600,12.93205
3229,1992-12-22,23.86491758725159,23.86491758725159,23.365999770613108,23.365999770613108,10.10214939792812,408600,12.978071
3230,1992-12-23,23.532307516321353,23.615459582346723,23.282845897758985,23.449151836638478,10.138092642304441,229100,13.024094
3231,1992-12-24,23.449151836638478,23.532307516321353,23.282845897758985,23.532307516321353,10.174050341310782,145100,12.978071
3232,1992-12-28,23.532307516321353,23.615459582346723,23.365999770613108,23.449151836638478,10.138092642304441,68300,13.162157999999998
3233,1992-12-29,23.449151836638478,23.94807146010571,23.449151836638478,23.781765521226212,10.281899949556024,424200,13.346244
3234,1992-12-30,23.94807146010571,24.28068333786469,23.86491758725159,24.114377398985205,10.425703643150104,322400,13.346244
3235,1992-12-31,24.28068333786469,24.28068333786469,23.94807146010571,24.114377398985205,10.425703643150104,96200,13.070115
3236,1993-01-04,23.996003877391306,23.996003877391306,23.334043798169706,23.4995351664446,10.159883392384293,199700,12.978071
3237,1993-01-05,23.665024736760166,23.665024736760166,23.08581034167602,23.334043798169706,10.08832640913745,668400,12.93205
3238,1993-01-06,23.334043798169706,23.41679128026648,23.08581034167602,23.251299911991588,10.052559604249652,213300,12.840007
3239,1993-01-07,23.251299911991588,23.251299911991588,23.08581034167602,23.08581034167602,9.981008014880786,764400,12.747964
3240,1993-01-08,23.08581034167602,23.16855422785414,22.754831201044883,22.92032077136045,9.909461819389904,136200,12.840007
3241,1993-01-11,22.754831201044883,23.16855422785414,22.754831201044883,23.08581034167602,9.981008014880786,161900,12.840007
3242,1993-01-12,23.251299911991588,23.251299911991588,22.92032077136045,23.08581034167602,9.981008014880786,100900,12.886028
3243,1993-01-13,22.92032077136045,23.251299911991588,22.92032077136045,23.16855422785414,10.016780213646566,193500,12.886028
3244,1993-01-14,23.251299911991588,23.251299911991588,23.003064657538573,23.16855422785414,10.016780213646566,43900,12.93205
3245,1993-01-15,23.003064657538573,23.41679128026648,23.003064657538573,23.251299911991588,10.052559604249652,104400,13.024094
3246,1993-01-18,23.251299911991588,23.4995351664446,23.251299911991588,23.41679128026648,10.12410759769986,300500,13.024094
3247,1993-01-19,23.334043798169706,23.58228085058205,23.251299911991588,23.41679128026648,10.12410759769986,304200,13.392265
3248,1993-01-20,23.41679128026648,24.078747763569428,23.41679128026648,24.078747763569428,10.410303167419357,195800,13.438286999999999
3249,1993-01-21,24.078747763569428,24.326983018022442,23.830514307075738,24.16149344770687,10.446075366185134,159500,13.576351
3250,1993-01-22,24.409726904200564,24.575218272475457,24.244237333884993,24.409726904200564,10.553397356360449,168300,13.668395
3251,1993-01-25,24.657963956612907,24.74070784279103,24.49247258833801,24.575218272475457,10.624947147769987,255500,13.668395
3252,1993-01-26,24.575218272475457,24.74070784279103,24.326983018022442,24.575218272475457,10.624947147769987,165600,13.392265
3253,1993-01-27,24.326983018022442,24.575218272475457,24.078747763569428,24.078747763569428,10.410303167419357,140200,13.346244
3254,1993-01-28,23.91325819325386,24.078747763569428,23.747768622938292,23.996003877391306,10.374525574775596,74500,13.254201
3255,1993-01-29,23.747768622938292,24.078747763569428,23.747768622938292,23.830514307075738,10.302973985406732,326600,13.438286999999999
3256,1993-02-01,23.994615171802934,24.24198307735849,23.74724905792453,24.077071737547172,10.409576151069183,162900,13.53033
3257,1993-02-02,24.24198307735849,24.24198307735849,24.077071737547172,24.24198307735849,10.4808741515304,48100,13.53033
3258,1993-02-03,24.077071737547172,24.24198307735849,23.994615171802934,24.24198307735849,10.4808741515304,280500,13.990545000000001
3259,1993-02-04,24.48935098291405,25.066539776415098,24.406894417169816,25.066539776415098,10.83736236215933,262700,13.990545000000001
3260,1993-02-05,24.901628436603772,25.231451116226417,24.736717096792457,25.066539776415098,10.83736236215933,394300,14.12861
3261,1993-02-08,25.231451116226417,25.396362456037735,25.066539776415098,25.313907681970655,10.9443147378826,279000,14.036567000000002
3262,1993-02-09,25.396362456037735,25.478819021781977,25.148996342159336,25.148996342159336,10.873016737421384,232800,14.036567000000002
3263,1993-02-10,25.148996342159336,25.313907681970655,25.066539776415098,25.148996342159336,10.873016737421384,145400,14.082588000000001
3264,1993-02-11,25.231451116226417,25.313907681970655,24.98408500234801,25.231451116226417,10.908663945974844,58500,14.174631
3265,1993-02-12,25.148996342159336,25.396362456037735,25.148996342159336,25.396362456037735,10.97996015475891,78700,13.944524
3266,1993-02-16,25.313907681970655,25.396362456037735,24.736717096792457,24.98408500234801,10.801718736960169,283400,13.714417000000001
3267,1993-02-17,24.901628436603772,24.98408500234801,24.406894417169816,24.571807548658285,10.623470152452832,105100,13.438286999999999
3268,1993-02-18,24.571807548658285,24.65426232272537,23.912160397735853,24.077071737547172,10.409576151069183,138500,13.53033
3269,1993-02-19,23.994615171802934,24.24198307735849,23.912160397735853,24.24198307735849,10.4808741515304,98200,13.484307999999999
3270,1993-02-22,24.24198307735849,24.24198307735849,24.077071737547172,24.159526511614253,10.445225151299791,142400,13.576351
3271,1993-02-23,24.24198307735849,24.32443785142558,24.077071737547172,24.32443785142558,10.516523151761005,59200,13.760438
3272,1993-02-24,24.32443785142558,24.65426232272537,24.32443785142558,24.65426232272537,10.65911915268344,186600,14.036567000000002
3273,1993-02-25,24.736717096792457,25.148996342159336,24.48935098291405,25.148996342159336,10.873016737421384,162400,14.220653
3274,1993-02-26,25.148996342159336,25.561275587526207,25.148996342159336,25.478819021781977,11.015614530020965,312600,14.275879000000002
3275,1993-03-01,25.30793501016017,25.57909315924095,24.946392596824513,25.48870710954736,11.019888461072425,192500,14.630244
3276,1993-03-02,25.30793501016017,26.392562250167135,25.30793501016017,26.121404101086352,11.29343017084262,289100,14.832739000000002
3277,1993-03-03,26.211790150779944,26.663718613809195,26.211790150779944,26.48294651442201,11.449738188906686,131600,14.984611
3278,1993-03-04,26.48294651442201,26.754104663502787,26.48294651442201,26.754104663502787,11.566971880612813,124900,14.680867999999998
3279,1993-03-05,26.663718613809195,26.663718613809195,26.031019836831476,26.211790150779944,11.33251342439415,442700,14.883363000000001
3280,1993-03-08,26.302176200473543,26.573332564115603,26.031019836831476,26.573332564115603,11.488823227896937,92500,14.883363000000001
3281,1993-03-09,26.754104663502787,26.754104663502787,26.48294651442201,26.573332564115603,11.570685593147633,74300,15.085857
3282,1993-03-10,26.573332564115603,26.93487319201254,26.573332564115603,26.93487319201254,11.72810415409471,49100,15.136481
3283,1993-03-11,26.754104663502787,27.115645291399723,26.754104663502787,27.02525924170613,11.767462365208916,146600,14.984611
3284,1993-03-12,26.663718613809195,26.754104663502787,26.48294651442201,26.754104663502787,11.649389517305014,190800,14.883363000000001
3285,1993-03-15,26.48294651442201,26.754104663502787,26.48294651442201,26.573332564115603,11.570685593147633,55300,14.984611
3286,1993-03-16,26.754104663502787,26.754104663502787,26.48294651442201,26.754104663502787,11.649389517305014,117200,15.085857
3287,1993-03-17,26.754104663502787,26.93487319201254,26.663718613809195,26.93487319201254,11.72810415409471,225100,15.085857
3288,1993-03-18,26.663718613809195,27.02525924170613,26.663718613809195,26.93487319201254,11.72810415409471,485600,15.288353
3289,1993-03-19,27.02525924170613,27.29641739078691,26.84448892775766,27.29641739078691,11.88552985679666,226900,15.187104999999999
3290,1993-03-22,27.02525924170613,27.29641739078691,26.93487319201254,27.115645291399723,11.806820576323119,232100,15.237729000000002
3291,1993-03-23,27.20603134109332,27.20603134109332,26.93487319201254,27.20603134109332,11.846168074805014,277200,15.085857
3292,1993-03-24,26.84448892775766,27.115645291399723,26.84448892775766,26.93487319201254,11.72810415409471,353300,15.3896
3293,1993-03-25,27.115645291399723,27.47718770473538,26.93487319201254,27.47718770473538,11.964246279025069,74300,15.3896
3294,1993-03-26,27.56757375442897,27.74834406837744,27.386801655041786,27.47718770473538,11.964246279025069,115300,15.338976
3295,1993-03-29,27.386801655041786,27.657959804122566,27.386801655041786,27.386801655041786,11.924886282472146,60900,15.490848000000002
3296,1993-03-30,27.657959804122566,27.657959804122566,27.386801655041786,27.657959804122566,12.04295377405989,224600,15.541471
3297,1993-03-31,27.657959804122566,27.74834406837744,27.386801655041786,27.74834406837744,12.082310199735376,84400,15.288353
3298,1993-04-01,27.400862183333334,27.581132138000005,27.220594009145838,27.220594009145838,11.852514496083336,287400,14.984611
3299,1993-04-02,27.130459031812507,27.490997160666666,26.679787706104165,26.679787706104165,11.617030101979166,269800,14.883363000000001
3300,1993-04-05,26.679787706104165,26.860054099812505,26.31924957725,26.4995177514375,11.538544799833334,269800,14.680867999999998
3301,1993-04-06,26.679787706104165,26.679787706104165,25.95871144839583,26.13897962258333,11.381558171229168,218700,14.478373999999999
3302,1993-04-07,26.13897962258333,26.13897962258333,25.778443274208332,25.778443274208332,11.224560859750001,49800,14.731492000000001
3303,1993-04-08,25.8685764710625,26.22911459991667,25.8685764710625,26.22911459991667,11.420796371104169,106900,14.832739000000002
3304,1993-04-12,26.04884464525,26.40938277410417,26.04884464525,26.40938277410417,11.499292356125,298200,15.035233999999999
3305,1993-04-13,26.22911459991667,26.769920902958333,26.22911459991667,26.769920902958333,11.6562825456875,396300,15.440223999999999
3306,1993-04-14,26.860054099812505,27.490997160666666,26.679787706104165,27.490997160666666,11.970252241937501,517200,15.288353
3307,1993-04-15,27.490997160666666,27.490997160666666,26.769920902958333,27.220594009145838,11.852514496083336,468600,15.237729000000002
3308,1993-04-16,27.220594009145838,27.220594009145838,27.040324054479168,27.130459031812507,11.813262052375,178500,14.984611
3309,1993-04-19,27.220594009145838,27.220594009145838,26.679787706104165,26.679787706104165,11.617030101979166,468400,14.579621
3310,1993-04-20,26.679787706104165,26.679787706104165,25.8685764710625,25.95871144839583,11.303060405729168,255300,14.275879000000002
3311,1993-04-21,25.95871144839583,26.13897962258333,25.14750199383333,25.417905145354172,11.0675813530625,296500,14.073383999999999
3312,1993-04-22,25.327770168020834,25.417905145354172,24.967232039166667,25.0573670165,10.910592943979166,210300,14.073383999999999
3313,1993-04-23,25.0573670165,25.237635190687502,24.877097061833332,25.0573670165,10.910592943979166,221200,13.87089
3314,1993-04-26,25.0573670165,25.14750199383333,24.606695690791668,24.696830668125,10.753608095854167,521000,14.124007999999998
3315,1993-04-27,24.786963864979167,25.417905145354172,24.696830668125,25.14750199383333,10.949838265770834,939000,14.377126
3316,1993-04-28,25.417905145354172,25.778443274208332,25.327770168020834,25.59817331954167,11.146070216166667,361900,14.579621
3317,1993-04-29,25.778443274208332,26.13897962258333,25.59817331954167,25.95871144839583,11.303060405729168,1433300,14.680867999999998
3318,1993-04-30,26.04884464525,26.13897962258333,25.8685764710625,26.13897962258333,11.381558171229168,115300,14.528997
3319,1993-05-03,25.832697724223305,25.922707687718447,25.562669611747577,25.832697724223305,11.248190816213594,203200,14.731492000000001
3320,1993-05-04,25.652679575242722,26.372753949174765,25.652679575242722,26.19273580019418,11.404956154223303,333000,14.731492000000001
3321,1993-05-05,26.372753949174765,26.372753949174765,26.19273580019418,26.19273580019418,11.404956154223303,124600,14.630244
3322,1993-05-06,26.19273580019418,26.19273580019418,26.012715873203884,26.012715873203884,11.326576152233011,212100,14.225254999999999
3323,1993-05-07,26.012715873203884,26.19273580019418,25.202631535776703,25.292641499271845,11.01303836417476,309100,14.377126
3324,1993-05-10,25.292641499271845,25.562669611747577,25.202631535776703,25.562669611747577,11.130611034174759,158500,14.377126
3325,1993-05-11,25.562669611747577,25.562669611747577,25.292641499271845,25.562669611747577,11.130611034174759,95800,14.124007999999998
3326,1993-05-12,25.562669611747577,25.652679575242722,25.112623350291262,25.112623350291262,10.934651250145633,233300,13.769642000000001
3327,1993-05-13,25.02261338679612,25.112623350291262,24.39254719834952,24.482557161844664,10.660311464126215,120700,13.314029000000001
3328,1993-05-14,24.212529049368936,24.39254719834952,23.58246286092233,23.67247282441748,10.30757567402913,221400,13.415277
3329,1993-05-17,23.762482787912624,23.942499158883496,23.58246286092233,23.852492751407766,10.385959232038836,99500,13.314029000000001
3330,1993-05-18,23.67247282441748,24.032509122378645,23.402444711941747,23.67247282441748,10.30757567402913,194500,12.909039
3331,1993-05-19,23.312434748446602,23.402444711941747,22.23232229854369,22.952396672475732,9.994041441990293,501400,13.06091
3332,1993-05-20,23.222424784951457,23.402444711941747,23.042406635970877,23.222424784951457,10.111612333980585,550100,13.111533999999999
3333,1993-05-21,23.222424784951457,23.312434748446602,23.132414821456315,23.312434748446602,10.15080855800971,363400,13.415277
3334,1993-05-24,23.132414821456315,23.852492751407766,23.132414821456315,23.852492751407766,10.385959232038836,351100,13.567147
3335,1993-05-25,23.852492751407766,24.12251908587379,23.852492751407766,24.12251908587379,10.503535458058254,400900,13.516523000000001
3336,1993-05-26,24.12251908587379,24.12251908587379,23.762482787912624,24.032509122378645,10.464346346067963,161200,13.364653
3337,1993-05-27,24.032509122378645,24.032509122378645,23.58246286092233,23.762482787912624,10.34676300800971,328800,13.212782
3338,1993-05-28,23.58246286092233,23.762482787912624,23.222424784951457,23.492454675436896,10.22918856,133500,13.111533999999999
3339,1993-06-01,23.190260761703602,23.370031353614955,23.190260761703602,23.28014605765928,10.136749266378116,68300,13.111533999999999
3340,1993-06-02,23.190260761703602,23.28014605765928,23.100375465747923,23.28014605765928,10.136749266378116,109800,13.010286
3341,1993-06-03,23.190260761703602,23.370031353614955,23.010491945339336,23.100375465747923,10.058470721759003,92100,12.807792
3342,1993-06-04,23.100375465747923,23.100375465747923,22.650954312610807,22.740837833019388,9.901918959162048,210600,12.352179
3343,1993-06-07,22.561069016655125,22.650954312610807,21.75210667969529,21.931875496059558,9.549682376073408,202900,12.655921000000001
3344,1993-06-08,22.021759016468145,22.561069016655125,21.75210667969529,22.471183720699447,9.784502030006927,286400,12.909039
3345,1993-06-09,22.650954312610807,23.010491945339336,22.471183720699447,22.920606649383654,9.980199279328255,189600,12.757169000000001
3346,1993-06-10,22.83072312897507,22.920606649383654,22.561069016655125,22.650954312610807,9.862778799078948,99700,12.959663
3347,1993-06-11,22.740837833019388,23.28014605765928,22.740837833019388,23.010491945339336,10.102717355277006,410300,12.757169000000001
3348,1993-06-14,23.100375465747923,23.100375465747923,22.650954312610807,22.650954312610807,9.944869443303324,70800,12.554673
3349,1993-06-15,22.740837833019388,22.920606649383654,21.931875496059558,22.291413128788086,9.787012653594184,547900,12.402802000000001
3350,1993-06-16,22.291413128788086,22.38129842474377,22.021759016468145,22.021759016468145,9.668624500180055,160000,12.301556
3351,1993-06-17,22.2015296083795,22.2015296083795,21.84199197565097,21.84199197565097,9.589692554231302,306400,12.50405
3352,1993-06-18,22.2015296083795,22.38129842474377,22.021759016468145,22.2015296083795,9.747549343940443,363400,12.453426
3353,1993-06-21,22.291413128788086,22.471183720699447,22.111644312423824,22.111644312423824,9.708086034286703,175000,12.706545
3354,1993-06-22,22.291413128788086,22.650954312610807,22.2015296083795,22.561069016655125,9.9054025825554,159500,12.909039
3355,1993-06-23,22.650954312610807,23.28014605765928,22.650954312610807,22.920606649383654,10.06325582117036,695500,13.162157999999998
3356,1993-06-24,22.920606649383654,23.459916649570637,22.920606649383654,23.370031353614955,10.260574144986151,351600,13.415277
3357,1993-06-25,23.459916649570637,23.81945605784626,23.28014605765928,23.81945605784626,10.45789601989612,261900,13.516523000000001
3358,1993-06-28,23.81945605784626,24.178993690574792,23.639685465934903,23.99922309866344,10.5368226392036,293000,13.567147
3359,1993-06-29,23.99922309866344,24.268878986530474,23.99922309866344,24.089108394619114,10.57628594885734,211800,13.668395
3360,1993-06-30,23.99922309866344,24.268878986530474,23.99922309866344,24.268878986530474,10.65521079261773,182200,14.174631
3361,1993-07-01,23.99922309866344,25.167724843898892,23.99922309866344,25.167724843898892,11.049852766890583,373300,14.073383999999999
3362,1993-07-02,25.167724843898892,25.347495435810252,24.987956027534622,24.987956027534622,10.970927923130192,479200,14.124007999999998
3363,1993-07-06,24.987956027534622,25.257610139854567,24.987956027534622,25.0778413234903,11.01038768168975,188100,14.174631
3364,1993-07-07,24.987956027534622,25.167724843898892,24.898070731578947,25.167724843898892,11.049852766890583,33300,14.124007999999998
3365,1993-07-08,24.898070731578947,25.167724843898892,24.898070731578947,25.0778413234903,11.01038768168975,29100,14.174631
3366,1993-07-09,25.167724843898892,25.167724843898892,24.898070731578947,25.167724843898892,11.049852766890583,48600,13.87089
3367,1993-07-12,25.167724843898892,25.167724843898892,24.628418394806094,24.628418394806094,10.813072908968143,107900,13.668395
3368,1993-07-13,24.808185435623265,24.808185435623265,24.178993690574792,24.268878986530474,10.65521079261773,117500,13.516523000000001
3369,1993-07-14,24.089108394619114,24.35876250693906,23.81945605784626,23.99922309866344,10.5368226392036,182700,13.415277
3370,1993-07-15,23.909337802707753,23.99922309866344,23.639685465934903,23.81945605784626,10.45789601989612,273000,13.465898999999999
3371,1993-07-16,23.72957076189058,23.99922309866344,23.639685465934903,23.909337802707753,10.49735932954986,73500,13.465898999999999
3372,1993-07-19,23.99922309866344,23.99922309866344,23.81945605784626,23.909337802707753,10.49735932954986,40400,13.516523000000001
3373,1993-07-20,23.99922309866344,24.178993690574792,23.81945605784626,23.99922309866344,10.5368226392036,101700,13.617771
3374,1993-07-21,24.089108394619114,24.268878986530474,23.99922309866344,24.178993690574792,10.615752809605263,159500,13.516523000000001
3375,1993-07-22,24.268878986530474,24.268878986530474,23.99922309866344,23.99922309866344,10.5368226392036,226100,13.567147
3376,1993-07-23,23.99922309866344,24.089108394619114,23.81945605784626,24.089108394619114,10.57628594885734,389100,13.465898999999999
3377,1993-07-26,24.089108394619114,24.178993690574792,23.909337802707753,23.909337802707753,10.49735932954986,40400,13.465898999999999
3378,1993-07-27,24.178993690574792,24.178993690574792,23.909337802707753,23.909337802707753,10.49735932954986,39700,13.516523000000001
3379,1993-07-28,24.178993690574792,24.178993690574792,23.72957076189058,23.99922309866344,10.5368226392036,150300,13.364653
3380,1993-07-29,23.909337802707753,23.909337802707753,23.549800169979225,23.72957076189058,10.418434485789474,87400,13.364653
3381,1993-07-30,23.72957076189058,23.72957076189058,23.549800169979225,23.72957076189058,10.418434485789474,45900,13.314029000000001
3382,1993-08-02,23.66401946144337,23.843289908225135,23.484745473377068,23.57438246741022,10.350294673114641,155500,13.465898999999999
3383,1993-08-03,23.843289908225135,23.843289908225135,23.57438246741022,23.843289908225135,10.468361099357734,59000,13.263404999999999
3384,1993-08-04,23.57438246741022,23.843289908225135,23.484745473377068,23.484745473377068,10.31094214877072,88800,13.010286
3385,1993-08-05,23.484745473377068,23.66401946144337,23.036562273853594,23.036562273853594,10.114167132555247,192100,12.959663
3386,1993-08-06,23.305473255953032,23.305473255953032,22.85729005642956,22.946927050462705,10.074809296284528,86400,12.909039
3387,1993-08-09,22.85729005642956,23.12619926788674,22.767654833038673,22.85729005642956,10.035456771940606,598700,12.706545
3388,1993-08-10,22.946927050462705,22.946927050462705,22.49874562158149,22.49874562158149,9.878039591995854,164900,12.655921000000001
3389,1993-08-11,22.767654833038673,22.767654833038673,22.409108627548342,22.409108627548342,9.838687067651932,131300,12.807792
3390,1993-08-12,22.67801783900552,22.767654833038673,22.409108627548342,22.67801783900552,9.956748181968232,838200,12.807792
3391,1993-08-13,22.49874562158149,22.67801783900552,22.49874562158149,22.67801783900552,9.956748181968232,198500,12.706545
3392,1993-08-16,22.67801783900552,22.767654833038673,22.49874562158149,22.49874562158149,9.878039591995854,191100,12.706545
3393,1993-08-17,22.67801783900552,22.67801783900552,22.49874562158149,22.49874562158149,9.878039591995854,81900,12.807792
3394,1993-08-18,22.67801783900552,22.85729005642956,22.49874562158149,22.67801783900552,9.956748181968232,394500,12.807792
3395,1993-08-19,22.767654833038673,22.946927050462705,22.67801783900552,22.67801783900552,9.956748181968232,188300,12.909039
3396,1993-08-20,22.67801783900552,22.946927050462705,22.58838261561464,22.85729005642956,10.035456771940606,224600,12.909039
3397,1993-08-23,22.946927050462705,22.946927050462705,22.67801783900552,22.85729005642956,10.035456771940606,83400,13.314029000000001
3398,1993-08-24,22.946927050462705,23.57438246741022,22.767654833038673,23.57438246741022,10.350294673114641,320700,13.364653
3399,1993-08-25,23.66401946144337,24.022563896291437,23.57438246741022,23.66401946144337,10.389654280027624,267600,13.212782
3400,1993-08-26,23.75365645547652,23.75365645547652,23.215836261919886,23.39511024998619,10.271591395069061,140000,13.010286
3401,1993-08-27,23.39511024998619,23.39511024998619,23.036562273853594,23.036562273853594,10.114167132555247,126100,13.162157999999998
3402,1993-08-30,23.215836261919886,23.305473255953032,23.036562273853594,23.305473255953032,10.232230017513812,104900,13.111533999999999
3403,1993-08-31,23.036562273853594,23.305473255953032,23.036562273853594,23.215836261919886,10.192875722527624,95800,12.959663
3404,1993-09-01,23.16783660045486,23.257288266450722,22.89948336944866,22.89948336944866,10.053979228821502,249100,12.909039
3405,1993-09-02,23.16783660045486,23.16783660045486,22.810031703452793,22.810031703452793,10.014708067381118,187900,13.010286
3406,1993-09-03,22.89948336944866,22.988933268463132,22.720581804438318,22.988933268463132,10.093255691206066,64400,12.959663
3407,1993-09-07,22.988933268463132,22.988933268463132,22.720581804438318,22.89948336944866,10.053979228821502,62900,12.858416
3408,1993-09-08,22.720581804438318,22.89948336944866,22.541680239427983,22.720581804438318,9.975442206884907,86100,13.06091
3409,1993-09-09,22.541680239427983,23.078384934458995,22.541680239427983,23.078384934458995,10.216193421564439,269800,13.617771
3410,1993-09-10,22.89948336944866,24.06234795946933,22.89948336944866,24.06234795946933,10.651768470578913,215300,13.465898999999999
3411,1993-09-13,23.972896293473468,24.24124952447967,23.615093163452794,23.793992961481738,10.532972544603721,200200,13.212782
3412,1993-09-14,23.525641497456927,23.525641497456927,23.16783660045486,23.346739932446592,10.334987580558238,86400,12.959663
3413,1993-09-15,23.16783660045486,23.346739932446592,22.810031703452793,22.89948336944866,10.136992014624397,372600,12.959663
3414,1993-09-16,22.89948336944866,23.078384934458995,22.720581804438318,22.89948336944866,10.136992014624397,135800,12.909039
3415,1993-09-17,22.810031703452793,22.988933268463132,22.810031703452793,22.810031703452793,10.09739749558925,95000,13.010286
3416,1993-09-20,22.988933268463132,22.988933268463132,22.810031703452793,22.988933268463132,10.176591834603723,176000,13.111533999999999
3417,1993-09-21,22.988933268463132,23.16783660045486,22.89948336944866,23.16783660045486,10.255787940599587,133800,13.263404999999999
3418,1993-09-22,22.89948336944866,23.43618983146106,22.89948336944866,23.43618983146106,10.374582099593384,196300,13.314029000000001
3419,1993-09-23,23.16783660045486,23.704544829448658,23.16783660045486,23.525641497456927,10.414178385609924,174800,13.415277
3420,1993-09-24,23.615093163452794,23.704544829448658,23.525641497456927,23.704544829448658,10.493376258587183,201700,13.719018
3421,1993-09-27,23.525641497456927,24.24124952447967,23.525641497456927,24.24124952447967,10.730962809593384,612300,13.769642000000001
3422,1993-09-28,24.24124952447967,24.599054421481743,24.06234795946933,24.330701190475537,10.770560862591315,226900,13.972135999999999
3423,1993-09-29,24.509604522467267,24.68850432049621,24.330701190475537,24.68850432049621,10.928954841564439,136700,14.073383999999999
3424,1993-09-30,24.777955986492078,24.9568593184838,24.509604522467267,24.867407652487937,11.008150947560305,149800,14.073383999999999
3425,1993-10-01,24.76500240477694,24.854085704269046,24.586835805792727,24.76500240477694,10.962818822862047,71800,14.073383999999999
3426,1993-10-04,24.76500240477694,24.943167244056283,24.586835805792727,24.76500240477694,10.962818822862047,242900,13.972135999999999
3427,1993-10-05,24.854085704269046,24.854085704269046,24.408672726218256,24.586835805792727,10.883948850452986,164600,13.921513000000001
3428,1993-10-06,24.408672726218256,24.586835805792727,24.408672726218256,24.497754266005494,10.84451034483871,67400,13.820266
3429,1993-10-07,24.586835805792727,24.586835805792727,24.319589426726154,24.319589426726154,10.765643891839398,86400,13.820266
3430,1993-10-08,24.586835805792727,24.586835805792727,24.319589426726154,24.319589426726154,10.765643891839398,80900,13.87089
3431,1993-10-11,24.319589426726154,24.586835805792727,24.319589426726154,24.408672726218256,10.805077118339053,13300,13.921513000000001
3432,1993-10-12,24.497754266005494,24.497754266005494,24.230506127234047,24.497754266005494,10.84451034483871,20400,13.769642000000001
3433,1993-10-13,24.497754266005494,24.497754266005494,24.230506127234047,24.230506127234047,10.726207145929994,88300,13.769642000000001
3434,1993-10-14,24.497754266005494,24.497754266005494,24.230506127234047,24.230506127234047,10.726207145929994,180000,13.668395
3435,1993-10-15,24.408672726218256,24.408672726218256,23.87417468897049,24.052341287954704,10.647337173520933,295500,13.415277
3436,1993-10-18,23.963257988462594,24.052341287954704,23.606928309903914,23.606928309903914,10.450164002203158,238200,13.415277
3437,1993-10-19,23.785091389478385,23.87417468897049,23.606928309903914,23.606928309903914,10.450164002203158,372800,13.364653
3438,1993-10-20,23.785091389478385,23.785091389478385,23.4287617109197,23.51784501041181,10.410730775703502,232500,13.465898999999999
3439,1993-10-21,23.69600808998627,23.69600808998627,23.4287617109197,23.69600808998627,10.489597228702817,42400,13.415277
3440,1993-10-22,23.69600808998627,23.785091389478385,23.4287617109197,23.606928309903914,10.450164002203158,106600,13.516523000000001
3441,1993-10-25,23.69600808998627,23.785091389478385,23.606928309903914,23.785091389478385,10.529032214907344,39000,13.314029000000001
3442,1993-10-26,23.87417468897049,23.87417468897049,23.4287617109197,23.4287617109197,10.371292270089224,183700,13.415277
3443,1993-10-27,23.606928309903914,23.606928309903914,23.33967841142759,23.606928309903914,10.450164002203158,53300,13.617771
3444,1993-10-28,23.33967841142759,23.963257988462594,23.33967841142759,23.963257988462594,10.607903947021278,188100,13.567147
3445,1993-10-29,23.963257988462594,24.141422827741938,23.785091389478385,23.87417468897049,10.568465441407001,336700,13.719018
3446,1993-11-01,23.768777883724283,24.124864924567902,23.768777883724283,24.124864924567902,10.67944241201646,199500,13.769642000000001
3447,1993-11-02,23.946822283395058,24.213887124403293,23.946822283395058,24.213887124403293,10.718850350905349,31300,13.314029000000001
3448,1993-11-03,23.946822283395058,24.213887124403293,23.412692601378602,23.412692601378602,10.36417890090535,223200,13.010286
3449,1993-11-04,23.501714801213993,23.501714801213993,22.789540719526748,22.878561160864198,10.127733026069958,193500,13.010286
3450,1993-11-05,22.789540719526748,22.878561160864198,22.789540719526748,22.878561160864198,10.127733026069958,220700,12.757169000000001
3451,1993-11-08,22.878561160864198,22.878561160864198,22.43345543718107,22.43345543718107,9.9306968486214,104200,12.655921000000001
3452,1993-11-09,22.522475878518517,22.700518519691357,22.25541103751029,22.25541103751029,9.851886246337449,364700,12.655921000000001
3453,1993-11-10,22.522475878518517,22.522475878518517,21.988346196502057,22.25541103751029,9.851886246337449,146600,12.655921000000001
3454,1993-11-11,22.25541103751029,22.43345543718107,21.988346196502057,22.25541103751029,9.851886246337449,55500,12.807792
3455,1993-11-12,22.25541103751029,22.522475878518517,22.25541103751029,22.522475878518517,9.97010654600823,111800,12.807792
3456,1993-11-15,22.522475878518517,22.611498078353907,22.25541103751029,22.522475878518517,9.97010654600823,101700,12.807792
3457,1993-11-16,22.34443323734568,22.522475878518517,22.34443323734568,22.522475878518517,9.97010654600823,91100,12.757169000000001
3458,1993-11-17,22.522475878518517,22.700518519691357,22.34443323734568,22.43345543718107,9.9306968486214,205600,12.50405
3459,1993-11-18,22.611498078353907,22.611498078353907,21.988346196502057,21.988346196502057,9.733660671172839,748400,12.858416
3460,1993-11-19,22.522475878518517,22.611498078353907,22.25541103751029,22.611498078353907,10.009518001893003,342400,12.048437
3461,1993-11-22,22.43345543718107,22.700518519691357,21.187151673477363,21.187151673477363,9.378992738168725,504200,12.200308
3462,1993-11-23,21.365194314650203,21.454216514485594,21.098129473641976,21.454216514485594,9.497220071831274,951800,12.352179
3463,1993-11-24,21.365194314650203,21.810301796831276,21.365194314650203,21.721281355493826,9.615436854506173,1381200,12.352179
3464,1993-11-26,21.810301796831276,21.810301796831276,21.63226091415638,21.721281355493826,9.615436854506173,420900,12.352179
3465,1993-11-29,21.899323996666666,21.899323996666666,21.63226091415638,21.721281355493826,9.615436854506173,150600,12.250932
3466,1993-11-30,21.63226091415638,21.810301796831276,21.543238714320985,21.543238714320985,9.536626252222222,312300,12.200308
3467,1993-12-01,21.721281355493826,21.721281355493826,21.276172114814816,21.454216514485594,9.497220071831274,234500,12.149683999999999
3468,1993-12-02,21.365194314650203,21.543238714320985,21.276172114814816,21.365194314650203,9.457808615946501,226100,12.149683999999999
3469,1993-12-03,21.543238714320985,21.543238714320985,21.365194314650203,21.365194314650203,9.457808615946501,98700,12.250932
3470,1993-12-06,21.365194314650203,21.543238714320985,21.365194314650203,21.543238714320985,9.536626252222222,155000,12.352179
3471,1993-12-07,21.365194314650203,21.721281355493826,21.365194314650203,21.721281355493826,9.615436854506173,129100,12.453426
3472,1993-12-08,21.721281355493826,21.899323996666666,21.63226091415638,21.899323996666666,9.694256249279835,135500,12.453426
3473,1993-12-09,21.988346196502057,22.25541103751029,21.899323996666666,21.899323996666666,9.694256249279835,280200,12.453426
3474,1993-12-10,22.077366637839503,22.166388837674894,21.810301796831276,21.899323996666666,9.694256249279835,146400,12.352179
3475,1993-12-13,21.810301796831276,21.988346196502057,21.63226091415638,21.721281355493826,9.697433855061728,53800,12.352179
3476,1993-12-14,21.810301796831276,21.899323996666666,21.63226091415638,21.721281355493826,9.697433855061728,102700,12.301556
3477,1993-12-15,21.721281355493826,21.721281355493826,21.454216514485594,21.63226091415638,9.657693560061729,136700,12.250932
3478,1993-12-16,21.543238714320985,21.721281355493826,21.454216514485594,21.543238714320985,9.617949748065843,347600,12.301556
3479,1993-12-17,21.721281355493826,21.899323996666666,21.543238714320985,21.63226091415638,9.657693560061729,459700,12.655921000000001
3480,1993-12-20,21.899323996666666,22.25541103751029,21.721281355493826,22.25541103751029,9.93589848553498,321900,12.706545
3481,1993-12-21,22.34443323734568,22.43345543718107,22.077366637839503,22.34443323734568,9.975640539032922,332800,12.554673
3482,1993-12-22,22.34443323734568,22.43345543718107,22.077366637839503,22.077366637839503,9.856412620041151,457500,12.605297
3483,1993-12-23,22.34443323734568,22.34443323734568,22.166388837674894,22.166388837674894,9.896151156543212,118700,12.757169000000001
3484,1993-12-27,22.43345543718107,22.522475878518517,22.34443323734568,22.43345543718107,10.015382592530864,233500,12.959663
3485,1993-12-28,22.611498078353907,22.789540719526748,22.522475878518517,22.789540719526748,10.17435432351852,235800,13.212782
3486,1993-12-29,22.611498078353907,23.323670401543207,22.611498078353907,23.23464996020576,10.373076900493828,339500,13.06091
3487,1993-12-30,23.145627760370367,23.323670401543207,22.700518519691357,22.967583360699585,10.253847223004115,280500,13.111533999999999
3488,1993-12-31,22.967583360699585,23.056605560534976,22.789540719526748,23.056605560534976,10.293585759506172,192500,12.959663
3489,1994-01-03,22.9935231923803,22.9935231923803,22.549633514528047,22.727189034931605,10.14651751278386,684700,13.010286
3490,1994-01-04,22.727189034931605,22.90474455533516,22.549633514528047,22.815965918290015,10.186154340266759,591800,13.111533999999999
3491,1994-01-05,22.815965918290015,23.082301829425443,22.815965918290015,22.9935231923803,10.265422734172367,307900,13.111533999999999
3492,1994-01-06,22.9935231923803,23.171080466470592,22.727189034931605,22.9935231923803,10.265422734172367,342900,13.111533999999999
3493,1994-01-07,23.171080466470592,23.171080466470592,22.815965918290015,22.9935231923803,10.265422734172367,258200,13.263404999999999
3494,1994-01-10,23.082301829425443,23.259857349829,22.815965918290015,23.259857349829,10.384329709247606,362200,13.415277
3495,1994-01-11,23.259857349829,23.526193260964437,22.9935231923803,23.526193260964437,10.503234930636117,326400,13.465898999999999
3496,1994-01-12,23.34863598687415,23.792525664726405,23.34863598687415,23.614968390636115,10.542870004432286,173800,13.516523000000001
3497,1994-01-13,23.703747027681263,23.703747027681263,23.43741462391929,23.703747027681263,10.582503324541724,253500,13.212782
3498,1994-01-14,23.614968390636115,23.614968390636115,23.171080466470592,23.171080466470592,10.344696389138168,429300,13.212782
3499,1994-01-17,23.34863598687415,23.43741462391929,22.90474455533516,23.171080466470592,10.344696389138168,233000,13.263404999999999
3500,1994-01-18,23.171080466470592,23.259857349829,22.9935231923803,23.259857349829,10.384329709247606,218500,13.111533999999999
3501,1994-01-19,23.259857349829,23.259857349829,22.815965918290015,22.9935231923803,10.265422734172367,525400,13.010286
3502,1994-01-20,22.815965918290015,22.9935231923803,22.63841039788646,22.815965918290015,10.186154340266759,681000,13.06091
3503,1994-01-21,22.90474455533516,22.90474455533516,22.63841039788646,22.90474455533516,10.22579292143639,454500,12.909039
3504,1994-01-24,22.63841039788646,22.90474455533516,22.549633514528047,22.63841039788646,10.10688594636115,626100,13.06091
3505,1994-01-25,22.727189034931605,22.90474455533516,22.549633514528047,22.90474455533516,10.22579292143639,965700,13.06091
3506,1994-01-26,22.90474455533516,22.90474455533516,22.727189034931605,22.90474455533516,10.22579292143639,341900,13.010286
3507,1994-01-27,22.90474455533516,22.90474455533516,22.727189034931605,22.815965918290015,10.186154340266759,393000,13.162157999999998
3508,1994-01-28,22.815965918290015,23.082301829425443,22.815965918290015,23.082301829425443,10.305059561655268,187600,13.415277
3509,1994-01-31,23.082301829425443,23.526193260964437,22.9935231923803,23.526193260964437,10.503234930636117,664200,13.263404999999999
3510,1994-02-01,23.357532501820042,23.357532501820042,23.092106095419226,23.180580399079755,10.348936629120656,485400,13.263404999999999
3511,1994-02-02,23.180580399079755,23.180580399079755,23.092106095419226,23.180580399079755,10.348936629120656,245100,12.959663
3512,1994-02-03,23.180580399079755,23.180580399079755,22.64972758627812,22.64972758627812,10.111934971840492,493300,12.757169000000001
3513,1994-02-04,22.64972758627812,22.826677941308798,22.295826876216772,22.295826876216772,9.953938527546015,582200,12.757169000000001
3514,1994-02-07,22.384301179877305,22.47277723124745,22.20735082484663,22.295826876216772,9.953938527546015,390800,12.807792
3515,1994-02-08,22.561251534907978,22.561251534907978,22.295826876216772,22.384301179877305,9.99344026018405,241900,12.807792
3516,1994-02-09,22.47277723124745,22.47277723124745,22.20735082484663,22.384301179877305,9.99344026018405,273300,12.605297
3517,1994-02-10,22.384301179877305,22.384301179877305,21.941922670736197,22.030398722106344,9.835438572760738,721500,12.554673
3518,1994-02-11,22.118874773476488,22.118874773476488,21.853448367075664,21.941922670736197,9.795943830961146,512100,12.554673
3519,1994-02-14,22.118874773476488,22.118874773476488,21.941922670736197,21.941922670736197,9.795943830961146,325600,12.655921000000001
3520,1994-02-15,22.118874773476488,22.118874773476488,21.941922670736197,22.118874773476488,9.874942053108386,439500,12.453426
3521,1994-02-16,22.118874773476488,22.118874773476488,21.764972315705524,21.764972315705524,9.716942113394685,642200,12.453426
3522,1994-02-17,21.941922670736197,21.941922670736197,21.588021960674848,21.764972315705524,9.716942113394685,649300,12.402802000000001
3523,1994-02-18,21.764972315705524,21.941922670736197,21.49954765701432,21.676496264335384,9.67744562388548,296000,12.50405
3524,1994-02-22,21.764972315705524,21.941922670736197,21.49954765701432,21.853448367075664,9.756440350613499,937800,12.352179
3525,1994-02-23,21.853448367075664,21.853448367075664,21.588021960674848,21.588021960674848,9.637940395828224,306100,12.352179
3526,1994-02-24,21.764972315705524,21.764972315705524,21.411071605644175,21.588021960674848,9.637940395828224,345600,12.352179
3527,1994-02-25,21.411071605644175,21.588021960674848,21.411071605644175,21.588021960674848,9.637940395828224,629600,12.250932
3528,1994-02-28,21.588021960674848,21.588021960674848,21.411071605644175,21.411071605644175,9.558943921390595,405400,12.402802000000001
3529,1994-03-01,21.42651930220109,21.602866861263593,21.338343780896743,21.602866861263593,9.644573865652175,693100,12.301556
3530,1994-03-02,21.51469308173234,21.51469308173234,21.250168259592392,21.42651930220109,9.565840496311143,323700,12.250932
3531,1994-03-03,21.42651930220109,21.51469308173234,21.250168259592392,21.338343780896743,9.526474682527175,297200,12.301556
3532,1994-03-04,21.51469308173234,21.51469308173234,21.338343780896743,21.42651930220109,9.565840496311143,289800,12.453426
3533,1994-03-07,21.51469308173234,21.69104238256794,21.51469308173234,21.69104238256794,9.683936195889947,708100,12.554673
3534,1994-03-08,21.602866861263593,21.867391683403532,21.51469308173234,21.867391683403532,9.76266956523098,727900,12.605297
3535,1994-03-09,21.867391683403532,21.955567204707886,21.69104238256794,21.955567204707886,9.802030153695656,786400,12.655921000000001
3536,1994-03-10,22.043742726012233,22.131918247316577,21.867391683403532,22.043742726012233,9.841399451025815,249100,12.655921000000001
3537,1994-03-11,22.043742726012233,22.043742726012233,21.867391683403532,22.043742726012233,9.936792880047555,150300,12.605297
3538,1994-03-14,22.043742726012233,22.131918247316577,21.779217903872283,21.955567204707886,9.897045617955165,137000,12.655921000000001
3539,1994-03-15,21.779217903872283,22.043742726012233,21.779217903872283,22.043742726012233,9.936792880047555,195500,12.959663
3540,1994-03-16,22.043742726012233,22.660966149823373,21.867391683403532,22.572792370292124,10.175276452601905,248800,13.212782
3541,1994-03-17,22.660966149823373,23.190017535876365,22.396443069456524,23.013668235040765,10.374014504836957,533100,13.465898999999999
3542,1994-03-18,23.27819305718071,23.454540616243204,23.013668235040765,23.454540616243204,10.572749073525816,376500,13.465898999999999
3543,1994-03-21,23.454540616243204,23.454540616243204,23.101842014572014,23.454540616243204,10.572749073525816,640500,13.263404999999999
3544,1994-03-22,23.454540616243204,23.542716137547558,23.101842014572014,23.101842014572014,10.413760025156252,256000,13.111533999999999
3545,1994-03-23,23.27819305718071,23.27819305718071,22.837317192432067,22.837317192432067,10.294518238879078,341400,12.858416
3546,1994-03-24,22.660966149823373,22.837317192432067,22.220093768620927,22.396443069456524,10.095783670190219,451300,12.807792
3547,1994-03-25,22.396443069456524,22.484616848987773,22.131918247316577,22.308267548152177,10.056036408097828,260200,12.858416
3548,1994-03-28,22.308267548152177,22.396443069456524,22.043742726012233,22.396443069456524,10.095783670190219,285600,12.959663
3549,1994-03-29,22.484616848987773,22.572792370292124,22.396443069456524,22.572792370292124,10.175276452601905,253800,12.858416
3550,1994-03-30,22.572792370292124,22.572792370292124,22.396443069456524,22.396443069456524,10.095783670190219,439200,12.655921000000001
3551,1994-03-31,22.572792370292124,22.572792370292124,21.955567204707886,22.043742726012233,9.936792880047555,339200,12.50405
3552,1994-04-04,21.83772086700814,21.83772086700814,21.485500825176388,21.749666726255086,9.80423534715061,268600,12.757169000000001
3553,1994-04-05,21.83772086700814,22.189944387659434,21.83772086700814,22.189944387659434,10.002696783602442,243200,12.959663
3554,1994-04-06,22.277998528412482,22.542164429491184,22.10188850749661,22.542164429491184,10.161470107347354,377500,13.111533999999999
3555,1994-04-07,22.63021857024423,22.806330330569878,22.454108549328357,22.806330330569878,10.280550100156038,353000,13.06091
3556,1994-04-08,22.806330330569878,22.806330330569878,22.542164429491184,22.71827445040706,10.24085676921981,234800,13.567147
3557,1994-04-11,22.894386210732698,23.598828033805972,22.71827445040706,23.598828033805972,10.63778833917232,494500,13.465898999999999
3558,1994-04-12,23.51077215364315,23.51077215364315,23.24660799197422,23.422716273480326,10.558403416709634,262400,13.465898999999999
3559,1994-04-13,23.422716273480326,23.422716273480326,23.1585521118114,23.422716273480326,10.558403416709634,163900,13.415277
3560,1994-04-14,23.422716273480326,23.422716273480326,23.1585521118114,23.334663872137043,10.518706606953867,159000,13.465898999999999
3561,1994-04-15,23.422716273480326,23.422716273480326,23.24660799197422,23.422716273480326,10.558403416709634,296300,13.415277
3562,1994-04-18,23.334663872137043,23.422716273480326,23.1585521118114,23.334663872137043,10.518706606953867,1671100,13.617771
3563,1994-04-19,23.334663872137043,23.686883913968792,23.24660799197422,23.686883913968792,10.677481670108548,225100,13.719018
3564,1994-04-20,23.598828033805972,23.862993934884667,23.598828033805972,23.862993934884667,10.756870071390773,363200,13.921513000000001
3565,1994-04-21,23.862993934884667,24.391325737042063,23.774939794131615,24.21521571612619,10.915639916316147,509800,13.972135999999999
3566,1994-04-22,24.21521571612619,24.391325737042063,24.127161575373133,24.30326985687924,10.955338465481683,388600,14.124007999999998
3567,1994-04-25,24.127161575373133,24.831603398446404,24.03910569521031,24.567437497367703,11.074416718880595,487100,14.478373999999999
3568,1994-04-26,24.831603398446404,25.44798934135685,24.567437497367703,25.183825179687922,11.352268296024423,840700,14.42775
3569,1994-04-28,25.0957692995251,25.271879320440977,24.91965927860923,25.0957692995251,11.312573225678426,311100,14.326503
3570,1994-04-29,25.0957692995251,25.0957692995251,24.91965927860923,24.91965927860923,11.233188303215739,407900,14.326503
3571,1994-05-02,24.902764594352547,24.990759037383054,24.81476841309153,24.902764594352547,11.225572582332202,56000,14.351814000000001
3572,1994-05-03,24.902764594352547,25.07875521864407,24.81476841309153,24.946760946752544,11.245398839511864,457000,14.073383999999999
3573,1994-05-04,24.990759037383054,24.990759037383054,24.37478924501695,24.462785426277964,11.027242219545764,296500,13.972135999999999
3574,1994-05-05,24.37478924501695,24.55078160753898,24.28679306375593,24.28679306375593,10.947911117369493,77500,13.820266
3575,1994-05-06,24.37478924501695,24.37478924501695,23.934811815172885,24.0228079964339,10.828906642067798,355500,13.617771
3576,1994-05-09,23.846815633911866,23.934811815172885,23.494832647098306,23.670825009620337,10.670242699484746,158200,13.567147
3577,1994-05-10,23.494832647098306,23.670825009620337,23.494832647098306,23.58282882835932,10.630576279281355,151300,13.263404999999999
3578,1994-05-11,23.494832647098306,23.58282882835932,23.054855217254236,23.054855217254236,10.392579496291527,242700,13.415277
3579,1994-05-12,23.318843761037286,23.494832647098306,23.23084757977627,23.318843761037286,10.511575280440677,117500,13.465898999999999
3580,1994-05-13,23.494832647098306,23.494832647098306,23.318843761037286,23.406836465837287,10.551245177105084,421700,13.668395
3581,1994-05-16,23.318843761037286,23.758821190881356,23.318843761037286,23.758821190881356,10.709907381457628,177200,13.719018
3582,1994-05-17,23.494832647098306,23.846815633911866,23.494832647098306,23.846815633911866,10.749577278122034,269800,13.617771
3583,1994-05-18,23.758821190881356,23.846815633911866,23.58282882835932,23.670825009620337,10.670242699484746,683700,13.719018
3584,1994-05-19,23.670825009620337,23.846815633911866,23.670825009620337,23.846815633911866,10.749577278122034,461400,13.719018
3585,1994-05-20,23.670825009620337,23.846815633911866,23.670825009620337,23.846815633911866,10.749577278122034,43900,13.617771
3586,1994-05-23,23.846815633911866,23.846815633911866,23.670825009620337,23.670825009620337,10.670242699484746,270600,13.592459
3587,1994-05-24,23.670825009620337,23.846815633911866,23.58282882835932,23.62682691898983,10.650407751152544,251100,13.567147
3588,1994-05-25,23.58282882835932,23.846815633911866,23.58282882835932,23.58282882835932,10.630576279281355,74800,13.87089
3589,1994-05-26,23.846815633911866,24.110804177694916,23.846815633911866,24.110804177694916,10.868578276962714,334300,13.820266
3590,1994-05-27,23.934811815172885,24.198798620725427,23.934811815172885,24.0228079964339,10.828906642067798,163400,13.845576999999999
3591,1994-05-31,24.110804177694916,24.198798620725427,24.0228079964339,24.066804348833898,10.84874332863051,107400,13.946825
3592,1994-06-01,23.94164986131081,24.20474308718919,23.94164986131081,24.16089537111487,10.89115872514865,207100,13.87089
3593,1994-06-02,24.117045922682436,24.20474308718919,24.029348758175676,24.029348758175676,10.83186010710811,56000,13.87089
3594,1994-06-03,23.94164986131081,24.20474308718919,23.94164986131081,24.029348758175676,10.83186010710811,89100,13.921513000000001
3595,1994-06-06,24.20474308718919,24.292441984054054,24.029348758175676,24.117045922682436,10.87138732206081,337700,14.124007999999998
3596,1994-06-07,24.292441984054054,24.46783977778378,24.029348758175676,24.46783977778378,11.029520434885134,107400,14.174631
3597,1994-06-08,24.20474308718919,24.55553694229054,24.20474308718919,24.55553694229054,11.06905631162838,51100,14.124007999999998
3598,1994-06-09,24.55553694229054,24.643235839155405,24.38014088091892,24.46783977778378,11.029520434885134,146600,14.174631
3599,1994-06-10,24.55553694229054,24.730934736020274,24.46783977778378,24.55553694229054,11.06905631162838,350100,13.921513000000001
3600,1994-06-13,24.46783977778378,24.55553694229054,24.117045922682436,24.117045922682436,10.965379875932433,135300,13.87089
3601,1994-06-14,24.20474308718919,24.20474308718919,24.029348758175676,24.029348758175676,10.925502724641893,264400,13.719018
3602,1994-06-15,24.029348758175676,24.117045922682436,23.59085600620946,23.76625206758108,10.805886861993244,329600,13.567147
3603,1994-06-16,23.678554903074325,23.76625206758108,23.327759315614863,23.503157109344595,10.686264069912163,364900,13.364653
3604,1994-06-17,23.59085600620946,23.59085600620946,23.06466608973649,23.152364986601352,10.526767591256757,159000,13.212782
3605,1994-06-20,22.97696719287162,23.152364986601352,22.626173337770272,22.889270028364866,10.407139602101353,176000,13.111533999999999
3606,1994-06-21,22.626173337770272,22.889270028364866,22.45077727639865,22.713872234635133,10.327397426027026,189300,13.415277
3607,1994-06-22,22.801571131499998,23.240063883466217,22.626173337770272,23.240063883466217,10.566637813114864,859700,13.465898999999999
3608,1994-06-23,23.327759315614863,23.327759315614863,23.152364986601352,23.327759315614863,10.606509767331081,174800,13.465898999999999
3609,1994-06-24,23.327759315614863,23.327759315614863,23.240063883466217,23.327759315614863,10.606509767331081,126400,13.516523000000001
3610,1994-06-27,23.152364986601352,23.415458212479734,23.152364986601352,23.415458212479734,10.64638865097973,318000,13.794954
3611,1994-06-28,23.327759315614863,23.94164986131081,23.240063883466217,23.897800412878382,10.865699990391892,372100,13.921513000000001
3612,1994-06-29,23.76625206758108,24.117045922682436,23.76625206758108,24.117045922682436,10.965379875932433,486600,14.124007999999998
3613,1994-06-30,24.292441984054054,24.46783977778378,24.029348758175676,24.46783977778378,11.124879819304052,179000,14.225254999999999
3614,1994-07-01,24.40188872716981,24.57681202287736,24.226963703773585,24.57681202287736,11.174422585613206,103200,14.478373999999999
3615,1994-07-05,24.57681202287736,25.189046149386794,24.489349511179245,25.01412285367924,11.373260548018866,629800,14.528997
3616,1994-07-06,25.189046149386794,25.276506933396227,25.10158363768868,25.10158363768868,11.413030213726415,531100,14.680867999999998
3617,1994-07-07,25.189046149386794,25.538894468490565,25.189046149386794,25.363969445094337,11.532323661650942,477700,14.680867999999998
3618,1994-07-08,25.276506933396227,25.363969445094337,25.189046149386794,25.363969445094337,11.532323661650942,642400,14.630244
3619,1994-07-11,25.189046149386794,25.363969445094337,25.10158363768868,25.276506933396227,11.492557451320755,986900,14.630244
3620,1994-07-12,25.10158363768868,25.363969445094337,25.10158363768868,25.276506933396227,11.492557451320755,190300,14.630244
3621,1994-07-13,25.232777405235847,25.276506933396227,25.189046149386794,25.276506933396227,11.492557451320755,613500,14.630244
3622,1994-07-14,25.189046149386794,25.363969445094337,25.189046149386794,25.276506933396227,11.492557451320755,251600,14.680867999999998
3623,1994-07-15,25.189046149386794,25.363969445094337,25.189046149386794,25.363969445094337,11.532323661650942,181200,14.731492000000001
3624,1994-07-18,25.232777405235847,25.451431956792455,25.189046149386794,25.451431956792455,11.572091599669813,965400,14.680867999999998
3625,1994-07-19,25.276506933396227,25.6263552525,25.276506933396227,25.363969445094337,11.532323661650942,380900,14.680867999999998
3626,1994-07-20,25.363969445094337,25.363969445094337,25.189046149386794,25.363969445094337,11.532323661650942,371600,14.680867999999998
3627,1994-07-21,25.189046149386794,25.451431956792455,25.189046149386794,25.363969445094337,11.532323661650942,1313100,14.554309
3628,1994-07-22,25.276506933396227,25.451431956792455,25.10158363768868,25.145314893537737,11.432905544292455,475500,14.630244
3629,1994-07-25,25.10158363768868,25.276506933396227,25.10158363768868,25.276506933396227,11.492557451320755,321900,14.377126
3630,1994-07-26,25.189046149386794,25.276506933396227,24.751737046273586,24.839197830283023,11.293724671981133,207400,14.326503
3631,1994-07-27,24.751737046273586,24.92666034198113,24.3144262154717,24.751737046273586,11.253956733962264,330100,14.326503
3632,1994-07-28,24.57681202287736,24.92666034198113,24.57681202287736,24.751737046273586,11.253956733962264,113000,14.42775
3633,1994-07-29,24.751737046273586,24.92666034198113,24.751737046273586,24.92666034198113,11.333494337688679,22700,14.528997
3634,1994-08-01,24.652065621926177,25.087613748785238,24.652065621926177,25.00050343512081,11.367071702798658,309300,14.478373999999999
3635,1994-08-02,25.00050343512081,25.087613748785238,24.91339484218792,24.91339484218792,11.327462183395975,123400,14.528997
3636,1994-08-03,24.91339484218792,25.17472234171812,24.91339484218792,25.00050343512081,11.367071702798658,142200,14.680867999999998
3637,1994-08-04,25.00050343512081,25.26183265538255,25.00050343512081,25.26183265538255,11.485884774422818,248400,14.579621
3638,1994-08-05,25.17472234171812,25.17472234171812,25.00050343512081,25.087613748785238,11.406676060006713,96000,14.680867999999998
3639,1994-08-08,25.00050343512081,25.26183265538255,25.00050343512081,25.26183265538255,11.485884774422818,227600,14.579621
3640,1994-08-09,25.087613748785238,25.26183265538255,25.087613748785238,25.087613748785238,11.406676060006713,28600,14.528997
3641,1994-08-10,25.26183265538255,25.26183265538255,25.00050343512081,25.00050343512081,11.367071702798658,108300,14.478373999999999
3642,1994-08-11,24.91339484218792,25.087613748785238,24.91339484218792,24.91339484218792,11.327462183395975,100200,14.630244
3643,1994-08-12,24.82628452852349,25.17472234171812,24.82628452852349,25.17472234171812,11.44627869648322,60000,14.731492000000001
3644,1994-08-15,25.17472234171812,25.348942969046984,25.00050343512081,25.348942969046984,11.52549257309396,63200,14.782116
3645,1994-08-16,25.348942969046984,25.610272189308727,25.26183265538255,25.436053282711413,11.56509520957047,264400,14.579621
3646,1994-08-17,25.436053282711413,25.610272189308727,25.087613748785238,25.087613748785238,11.406676060006713,239200,14.528997
3647,1994-08-18,25.17472234171812,25.17472234171812,24.82628452852349,25.00050343512081,11.367071702798658,183200,14.503685
3648,1994-08-19,24.82628452852349,25.00050343512081,24.82628452852349,24.956948278288593,11.34725919980537,342200,14.326503
3649,1994-08-22,24.956948278288593,24.956948278288593,24.477844994597316,24.652065621926177,11.20863878738255,180200,14.174631
3650,1994-08-23,24.477844994597316,24.608508744362414,24.390734680932887,24.390734680932887,11.089822274295305,168600,14.199944
3651,1994-08-24,24.390734680932887,24.564955308261748,24.303626087999998,24.434291558496646,11.109627894362417,146900,14.225254999999999
3652,1994-08-25,24.390734680932887,24.652065621926177,24.390734680932887,24.477844994597316,11.129424910771812,158200,14.225254999999999
3653,1994-08-26,24.477844994597316,24.652065621926177,24.477844994597316,24.477844994597316,11.129424910771812,62200,14.478373999999999
3654,1994-08-29,24.477844994597316,25.00050343512081,24.477844994597316,24.91339484218792,11.327462183395975,212300,14.528997
3655,1994-08-30,24.91339484218792,25.00050343512081,24.82628452852349,25.00050343512081,11.367071702798658,54500,14.630244
3656,1994-08-31,25.00050343512081,25.17472234171812,24.91339484218792,25.17472234171812,11.44627869648322,153500,14.680867999999998
3657,1994-09-01,25.02044476953815,25.194197226586343,25.02044476953815,25.194197226586343,11.455132740220883,105600,14.680867999999998
3658,1994-09-02,25.10732014,25.28107431317269,25.10732014,25.194197226586343,11.455132740220883,84600,14.579621
3659,1994-09-06,25.194197226586343,25.28107431317269,25.02044476953815,25.02044476953815,11.376136097329317,88100,14.377126
3660,1994-09-07,25.02044476953815,25.10732014,24.67293813931727,24.67293813931727,11.2181307986747,150100,14.478373999999999
3661,1994-09-08,24.71637668261044,24.84669231248996,24.58606276885542,24.84669231248996,11.297134306064256,150800,14.174631
3662,1994-09-09,24.67293813931727,24.67293813931727,24.15167905204819,24.325431509096386,11.060130648393574,241400,14.073383999999999
3663,1994-09-12,24.15167905204819,24.325431509096386,24.064801965461847,24.15167905204819,11.076063148232931,70600,14.225254999999999
3664,1994-09-13,24.325431509096386,24.41230859568273,24.238556138634536,24.41230859568273,11.195591219518072,47600,14.187287
3665,1994-09-14,24.325431509096386,24.49918568226908,24.325431509096386,24.34715078074297,11.165718640381527,88100,14.326503
3666,1994-09-15,24.325431509096386,24.58606276885542,24.325431509096386,24.58606276885542,11.275281176706827,155500,14.377126
3667,1994-09-16,24.41230859568273,24.67293813931727,24.325431509096386,24.67293813931727,11.315117574678718,403400,14.351814000000001
3668,1994-09-19,24.58606276885542,24.759815225903615,24.58606276885542,24.629499596024097,11.295203666004015,167600,14.326503
3669,1994-09-20,24.58606276885542,24.67293813931727,24.58606276885542,24.58606276885542,11.275281176706827,435300,14.326503
3670,1994-09-21,24.58606276885542,24.67293813931727,24.58606276885542,24.58606276885542,11.275281176706827,411800,14.326503
3671,1994-09-22,24.58606276885542,24.67293813931727,24.58606276885542,24.58606276885542,11.275281176706827,81700,14.326503
3672,1994-09-23,24.67293813931727,24.67293813931727,24.58606276885542,24.58606276885542,11.275281176706827,337700,14.275879000000002
3673,1994-09-26,24.58606276885542,24.67293813931727,24.325431509096386,24.49918568226908,11.23543619811245,193000,14.377126
3674,1994-09-27,24.41230859568273,24.67293813931727,24.325431509096386,24.67293813931727,11.315117574678718,34500,14.326503
3675,1994-09-28,24.41230859568273,24.67293813931727,24.41230859568273,24.58606276885542,11.275281176706827,107400,14.124007999999998
3676,1994-09-29,24.49918568226908,24.58606276885542,24.238556138634536,24.238556138634536,11.115904694578314,819200,14.149320000000001
3677,1994-09-30,24.238556138634536,24.325431509096386,24.238556138634536,24.281994681927713,11.135835764497992,410600,14.073383999999999
3678,1994-10-03,24.22234305760535,24.309160317451507,24.048705107959865,24.135524082782606,11.068654410341138,483900,13.997449
3679,1994-10-04,24.135524082782606,24.135524082782606,23.961886133137124,24.005297335525086,11.008935495571906,357500,13.921513000000001
3680,1994-10-05,23.961886133137124,24.048705107959865,23.701432638622073,23.875068873290974,10.949208005919735,546600,13.972135999999999
3681,1994-10-06,24.048705107959865,24.22234305760535,23.961886133137124,23.961886133137124,10.989026332354516,184200,14.048072
3682,1994-10-07,23.961886133137124,24.22234305760535,23.961886133137124,24.09211459537124,11.048750392053513,124900,14.02276
3683,1994-10-10,24.048705107959865,24.22234305760535,24.005297335525086,24.048705107959865,11.028846373765886,106100,13.972135999999999
3684,1994-10-11,23.961886133137124,24.22234305760535,23.961886133137124,23.961886133137124,10.989026332354516,110100,13.896201000000001
3685,1994-10-12,23.961886133137124,24.135524082782606,23.788251613444817,23.831659385879604,10.929309132561874,225400,14.02276
3686,1994-10-13,23.875068873290974,24.135524082782606,23.788251613444817,24.048705107959865,11.028846373765886,122400,13.972135999999999
3687,1994-10-14,23.961886133137124,24.135524082782606,23.961886133137124,23.961886133137124,10.989026332354516,205100,13.87089
3688,1994-10-17,23.961886133137124,24.048705107959865,23.788251613444817,23.788251613444817,10.909396539391304,63400,13.567147
3689,1994-10-18,23.788251613444817,23.875068873290974,23.267339479484953,23.267339479484953,10.670508875478262,132300,13.769642000000001
3690,1994-10-19,23.267339479484953,23.614613663799336,23.267339479484953,23.614613663799336,10.829770176381272,86900,13.719018
3691,1994-10-20,23.614613663799336,23.614613663799336,23.35415845430769,23.52779468897659,10.789951849946489,103700,13.516523000000001
3692,1994-10-21,23.52779468897659,23.52779468897659,23.180520504662212,23.180520504662212,10.630692264020066,166100,13.263404999999999
3693,1994-10-24,23.180520504662212,23.267339479484953,22.746429060501672,22.746429060501672,10.431610921705685,232300,12.959663
3694,1994-10-25,22.57279282583277,22.83324803532442,22.138699666695654,22.2255186415184,10.192723257792643,442700,12.858416
3695,1994-10-26,22.138699666695654,22.399154876187293,21.965063432026753,22.0518824068495,10.113091749852844,637300,12.858416
3696,1994-10-27,21.965063432026753,22.2255186415184,21.965063432026753,22.0518824068495,10.113091749852844,190100,12.858416
3697,1994-10-28,22.138699666695654,22.2255186415184,21.878246172180603,22.0518824068495,10.113091749852844,454300,12.833103999999999
3698,1994-10-31,22.2255186415184,22.2255186415184,21.965063432026753,22.008472919438127,10.093184301612041,369300,12.757169000000001
3699,1994-11-01,22.109122245631266,22.109122245631266,21.718960529378762,21.849016718376756,10.020058910781565,182700,12.50405
3700,1994-11-02,21.9357179898998,21.9357179898998,21.328800525811626,21.41550351002004,9.821245254889782,479000,12.478738
3701,1994-11-03,21.502204781543085,21.502204781543085,21.328800525811626,21.372152017915834,9.801366115791584,149600,12.200308
3702,1994-11-04,21.328800525811626,21.41550351002004,20.808586045931865,20.895289030140283,9.582668182745492,369800,12.250932
3703,1994-11-07,20.808586045931865,21.15539627008016,20.808586045931865,20.9819920143487,9.622431598997997,363400,12.453426
3704,1994-11-08,21.068694998557117,21.328800525811626,20.9819920143487,21.328800525811626,9.781481838637276,472100,12.478738
3705,1994-11-09,21.328800525811626,21.41550351002004,21.242097541603208,21.372152017915834,9.801366115791584,266900,12.50405
3706,1994-11-10,21.41550351002004,21.502204781543085,21.328800525811626,21.41550351002004,9.821245254889782,792300,12.478738
3707,1994-11-11,21.502204781543085,21.502204781543085,21.328800525811626,21.372152017915834,9.801366115791584,788900,12.478738
3708,1994-11-14,21.41550351002004,21.41550351002004,21.328800525811626,21.372152017915834,9.801366115791584,604400,12.50405
3709,1994-11-15,21.328800525811626,21.41550351002004,21.328800525811626,21.41550351002004,9.821245254889782,195500,12.529361999999999
3710,1994-11-16,21.41550351002004,21.502204781543085,21.328800525811626,21.458855002124253,9.841120968617236,594300,12.554673
3711,1994-11-17,21.502204781543085,21.502204781543085,21.41550351002004,21.502204781543085,9.861012096513027,130600,12.554673
3712,1994-11-18,21.41550351002004,21.502204781543085,21.41550351002004,21.502204781543085,9.861012096513027,372800,12.655921000000001
3713,1994-11-21,21.588907765751507,21.675610749959922,21.502204781543085,21.675610749959922,9.940528652905812,284200,12.757169000000001
3714,1994-11-22,21.502204781543085,22.02242097410822,21.502204781543085,21.849016718376756,10.020058910781565,628400,12.858416
3715,1994-11-23,22.02242097410822,22.02242097410822,21.675610749959922,22.02242097410822,10.09958060523046,221700,12.959663
3716,1994-11-25,21.849016718376756,22.19582522983968,21.849016718376756,22.19582522983968,10.179105725050102,71800,12.858416
3717,1994-11-28,22.19582522983968,22.19582522983968,21.9357179898998,22.02242097410822,10.09958060523046,174800,12.807792
3718,1994-11-29,22.02242097410822,22.02242097410822,21.9357179898998,21.9357179898998,10.059813763607217,82200,12.655921000000001
3719,1994-11-30,22.02242097410822,22.02242097410822,21.675610749959922,21.675610749959922,9.940528652905812,174800,12.402802000000001
3720,1994-12-01,21.76231373416834,21.76231373416834,21.15539627008016,21.242097541603208,9.741723560440882,447100,12.453426
3721,1994-12-02,21.328800525811626,21.328800525811626,21.068694998557117,21.328800525811626,9.781481838637276,235300,12.301556
3722,1994-12-05,21.15539627008016,21.41550351002004,21.068694998557117,21.068694998557117,9.662195015250502,536300,12.149683999999999
3723,1994-12-06,21.242097541603208,21.242097541603208,20.808586045931865,20.808586045931865,9.5429099045491,124400,12.149683999999999
3724,1994-12-07,20.895289030140283,20.895289030140283,20.635181790200402,20.808586045931865,9.5429099045491,112100,12.250932
3725,1994-12-08,20.808586045931865,20.9819920143487,20.635181790200402,20.9819920143487,9.622431598997997,152300,12.200308
3726,1994-12-09,20.808586045931865,21.068694998557117,20.808586045931865,20.895289030140283,9.582668182745492,142700,12.149683999999999
3727,1994-12-12,20.808586045931865,21.068694998557117,20.635181790200402,20.808586045931865,9.638900781523047,233800,12.200308
3728,1994-12-13,20.808586045931865,20.9819920143487,20.635181790200402,20.895289030140283,9.679064966152305,131300,12.200308
3729,1994-12-14,20.9819920143487,21.068694998557117,20.895289030140283,20.895289030140283,9.679064966152305,161200,12.200308
3730,1994-12-15,20.9819920143487,20.9819920143487,20.721883061723446,20.895289030140283,9.679064966152305,145600,12.200308
3731,1994-12-16,20.9819920143487,21.068694998557117,20.721883061723446,20.895289030140283,9.679064966152305,194800,12.554673
3732,1994-12-19,20.9819920143487,21.588907765751507,20.9819920143487,21.502204781543085,9.960202269759522,288100,12.554673
3733,1994-12-20,21.588907765751507,21.588907765751507,21.41550351002004,21.502204781543085,9.960202269759522,134300,12.554673
3734,1994-12-21,21.41550351002004,21.502204781543085,21.328800525811626,21.502204781543085,9.960202269759522,218200,12.50405
3735,1994-12-22,21.502204781543085,21.502204781543085,21.328800525811626,21.41550351002004,9.92003637244489,97700,12.554673
3736,1994-12-23,21.502204781543085,21.502204781543085,21.328800525811626,21.502204781543085,9.960202269759522,74500,12.605297
3737,1994-12-27,21.502204781543085,21.675610749959922,21.328800525811626,21.588907765751507,10.000361316332667,161700,12.478738
3738,1994-12-28,21.502204781543085,21.588907765751507,21.242097541603208,21.372152017915834,9.899951711102206,360200,12.554673
3739,1994-12-29,21.242097541603208,21.502204781543085,21.242097541603208,21.502204781543085,9.960202269759522,96200,12.554673
3740,1994-12-30,21.502204781543085,21.588907765751507,21.41550351002004,21.502204781543085,9.960202269759522,182200,12.858416
3741,1995-01-03,21.416367636706582,21.977683844331338,21.416367636706582,21.934507117924152,10.160443604451098,488900,13.06091
3742,1995-01-04,21.934507117924152,22.279931164271456,21.934507117924152,22.279931164271456,10.32045217530938,482200,12.959663
3743,1995-01-05,22.279931164271456,22.279931164271456,22.020862276586826,22.107219141097808,10.240449595728542,128100,13.010286
3744,1995-01-06,22.193574299760478,22.193574299760478,22.020862276586826,22.193574299760478,10.280453444291416,346100,13.010286
3745,1995-01-09,22.193574299760478,22.193574299760478,22.020862276586826,22.193574299760478,10.280453444291416,117200,13.010286
3746,1995-01-10,22.193574299760478,22.45264489329341,22.020862276586826,22.193574299760478,10.280453444291416,201200,12.909039
3747,1995-01-11,22.193574299760478,22.279931164271456,22.020862276586826,22.020862276586826,10.200450864710579,263900,13.010286
3748,1995-01-12,22.193574299760478,22.193574299760478,22.020862276586826,22.193574299760478,10.280453444291416,146600,13.263404999999999
3749,1995-01-13,22.107219141097808,22.625356916467066,22.107219141097808,22.625356916467066,10.480460746167665,168100,13.415277
3750,1995-01-16,22.625356916467066,22.88442751,22.539001757804392,22.88442751,10.600470586007983,116700,13.465898999999999
3751,1995-01-17,22.798070645489023,22.97078096281437,22.798070645489023,22.97078096281437,10.640467611177645,101200,13.212782
3752,1995-01-18,22.711713780978048,22.97078096281437,22.36628802878243,22.539001757804392,10.440465426846306,789600,13.111533999999999
3753,1995-01-19,22.539001757804392,22.539001757804392,22.279931164271456,22.36628802878243,10.360454318023953,37200,13.086223
3754,1995-01-20,22.279931164271456,22.36628802878243,22.279931164271456,22.32311130237525,10.340456658363273,32300,12.883727
3755,1995-01-23,22.193574299760478,22.193574299760478,21.934507117924152,21.977683844331338,10.180454910898204,227100,12.909039
3756,1995-01-24,22.020862276586826,22.020862276586826,21.934507117924152,22.020862276586826,10.200450864710579,58000,12.934351
3757,1995-01-25,22.020862276586826,22.107219141097808,21.7617950947505,22.064040708842313,10.220446818522955,95800,12.959663
3758,1995-01-26,21.934507117924152,22.107219141097808,21.934507117924152,22.107219141097808,10.240449595728542,56500,12.909039
3759,1995-01-27,22.107219141097808,22.193574299760478,21.934507117924152,22.020862276586826,10.200450864710579,211800,12.858416
3760,1995-01-30,22.020862276586826,22.193574299760478,21.934507117924152,21.934507117924152,10.160443604451098,88600,12.807792
3761,1995-01-31,22.020862276586826,22.020862276586826,21.7617950947505,21.84815025341317,10.120449990978042,254500,12.909039
3762,1995-02-01,21.847292377892646,21.9333041760835,21.589253585188867,21.9333041760835,10.159892411968192,191300,12.807792
3763,1995-02-02,21.9333041760835,21.9333041760835,21.761278880636183,21.761278880636183,10.080209633161033,180400,13.010286
3764,1995-02-03,21.847292377892646,22.191342968787275,21.847292377892646,22.105329471530816,10.239576889840954,257500,13.516523000000001
3765,1995-02-06,22.01931767333996,23.223499838667994,22.01931767333996,22.96545934689861,10.638002677335985,792600,13.415277
3766,1995-02-07,22.879445849642142,23.223499838667994,22.793435750516895,22.793435750516895,10.558321597594434,201700,13.364653
3767,1995-02-08,22.707422253260436,22.879445849642142,22.707422253260436,22.707422253260436,10.518478509125249,129600,13.415277
3768,1995-02-09,22.879445849642142,22.879445849642142,22.62140875600398,22.793435750516895,10.558321597594434,210600,13.314029000000001
3769,1995-02-10,22.62140875600398,22.793435750516895,22.62140875600398,22.62140875600398,10.478630323459246,65400,13.263404999999999
3770,1995-02-13,22.793435750516895,22.793435750516895,22.535395258747513,22.535395258747513,10.438788934055667,54300,13.364653
3771,1995-02-14,22.535395258747513,22.793435750516895,22.535395258747513,22.707422253260436,10.518478509125249,189800,13.415277
3772,1995-02-15,22.62140875600398,22.879445849642142,22.62140875600398,22.793435750516895,10.558321597594434,123900,13.314029000000001
3773,1995-02-16,22.62140875600398,22.793435750516895,22.363369963300194,22.62140875600398,10.478630323459246,335800,13.314029000000001
3774,1995-02-17,22.62140875600398,22.62140875600398,22.363369963300194,22.62140875600398,10.478630323459246,217700,13.314029000000001
3775,1995-02-21,22.62140875600398,22.62140875600398,22.44938346055666,22.62140875600398,10.478630323459246,38000,13.364653
3776,1995-02-22,22.62140875600398,22.707422253260436,22.44938346055666,22.707422253260436,10.518478509125249,87600,13.567147
3777,1995-02-23,22.707422253260436,23.051472844155068,22.535395258747513,23.051472844155068,10.677847464870775,220200,13.541835999999998
3778,1995-02-24,22.879445849642142,23.051472844155068,22.879445849642142,23.008467794592445,10.65792252250497,127600,13.415277
3779,1995-02-27,22.793435750516895,22.96545934689861,22.707422253260436,22.793435750516895,10.558321597594434,38500,13.364653
3780,1995-02-28,22.96545934689861,22.96545934689861,22.707422253260436,22.707422253260436,10.518478509125249,104400,13.668395
3781,1995-03-01,22.632430766294583,23.318261180568033,22.632430766294583,23.146804000363275,10.722008473830911,219000,13.769642000000001
3782,1995-03-02,23.318261180568033,23.57544779760238,23.23253174373844,23.318261180568033,10.801426406017173,109600,13.794954
3783,1995-03-03,23.40399061739762,23.40399061739762,23.23253174373844,23.36112589898283,10.821277078791281,222900,13.769642000000001
3784,1995-03-06,23.23253174373844,23.48972005422721,23.23253174373844,23.318261180568033,10.801426406017173,166400,13.719018
3785,1995-03-07,23.318261180568033,23.57544779760238,23.23253174373844,23.23253174373844,10.76171659319683,462200,13.769642000000001
3786,1995-03-08,23.48972005422721,23.48972005422721,23.23253174373844,23.318261180568033,10.801426406017173,148100,13.820266
3787,1995-03-09,23.23253174373844,23.57544779760238,23.23253174373844,23.40399061739762,10.841136218837518,228100,13.820266
3788,1995-03-10,23.40399061739762,23.57544779760238,23.40399061739762,23.40399061739762,10.841136218837518,41400,13.921513000000001
3789,1995-03-13,23.57544779760238,23.57544779760238,23.40399061739762,23.57544779760238,11.027201136915457,47400,13.921513000000001
3790,1995-03-14,23.661175540977542,23.661175540977542,23.48972005422721,23.57544779760238,11.027201136915457,90100,13.921513000000001
3791,1995-03-15,23.48972005422721,23.661175540977542,23.48972005422721,23.57544779760238,11.027201136915457,36500,14.225254999999999
3792,1995-03-16,23.661175540977542,24.089821031671068,23.48972005422721,24.089821031671068,11.267790207126815,386900,14.42775
3793,1995-03-17,24.089821031671068,24.432737085535006,24.00409159484148,24.432737085535006,11.4281857430251,324400,14.326503
3794,1995-03-20,24.26127990533025,24.432737085535006,24.26127990533025,24.26127990533025,11.347987128348747,596000,14.503685
3795,1995-03-21,24.26127990533025,24.604194265739764,24.26127990533025,24.561329547324966,11.488333857305152,509300,14.478373999999999
3796,1995-03-22,24.432737085535006,24.604194265739764,24.347007648705418,24.518466522364594,11.468281663454423,241400,14.503685
3797,1995-03-23,24.518466522364594,24.604194265739764,24.518466522364594,24.561329547324966,11.488333857305152,59200,14.478373999999999
3798,1995-03-24,24.518466522364594,24.604194265739764,24.518466522364594,24.518466522364594,11.468281663454423,114000,14.478373999999999
3799,1995-03-27,24.518466522364594,24.604194265739764,24.432737085535006,24.518466522364594,11.468281663454423,474300,14.503685
3800,1995-03-28,24.518466522364594,24.604194265739764,24.518466522364594,24.561329547324966,11.488333857305152,121900,14.528997
3801,1995-03-29,24.518466522364594,24.689923702569352,24.518466522364594,24.604194265739764,11.50838943806473,178500,14.579621
3802,1995-03-30,24.689923702569352,24.689923702569352,24.604194265739764,24.689923702569352,11.54849043885733,113500,14.782116
3803,1995-03-31,24.647058984154555,25.03283975643329,24.604194265739764,25.03283975643329,11.708875814029064,717000,14.832739000000002
3804,1995-04-03,24.8649934324424,25.121333483917052,24.8649934324424,25.03588623746544,11.710308485391705,272500,14.782116
3805,1995-04-04,25.03588623746544,25.121333483917052,24.8649934324424,24.950440678894008,11.670334418986176,268600,14.883363000000001
3806,1995-04-05,25.121333483917052,25.121333483917052,24.950440678894008,25.121333483917052,11.750275800276498,374500,15.161794
3807,1995-04-06,25.03588623746544,25.634013586866356,25.03588623746544,25.591291651520738,11.970096876082948,437000,15.085857
3808,1995-04-07,25.634013586866356,25.634013586866356,25.377673535391704,25.463119093963137,11.910134932534563,332800,14.933987
3809,1995-04-10,25.377673535391704,25.463119093963137,25.206780730368664,25.206780730368664,11.790239739400922,283900,14.933987
3810,1995-04-11,25.206780730368664,25.377673535391704,25.206780730368664,25.206780730368664,11.790239739400922,325900,14.883363000000001
3811,1995-04-12,25.206780730368664,25.377673535391704,25.121333483917052,25.121333483917052,11.750275800276498,83900,14.731492000000001
3812,1995-04-13,25.121333483917052,25.292227976820275,24.8649934324424,24.8649934324424,11.630372167741934,176500,14.554309
3813,1995-04-17,24.950440678894008,24.950440678894008,24.52320613451613,24.565929757741937,11.490490785345624,220700,14.377126
3814,1995-04-18,24.52320613451613,24.694098939539167,24.18142052447005,24.266866083041474,11.35060265142857,303700,14.225254999999999
3815,1995-04-19,24.18142052447005,24.352313329493086,23.839633226543775,24.01052603156682,11.230700706774192,300200,14.124007999999998
3816,1995-04-20,24.01052603156682,24.01052603156682,23.668738733640552,23.839633226543775,11.150769452764978,120900,14.073383999999999
3817,1995-04-21,23.668738733640552,23.839633226543775,23.668738733640552,23.754185980092164,11.110802137880185,140000,14.02276
3818,1995-04-24,23.754185980092164,23.754185980092164,23.668738733640552,23.668738733640552,11.070836510875575,39500,14.073383999999999
3819,1995-04-25,23.668738733640552,23.754185980092164,23.668738733640552,23.754185980092164,11.110802137880185,109300,14.02276
3820,1995-04-26,23.668738733640552,23.839633226543775,23.668738733640552,23.668738733640552,11.070836510875575,177700,14.124007999999998
3821,1995-04-27,23.668738733640552,23.839633226543775,23.668738733640552,23.839633226543775,11.150769452764978,82900,14.073383999999999
3822,1995-04-28,23.668738733640552,23.839633226543775,23.58329148718894,23.754185980092164,11.110802137880185,329800,14.048072
3823,1995-05-01,23.707364325729305,23.792643147910642,23.536806681366624,23.664724914638636,11.06895999843627,311100,13.972135999999999
3824,1995-05-02,23.536806681366624,23.792643147910642,23.536806681366624,23.536806681366624,11.009124668081473,287100,14.124007999999998
3825,1995-05-03,23.536806681366624,23.877920285538767,23.536806681366624,23.792643147910642,11.128790275131406,148800,14.225254999999999
3826,1995-05-04,23.877920285538767,24.13375675208279,23.877920285538767,23.963199107720104,11.208563977391591,121200,14.377126
3827,1995-05-05,24.048477929901452,24.21903388971091,24.048477929901452,24.21903388971091,11.328229584441523,178500,14.731492000000001
3828,1995-05-08,24.13375675208279,24.815982275873854,24.13375675208279,24.815982275873854,11.607447649671485,355000,14.883363000000001
3829,1995-05-09,24.73070345369251,25.071817057864656,24.73070345369251,25.071817057864656,11.727114941274639,454500,14.630244
3830,1995-05-10,24.986538235683316,25.157095880045993,24.645424631511172,24.645424631511172,11.52767563196452,1725700,14.579621
3831,1995-05-11,24.56014749388305,24.73070345369251,24.56014749388305,24.56014749388305,11.487788780834428,78500,14.579621
3832,1995-05-12,24.47486867170171,24.56014749388305,24.38959153407359,24.56014749388305,11.487788780834428,104200,14.579621
3833,1995-05-15,24.38959153407359,24.56014749388305,24.38959153407359,24.56014749388305,11.487788780834428,69800,14.579621
3834,1995-05-16,24.56014749388305,24.73070345369251,24.38959153407359,24.56014749388305,11.487788780834428,170600,14.680867999999998
3835,1995-05-17,24.56014749388305,24.73070345369251,24.56014749388305,24.73070345369251,11.567559113988175,81900,14.630244
3836,1995-05-18,24.56014749388305,24.645424631511172,24.47486867170171,24.645424631511172,11.52767563196452,66400,14.579621
3837,1995-05-19,24.38959153407359,24.645424631511172,24.38959153407359,24.56014749388305,11.487788780834428,50100,14.680867999999998
3838,1995-05-22,24.56014749388305,24.901261098055194,24.56014749388305,24.73070345369251,11.567559113988175,130800,14.782116
3839,1995-05-23,24.73070345369251,24.901261098055194,24.73070345369251,24.901261098055194,11.647331131695141,96200,14.579621
3840,1995-05-24,24.73070345369251,24.901261098055194,24.47486867170171,24.56014749388305,11.487788780834428,229300,14.42775
3841,1995-05-25,24.47486867170171,24.645424631511172,24.304312711892248,24.304312711892248,11.368116435571617,118700,14.528997
3842,1995-05-26,24.346952122982916,24.47486867170171,24.304312711892248,24.47486867170171,11.447898560597901,363200,14.275879000000002
3843,1995-05-30,24.304312711892248,24.47486867170171,24.048477929901452,24.048477929901452,11.248452513074906,204200,14.377126
3844,1995-05-31,24.21903388971091,24.38959153407359,24.048477929901452,24.21903388971091,11.328229584441523,175300,14.579621
3845,1995-06-01,24.256500949180328,24.511832449632788,24.171389888616392,24.511832449632788,11.465189852085246,183900,14.959298
3846,1995-06-02,24.511832449632788,25.192717571665572,24.34161200974426,25.150160360144266,11.76375442227541,499000,14.984611
3847,1995-06-05,25.277826950990164,25.362936330314756,25.10760651110164,25.192717571665572,11.78366197735082,293800,15.060545999999999
3848,1995-06-06,25.362936330314756,25.362936330314756,25.192717571665572,25.32038248127213,11.843377917619673,101200,15.085857
3849,1995-06-07,25.362936330314756,25.448047390878692,25.10760651110164,25.362936330314756,11.863275385259016,278500,15.136481
3850,1995-06-08,25.362936330314756,25.53315845144262,25.277826950990164,25.448047390878692,11.903090495409836,339700,14.933987
3851,1995-06-09,25.362936330314756,25.53315845144262,24.937384389973776,25.10760651110164,11.743851910918035,209300,14.883363000000001
3852,1995-06-12,25.10760651110164,25.192717571665572,24.852275010649183,25.022495450537708,11.704045206963935,225900,15.161794
3853,1995-06-13,25.10760651110164,25.53315845144262,25.10760651110164,25.4906046024,11.923001412963934,174000,15.085857
3854,1995-06-14,25.362936330314756,25.448047390878692,25.192717571665572,25.362936330314756,11.968783241547541,614300,14.933987
3855,1995-06-15,25.362936330314756,25.362936330314756,25.022495450537708,25.10760651110164,11.84829218022295,362700,14.984611
3856,1995-06-16,25.277826950990164,25.277826950990164,25.022495450537708,25.192717571665572,11.888462031875413,102700,15.035233999999999
3857,1995-06-19,25.10760651110164,25.362936330314756,25.10760651110164,25.277826950990164,11.928623477331147,77500,15.060545999999999
3858,1995-06-20,25.277826950990164,25.362936330314756,25.277826950990164,25.32038248127213,11.948700837580327,43900,14.680867999999998
3859,1995-06-21,25.277826950990164,25.362936330314756,24.68205288952131,24.68205288952131,11.6474748655082,373500,14.782116
3860,1995-06-22,24.852275010649183,24.937384389973776,24.68205288952131,24.852275010649183,11.727799437659016,117500,14.782116
3861,1995-06-23,24.767163950085248,24.852275010649183,24.68205288952131,24.852275010649183,11.727799437659016,40900,14.832739000000002
3862,1995-06-26,24.68205288952131,24.937384389973776,24.68205288952131,24.937384389973776,11.767969289311475,240700,14.731492000000001
3863,1995-06-27,24.937384389973776,24.937384389973776,24.68205288952131,24.767163950085248,11.68763799220328,93500,14.883363000000001
3864,1995-06-28,24.894828859691803,25.022495450537708,24.767163950085248,25.022495450537708,11.80813241600656,109100,14.984611
3865,1995-06-29,24.937384389973776,25.192717571665572,24.937384389973776,25.192717571665572,11.888462031875413,237200,15.035233999999999
3866,1995-06-30,25.277826950990164,25.277826950990164,25.10760651110164,25.277826950990164,11.928623477331147,185400,15.111170000000001
3867,1995-07-03,25.10760651110164,25.448047390878692,25.10760651110164,25.40549354183607,11.988865645514755,153000,15.136481
3868,1995-07-05,25.448047390878692,25.61826951200656,25.362936330314756,25.448047390878692,12.008951411960657,126600,15.288353
3869,1995-07-06,25.448047390878692,25.87360101245902,25.362936330314756,25.703380572570495,12.129440792045903,467900,15.187104999999999
3870,1995-07-07,25.703380572570495,25.87360101245902,25.448047390878692,25.53315845144262,12.049106132459016,227600,15.3896
3871,1995-07-10,25.61826951200656,26.043823133586887,25.61826951200656,25.87360101245902,12.209770407914757,179000,15.3896
3872,1995-07-11,25.958712073022948,25.958712073022948,25.788489951895084,25.87360101245902,12.209770407914757,155500,15.490848000000002
3873,1995-07-12,25.788489951895084,26.128932512911476,25.788489951895084,26.043823133586887,12.29009666130492,260500,15.541471
3874,1995-07-13,25.87360101245902,26.2991529528,25.87360101245902,26.128932512911476,12.33025474428197,274800,15.845213000000001
3875,1995-07-14,26.214041892236065,26.639595513816396,26.128932512911476,26.639595513816396,12.571245273127868,316300,15.794589000000002
3876,1995-07-17,26.554484453252464,26.72470657438033,26.554484453252464,26.554484453252464,12.531080465193442,244900,15.642717999999999
3877,1995-07-18,26.554484453252464,26.639595513816396,26.214041892236065,26.2991529528,12.410580997672131,548100,15.490848000000002
3878,1995-07-19,26.2991529528,26.384264013363936,26.043823133586887,26.043823133586887,12.29009666130492,81700,15.440223999999999
3879,1995-07-20,26.128932512911476,26.128932512911476,25.788489951895084,25.958712073022948,12.249933534609838,147600,15.338976
3880,1995-07-21,25.788489951895084,25.958712073022948,25.61826951200656,25.788489951895084,12.169603918740984,70300,15.288353
3881,1995-07-24,25.788489951895084,25.788489951895084,25.53315845144262,25.703380572570495,12.129440792045903,69300,15.187104999999999
3882,1995-07-25,25.53315845144262,25.703380572570495,25.53315845144262,25.53315845144262,12.049106132459016,58500,15.187104999999999
3883,1995-07-26,25.703380572570495,25.703380572570495,25.53315845144262,25.53315845144262,12.049106132459016,161700,15.3896
3884,1995-07-27,25.703380572570495,25.87360101245902,25.53315845144262,25.87360101245902,12.209770407914757,222900,15.592094
3885,1995-07-28,25.703380572570495,26.214041892236065,25.703380572570495,26.214041892236065,12.370426277173774,218500,15.592094
3886,1995-07-31,26.214041892236065,26.2991529528,26.043823133586887,26.214041892236065,12.370426277173774,201900,15.592094
3887,1995-08-01,26.060576901366908,26.145463626984956,25.97569017574886,26.145463626984956,12.33806414172008,53300,15.490848000000002
3888,1995-08-02,26.145463626984956,26.145463626984956,25.97569017574886,25.97569017574886,12.25794467527142,80200,15.541471
3889,1995-08-03,25.97569017574886,26.060576901366908,25.89080177328973,26.060576901366908,12.29799770113146,22900,15.490848000000002
3890,1995-08-04,25.805913370830606,26.23035202944408,25.805913370830606,25.97569017574886,12.25794467527142,29100,15.338976
3891,1995-08-07,25.805913370830606,25.97569017574886,25.721024968371484,25.721024968371484,12.137767152439501,47400,15.136481
3892,1995-08-08,25.89080177328973,25.89080177328973,25.38147303537606,25.38147303537606,11.977534926906475,174800,15.085857
3893,1995-08-09,25.38147303537606,25.636138242753432,25.126811181680836,25.29658463291694,11.937471840000002,97000,14.984611
3894,1995-08-10,25.126811181680836,25.29658463291694,25.04192277922171,25.126811181680836,11.857360757756704,104400,14.984611
3895,1995-08-11,25.04192277922171,25.29658463291694,25.04192277922171,25.126811181680836,11.857360757756704,321900,15.035233999999999
3896,1995-08-14,25.126811181680836,25.29658463291694,25.126811181680836,25.211697907298888,11.897417137298888,179200,15.035233999999999
3897,1995-08-15,25.211697907298888,25.29658463291694,25.126811181680836,25.211697907298888,11.897417137298888,181900,15.136481
3898,1995-08-16,25.29658463291694,25.38147303537606,25.126811181680836,25.38147303537606,11.977534926906475,83400,15.338976
3899,1995-08-17,25.29658463291694,25.721024968371484,25.211697907298888,25.721024968371484,12.137767152439501,674500,15.338976
3900,1995-08-18,25.721024968371484,25.721024968371484,25.551249840294314,25.721024968371484,12.137767152439501,338000,15.263041000000001
3901,1995-08-21,25.551249840294314,25.721024968371484,25.551249840294314,25.59369404152387,12.077675875761937,148300,15.516159
3902,1995-08-22,25.721024968371484,26.060576901366908,25.551249840294314,26.018132700137347,12.27797286504251,325900,15.693342000000001
3903,1995-08-23,26.060576901366908,26.400128834362327,25.89080177328973,26.315240431903206,12.418175223963376,433800,15.3896
3904,1995-08-24,26.23035202944408,26.315240431903206,25.805913370830606,25.805913370830606,12.177828562504907,281400,15.3896
3905,1995-08-25,25.805913370830606,25.805913370830606,25.636138242753432,25.805913370830606,12.177828562504907,126900,15.617407
3906,1995-08-28,25.636138242753432,26.23035202944408,25.636138242753432,26.18790950505559,12.358090654650097,813600,15.743966
3907,1995-08-29,26.23035202944408,26.569903962439504,26.060576901366908,26.400128834362327,12.458239987710922,384700,16.148954
3908,1995-08-30,26.65479236489863,27.079229346671028,26.569903962439504,27.079229346671028,12.778707792459125,272500,16.300826999999998
3909,1995-08-31,27.079229346671028,27.41878295650752,26.824567492975802,27.333896230889465,12.898876931085677,345900,16.22489
3910,1995-09-01,27.195646478968666,27.36509082278068,26.390792540091386,27.153285393015665,12.813649449908617,378200,16.35145
3911,1995-09-05,27.110925980620106,27.449811321129246,27.110925980620106,27.36509082278068,12.913602668087469,269800,16.174267
3912,1995-09-06,27.36509082278068,27.36509082278068,27.02620213515666,27.068564894667105,12.77366983619452,295000,16.250201999999998
3913,1995-09-07,27.02620213515666,27.195646478968666,26.941481636808092,27.195646478968666,12.833641767101831,366100,16.35145
3914,1995-09-08,27.195646478968666,27.534535166592697,27.110925980620106,27.36509082278068,12.913602668087469,306100,16.35145
3915,1995-09-11,27.534535166592697,27.619255664941257,27.36509082278068,27.36509082278068,12.913602668087469,78200,16.705816
3916,1995-09-12,27.534535166592697,28.042863177356402,27.36509082278068,27.958142679007835,13.193471678988253,270300,16.59824
3917,1995-09-13,27.958142679007835,27.958142679007835,27.619255664941257,27.778108063707577,13.214222117702352,180200,16.604568
3918,1995-09-14,27.78869833519583,27.958142679007835,27.619255664941257,27.78869833519583,13.219262872715406,213000,16.553946
3919,1995-09-15,27.703979510404704,27.958142679007835,27.703979510404704,27.703979510404704,13.178956915300263,265100,16.503321
3920,1995-09-18,27.87341883354439,27.87341883354439,27.534535166592697,27.619255664941257,13.138659325672325,264900,16.427385
3921,1995-09-19,27.449811321129246,27.619255664941257,27.36509082278068,27.492172407082247,13.07820038954961,144900,16.35145
3922,1995-09-20,27.36509082278068,27.534535166592697,27.36509082278068,27.36509082278068,13.01774647409922,107600,16.199579
3923,1995-09-21,27.280370324432116,27.449811321129246,27.110925980620106,27.110925980620106,12.896838643198434,168600,16.123644
3924,1995-09-22,27.195646478968666,27.195646478968666,26.941481636808092,26.98384439631854,12.8363830541906,323900,16.199579
3925,1995-09-25,26.941481636808092,27.195646478968666,26.941481636808092,27.110925980620106,12.896838643198434,87900,16.148954
3926,1995-09-26,27.195646478968666,27.195646478968666,27.02620213515666,27.02620213515666,12.856536032898175,22200,16.148954
3927,1995-09-27,27.195646478968666,27.195646478968666,26.941481636808092,27.02620213515666,12.856536032898175,102200,16.250201999999998
3928,1995-09-28,26.941481636808092,27.280370324432116,26.941481636808092,27.195646478968666,12.937141253498696,126900,16.452698
3929,1995-09-29,27.280370324432116,27.619255664941257,27.110925980620106,27.534535166592697,13.09835504181462,269600,16.503321
3930,1995-10-02,27.360514602452835,27.52940772849057,27.360514602452835,27.52940772849057,13.095918078679246,107600,16.427385
3931,1995-10-03,27.52940772849057,27.52940772849057,27.360514602452835,27.40273788396227,13.035655820943399,295300,16.402073
3932,1995-10-04,27.276069707547173,27.44496283358491,27.022731686603777,27.360514602452835,13.015566733584906,200700,16.35145
3933,1995-10-05,27.360514602452835,27.360514602452835,27.19162481264151,27.276069707547173,12.975398567547172,95500,16.452698
3934,1995-10-06,27.276069707547173,27.52940772849057,27.276069707547173,27.44496283358491,13.055744908301888,141200,16.250201999999998
3935,1995-10-09,27.44496283358491,27.44496283358491,27.107176581509435,27.107176581509435,12.89505556301887,111300,16.250201999999998
3936,1995-10-10,27.107176581509435,27.19162481264151,26.9382834554717,27.107176581509435,12.89505556301887,121900,16.402073
3937,1995-10-11,27.19162481264151,27.44496283358491,26.9382834554717,27.360514602452835,13.015566733584906,366100,16.35145
3938,1995-10-12,27.360514602452835,27.613855959622644,27.276069707547173,27.276069707547173,12.975398567547172,243700,16.402073
3939,1995-10-13,27.276069707547173,27.52940772849057,27.276069707547173,27.360514602452835,13.015566733584906,197500,16.199579
3940,1995-10-16,27.360514602452835,27.360514602452835,26.9382834554717,27.022731686603777,12.854884060754719,208400,16.148954
3941,1995-10-17,27.022731686603777,27.19162481264151,26.9382834554717,26.9382834554717,12.814712558490568,362200,16.604568
3942,1995-10-18,27.107176581509435,27.6982991864151,27.107176581509435,27.6982991864151,13.176259415094341,675500,16.680504
3943,1995-10-19,27.613855959622644,27.86719231245283,27.613855959622644,27.824969030943397,13.236518336603776,160400,16.807062
3944,1995-10-20,27.6982991864151,28.036082102264153,27.6982991864151,28.036082102264153,13.336940419811322,95500,16.35145
3945,1995-10-23,27.6982991864151,27.86719231245283,27.107176581509435,27.276069707547173,12.975398567547172,688600,16.402073
3946,1995-10-24,27.276069707547173,27.360514602452835,27.107176581509435,27.360514602452835,13.015566733584906,119700,16.199579
3947,1995-10-25,27.276069707547173,27.276069707547173,26.85383856056604,27.022731686603777,12.854884060754719,131600,16.148954
3948,1995-10-26,26.85383856056604,27.022731686603777,26.76939533377359,26.9382834554717,12.814712558490568,198000,16.047709
3949,1995-10-27,26.76939533377359,26.9382834554717,26.76939533377359,26.76939533377359,12.734367885849059,173800,16.174267
3950,1995-10-30,26.9382834554717,27.107176581509435,26.76939533377359,26.98050840509434,12.834798309622641,408800,16.148954
3951,1995-10-31,26.9382834554717,27.107176581509435,26.9382834554717,26.9382834554717,12.814712558490568,133300,16.250201999999998
3952,1995-11-01,27.124824482929686,27.124824482929686,26.955821400429688,27.124824482929686,12.903450781484375,280000,16.300826999999998
3953,1995-11-02,26.955821400429688,27.29382756542969,26.955821400429688,27.209327693378906,12.943645098671874,197000,16.199579
3954,1995-11-03,27.209327693378906,27.29382756542969,27.04032461087891,27.04032461087891,12.863253125898439,129300,16.35145
3955,1995-11-06,27.124824482929686,27.29382756542969,27.124824482929686,27.29382756542969,12.983846092656252,262900,16.402073
3956,1995-11-07,27.124824482929686,27.378327437480475,27.124824482929686,27.378327437480475,13.02404040984375,319700,16.402073
3957,1995-11-08,27.378327437480475,27.462830647929692,27.29382756542969,27.378327437480475,13.02404040984375,252300,16.452698
3958,1995-11-09,27.29382756542969,27.547330519980473,27.29382756542969,27.462830647929692,13.064244742226562,325900,16.731126999999997
3959,1995-11-10,27.388890130136723,28.138837970332034,27.378327437480475,27.92758411720703,13.285330178749998,471300,16.756439
3960,1995-11-13,27.88533501578125,28.054334759882813,27.800831805332038,27.969834887832036,13.30542900654297,610100,16.756439
3961,1995-11-14,27.88533501578125,28.054334759882813,27.800831805332038,27.969834887832036,13.30542900654297,414500,16.503321
3962,1995-11-15,27.716331933281253,27.88533501578125,27.547330519980473,27.547330519980473,13.104444067011718,136200,16.629881
3963,1995-11-16,27.547330519980473,27.969834887832036,27.547330519980473,27.75858437310547,13.204928190781253,358500,16.705816
3964,1995-11-17,27.716331933281253,27.88533501578125,27.716331933281253,27.88533501578125,13.26523302015625,214000,16.680504
3965,1995-11-20,27.843084245156252,27.969834887832036,27.800831805332038,27.843084245156252,13.245135861562503,238700,16.756439
3966,1995-11-21,27.969834887832036,27.969834887832036,27.716331933281253,27.969834887832036,13.30542900654297,177000,16.655191000000002
3967,1995-11-22,27.969834887832036,27.969834887832036,27.800831805332038,27.800831805332038,13.22502701857422,102400,16.756439
3968,1995-11-24,27.800831805332038,27.969834887832036,27.800831805332038,27.969834887832036,13.30542900654297,173500,16.756439
3969,1995-11-27,27.800831805332038,27.969834887832036,27.716331933281253,27.969834887832036,13.30542900654297,344700,16.705816
3970,1995-11-28,27.969834887832036,27.969834887832036,27.800831805332038,27.88533501578125,13.26523302015625,206600,16.705816
3971,1995-11-29,27.800831805332038,27.969834887832036,27.716331933281253,27.88533501578125,13.26523302015625,80200,17.009558
3972,1995-11-30,27.969834887832036,28.476840796933597,27.800831805332038,28.392340924882813,13.506415615273436,435500,17.161428
3973,1995-12-01,28.579950746149837,28.664503996690556,28.241724381693814,28.664503996690556,13.635889452625408,353300,17.515795
3974,1995-12-04,28.49539248474919,29.594619817798048,28.49539248474919,29.256398464201954,13.917451342651468,716000,17.617043
3975,1995-12-05,29.171843543374592,29.425511646429968,29.171843543374592,29.425511646429968,13.997907380052117,101200,18.022032
3976,1995-12-06,29.171843543374592,30.35562746753746,29.171843543374592,30.101959364482084,14.31969311306189,842900,17.870161
3977,1995-12-07,30.101959364482084,30.35562746753746,29.80601296586971,29.84829126142671,14.199026594970684,279200,18.072654999999997
3978,1995-12-08,29.932846182254075,30.440180718078174,29.763733000026058,30.186514285309446,14.359918626332247,518000,18.173903
3979,1995-12-11,30.186514285309446,30.440180718078174,30.017401103081433,30.35562746753746,14.440369652872965,382700,17.971407
3980,1995-12-12,30.186514285309446,30.35562746753746,30.017401103081433,30.017401103081433,14.279474280938112,153800,17.920784
3981,1995-12-13,30.017401103081433,30.271072546710094,29.84829126142671,29.932846182254075,14.345928305394139,266400,17.971407
3982,1995-12-14,30.101959364482084,30.101959364482084,29.763733000026058,30.017401103081433,14.386466162267102,108800,17.667665
3983,1995-12-15,29.679178079198703,29.763733000026058,29.340953385029316,29.510064896970686,14.143305832495114,339500,17.465172
3984,1995-12-18,29.425511646429968,29.425511646429968,28.91817209974593,29.171843543374592,13.98120618388925,167600,17.465172
3985,1995-12-19,28.91817209974593,29.171843543374592,28.91817209974593,29.171843543374592,13.98120618388925,74300,17.439859
3986,1995-12-20,29.12956357753094,29.256398464201954,29.002730361146583,29.12956357753094,13.96094393659935,69100,17.363924
3987,1995-12-21,29.256398464201954,29.256398464201954,29.002730361146583,29.002730361146583,13.900157194729644,168100,17.363924
3988,1995-12-22,29.002730361146583,29.256398464201954,29.002730361146583,29.002730361146583,13.900157194729644,63200,17.414547
3989,1995-12-26,29.256398464201954,29.256398464201954,28.91817209974593,29.08728528197394,13.940680019022802,80000,17.642353
3990,1995-12-27,29.08728528197394,29.510064896970686,28.91817209974593,29.467786601413682,14.123041914918568,975300,17.515795
3991,1995-12-28,29.340953385029316,29.510064896970686,29.256398464201954,29.256398464201954,14.0217323487557,110100,17.414547
3992,1995-12-29,29.425511646429968,29.425511646429968,29.08728528197394,29.08728528197394,13.940680019022802,108100,18.072654999999997
3993,1996-01-02,29.001800413911916,30.094621994300514,28.749607625071242,30.010556624319943,14.383180459624354,778000,18.097967
3994,1996-01-03,30.094621994300514,30.430871850369176,29.92649457544041,30.052588479034977,14.40331961630829,557500,17.768913
3995,1996-01-04,30.010556624319943,30.178684043180052,29.506177688840676,29.506177688840676,14.141442496845853,189800,17.642353
3996,1996-01-05,29.590239737720207,29.590239737720207,29.253989881651552,29.296018415265543,14.040718484067359,104900,17.617043
3997,1996-01-08,29.253989881651552,29.422112318860105,29.253989881651552,29.253989881651552,14.02058098793394,16500,17.59173
3998,1996-01-09,29.253989881651552,29.253989881651552,29.085862462791454,29.211956366386005,14.00043352849741,68600,17.414547
3999,1996-01-10,28.917735043931344,29.253989881651552,28.917735043931344,28.917735043931344,13.85941957849741,271100,17.414547
4000,1996-01-11,29.001800413911916,29.085862462791454,28.749607625071242,28.917735043931344,13.85941957849741,105600,16.958935
4001,1996-01-12,28.76011724930052,28.917735043931344,28.077102931282383,28.161168301262954,13.496820106806997,300200,16.933622
4002,1996-01-15,28.329292399022023,28.41335776900259,28.077102931282383,28.11913478599741,13.476672647370467,128800,16.756439
4003,1996-01-16,28.077102931282383,28.329292399022023,27.824913463542746,27.824913463542746,13.335663679022021,344700,16.807062
4004,1996-01-17,27.824913463542746,28.077102931282383,27.740851414663208,27.908975512422277,13.375951955693004,65600,16.553946
4005,1996-01-18,27.908975512422277,27.908975512422277,27.48866360747409,27.48866360747409,13.174505590686527,150100,16.604568
4006,1996-01-19,27.656786044682647,27.908975512422277,27.48866360747409,27.57272399580311,13.214795527908032,390100,16.680504
4007,1996-01-22,27.57272399580311,27.866946978808286,27.57272399580311,27.698819559948184,13.275232924566064,173800,16.655191000000002
4008,1996-01-23,27.656786044682647,27.824913463542746,27.656786044682647,27.656786044682647,13.255082144028497,130800,16.604568
4009,1996-01-24,27.740851414663208,27.824913463542746,27.57272399580311,27.57272399580311,13.214795527908032,208800,16.553946
4010,1996-01-25,27.656786044682647,27.740851414663208,27.40459823749352,27.48866360747409,13.174505590686527,120000,16.503321
4011,1996-01-26,27.48866360747409,27.48866360747409,27.236470818633425,27.40459823749352,13.134220635116582,191800,16.655191000000002
4012,1996-01-29,27.236470818633425,27.740851414663208,27.236470818633425,27.656786044682647,13.255082144028497,240500,16.756439
4013,1996-01-30,27.824913463542746,27.824913463542746,27.656786044682647,27.824913463542746,13.335663679022021,99200,17.060181
4014,1996-01-31,27.824913463542746,28.58148352731218,27.656786044682647,28.329292399022023,13.57739998125,772300,17.212053
4015,1996-02-01,28.489225672156234,28.489225672156234,27.90268245476436,28.489225672156234,13.65404502311814,587600,17.161428
4016,1996-02-02,28.489225672156234,28.656807083996128,28.321642605125888,28.40543165585539,13.613890102911556,324200,17.161428
4017,1996-02-05,28.321642605125888,28.40543165585539,28.321642605125888,28.40543165585539,13.613890102911556,81900,17.110806
4018,1996-02-06,28.321642605125888,28.40543165585539,28.321642605125888,28.321642605125888,13.573733527514525,96700,17.060181
4019,1996-02-07,28.40543165585539,28.40543165585539,28.154057882905096,28.23784858882505,13.533573641736602,138200,16.958935
4020,1996-02-08,28.07026717698515,28.23784858882505,27.986473160684316,28.07026717698515,13.453253870180763,59200,17.009558
4021,1996-02-09,28.154057882905096,28.154057882905096,27.90268245476436,28.154057882905096,13.493410445577792,157200,17.009558
4022,1996-02-12,28.154057882905096,28.154057882905096,27.90268245476436,28.154057882905096,13.493410445577792,110600,16.90831
4023,1996-02-13,27.818888438463524,28.07026717698515,27.818888438463524,27.986473160684316,13.413089018831503,178200,17.212053
4024,1996-02-14,28.07026717698515,28.573016378076183,27.90268245476436,28.489225672156234,13.65404502311814,505600,17.414547
4025,1996-02-15,28.489225672156234,28.824391806216912,28.321642605125888,28.824391806216912,13.81468291103938,471800,17.515795
4026,1996-02-16,28.824391806216912,28.991976528437704,28.573016378076183,28.991976528437704,13.895002682595223,429300,17.465172
4027,1996-02-20,28.908185822517755,28.908185822517755,28.489225672156234,28.908185822517755,13.854842796817302,466400,17.414547
4028,1996-02-21,28.908185822517755,28.991976528437704,28.740601100296967,28.824391806216912,13.81468291103938,174500,17.566418
4029,1996-02-22,28.991976528437704,29.159561250658488,28.908185822517755,29.07576723435765,13.935155947611362,168800,17.718288
4030,1996-02-23,29.159561250658488,29.536623565274372,29.07576723435765,29.327141007307944,14.055635604945126,255000,18.882633
4031,1996-02-26,29.327141007307944,31.757107893176244,29.327141007307944,31.25435372651388,14.97929311555197,2158000,18.629514999999998
4032,1996-02-27,31.338147742814716,31.338147742814716,30.835395231342797,30.835395231342797,14.778496997043254,416500,18.680139999999998
4033,1996-02-28,31.002978298373144,31.338147742814716,30.751604525422856,30.91918924764364,14.818665158773404,473000,18.578892
4034,1996-02-29,30.91918924764364,30.91918924764364,30.751604525422856,30.751604525422856,14.73833711126533,171300,18.528269
4035,1996-03-01,30.760323792292873,30.760323792292873,30.510239952736036,30.510239952736036,14.622660019306359,106600,18.477644
4036,1996-03-04,30.676960316859347,30.676960316859347,30.42687647730251,30.42687647730251,14.582706478477844,101200,19.439495
4037,1996-03-05,30.42687647730251,32.01074299007708,30.343516295240853,32.01074299007708,15.341803993988439,1557000,19.085129000000002
4038,1996-03-06,31.84401933258189,32.01074299007708,31.17712964265896,31.42721348221581,15.062139088304432,709600,19.237
4039,1996-03-07,31.593937139710984,31.76065915052023,31.343853300154148,31.677297321772638,15.181998064104047,400200,18.907946
4040,1996-03-08,31.51057366427746,31.593937139710984,31.010405985163782,31.135448728285166,14.922310752177264,665200,18.781387
4041,1996-03-11,31.093766167225436,31.093766167225436,30.676960316859347,30.92704580310212,14.82241949001927,363700,18.427021
4042,1996-03-12,30.676960316859347,30.843682327668592,30.09343245568401,30.343516295240853,14.542752937649327,331800,18.173903
4043,1996-03-13,30.343516295240853,30.343516295240853,29.759986787379574,29.92671044487476,14.454182641290947,306100,18.097967
4044,1996-03-14,29.759986787379574,29.92671044487476,29.676626605317924,29.801667701753377,14.393790434643547,212100,17.870161
4045,1996-03-15,29.676626605317924,29.92671044487476,29.176455632832372,29.42654276576108,14.212612168015413,395300,18.022032
4046,1996-03-18,29.343179290327555,29.676626605317924,29.176455632832372,29.676626605317924,14.333393287938344,387400,17.895472
4047,1996-03-19,29.8433502628131,30.09343245568401,29.343179290327555,29.468222033448946,14.232737963506745,507600,17.718288
4048,1996-03-20,29.42654276576108,29.50990294782274,29.093095450770715,29.176455632832372,14.091822814662814,273500,17.465172
4049,1996-03-21,29.2598191082659,29.2598191082659,28.676289600404626,28.759653075838152,13.89051051911368,300200,17.768913
4050,1996-03-22,28.843013257899813,29.50990294782274,28.759653075838152,29.2598191082659,14.132079345703277,491300,17.718288
4051,1996-03-25,29.42654276576108,29.676626605317924,29.093095450770715,29.176455632832372,14.091822814662814,255000,17.743601
4052,1996-03-26,29.343179290327555,29.343179290327555,29.093095450770715,29.218138193892106,14.111958490269751,221200,17.870161
4053,1996-03-27,29.2598191082659,29.593263129884395,29.093095450770715,29.42654276576108,14.212612168015413,466400,17.743601
4054,1996-03-28,29.343179290327555,29.42654276576108,29.176455632832372,29.218138193892106,14.111958490269751,104900,17.768913
4055,1996-03-29,29.42654276576108,29.42654276576108,29.2598191082659,29.2598191082659,14.132079345703277,410300,17.819536
4056,1996-04-01,29.23053752721689,29.396621170671786,29.064453883762,29.23053752721689,14.117949560383876,725900,17.844849
4057,1996-04-02,29.31358098930902,29.31358098930902,29.23053752721689,29.2720600784453,14.137991536084453,221700,17.768913
4058,1996-04-03,29.23053752721689,29.31358098930902,29.064453883762,29.147497345854127,14.077829520959693,120400,17.718288
4059,1996-04-04,29.064453883762,29.23053752721689,28.98141370239923,29.064453883762,14.037727525547025,281400,17.363924
4060,1996-04-08,28.64925133658349,28.73229151794626,28.400124231036468,28.4831676931286,13.756977469635315,178500,17.363924
4061,1996-04-09,28.400124231036468,28.73229151794626,28.234043868310938,28.4831676931286,13.756977469635315,184200,17.161428
4062,1996-04-10,28.400124231036468,28.400124231036468,28.15100040621881,28.15100040621881,13.596539961420346,238500,17.110806
4063,1996-04-11,28.15100040621881,28.317084049673706,27.901878221765834,28.067961865220727,13.556429764184259,394300,17.313299
4064,1996-04-12,27.984918403128596,28.64925133658349,27.984918403128596,28.400124231036468,13.7168607109405,637500,17.212053
4065,1996-04-15,28.400124231036468,28.400124231036468,28.234043868310938,28.234043868310938,13.636646877927065,104200,17.148773000000002
4066,1996-04-16,28.400124231036468,28.400124231036468,28.067961865220727,28.130241591151634,13.58651569284069,173000,17.110806
4067,1996-04-17,28.067961865220727,28.234043868310938,27.984918403128596,28.067961865220727,13.556429764184259,153000,17.566418
4068,1996-04-18,28.15100040621881,28.81533169930902,28.067961865220727,28.81533169930902,13.917401854932823,619200,17.667665
4069,1996-04-19,28.81533169930902,29.396621170671786,28.81533169930902,28.98141370239923,13.997617328310941,581400,17.870161
4070,1996-04-22,29.23053752721689,29.396621170671786,28.898375161401148,29.31358098930902,14.158053196161227,367600,17.971407
4071,1996-04-23,29.396621170671786,29.479661352034544,29.23053752721689,29.479661352034544,14.238268669539346,715500,18.376398000000002
4072,1996-04-24,29.811828638944334,30.393118110307103,29.72878845758157,30.143994285489445,14.559128922687139,1116000,18.528269
4073,1996-04-25,30.227034466852206,30.476158291669865,30.227034466852206,30.393118110307103,14.679451312571976,743200,18.427021
4074,1996-04-26,30.227034466852206,30.393118110307103,30.227034466852206,30.227034466852206,14.59923255846449,710300,18.477644
4075,1996-04-29,30.143994285489445,30.310074648214975,30.143994285489445,30.310074648214975,14.639341115335892,97000,18.680139999999998
4076,1996-04-30,30.310074648214975,30.725280476122837,30.143994285489445,30.642241935124755,14.799770421727448,827100,18.629514999999998
4077,1996-05-01,30.58354032222222,30.666419785555554,30.334893746111117,30.50065594722222,14.731388287777781,360500,18.680139999999998
4078,1996-05-02,30.417774846666667,30.749304160555557,30.252009371111118,30.58354032222222,14.771418371111114,439700,18.528269
4079,1996-05-03,30.334893746111117,30.58354032222222,30.334893746111117,30.334893746111117,14.651329758333334,236300,18.629514999999998
4080,1996-05-06,30.58354032222222,30.666419785555554,30.334893746111117,30.50065594722222,14.731388287777781,799500,18.629514999999998
4081,1996-05-07,30.50065594722222,30.666419785555554,30.50065594722222,30.50065594722222,14.731388287777781,525400,18.781387
4082,1996-05-08,30.417774846666667,30.749304160555557,30.334893746111117,30.749304160555557,14.851483449444446,635500,18.781387
4083,1996-05-09,30.58354032222222,30.915066361666664,30.58354032222222,30.749304160555557,14.851483449444446,301400,18.83201
4084,1996-05-10,30.749304160555557,30.997950736666667,30.749304160555557,30.832185261111114,14.891510258333334,70300,18.781387
4085,1996-05-13,30.749304160555557,30.997950736666667,30.749304160555557,30.749304160555557,14.851483449444446,209800,18.882633
4086,1996-05-14,30.997950736666667,30.997950736666667,30.749304160555557,30.915066361666664,14.931538704444446,158000,18.83201
4087,1996-05-15,30.749304160555557,30.997950736666667,30.749304160555557,30.832185261111114,14.891510258333334,58700,18.882633
4088,1996-05-16,30.832185261111114,30.997950736666667,30.832185261111114,30.915066361666664,14.931538704444446,117000,18.882633
4089,1996-05-17,30.832185261111114,30.997950736666667,30.832185261111114,30.915066361666664,14.931538704444446,75800,18.933258
4090,1996-05-20,30.832185261111114,31.163716212222226,30.832185261111114,30.997950736666667,14.97157697388889,321900,18.983881
4091,1996-05-21,31.163716212222226,31.246597312777784,30.997950736666667,31.080831837222227,15.011611968888891,297000,18.983881
4092,1996-05-22,31.080831837222227,31.246597312777784,31.080831837222227,31.080831837222227,15.011611968888891,419000,19.034506
4093,1996-05-23,31.080831837222227,31.329478413333337,31.080831837222227,31.163716212222226,15.051635503333335,584700,19.059816
4094,1996-05-24,31.246597312777784,31.246597312777784,31.163716212222226,31.20515430666667,15.071650544999999,202200,19.110441
4095,1996-05-28,31.163716212222226,31.412362788333336,31.163716212222226,31.288038681666674,15.111690451666668,259700,19.085129000000002
4096,1996-05-29,31.246597312777784,31.49524388888889,31.246597312777784,31.246597312777784,15.091667223888892,150300,19.186377
4097,1996-05-30,31.246597312777784,31.49524388888889,31.246597312777784,31.412362788333336,15.17172902777778,332600,19.135752
4098,1996-05-31,31.329478413333337,31.49524388888889,31.246597312777784,31.329478413333337,15.131698944444445,108300,19.186377
4099,1996-06-03,31.309485127811108,31.475144818123802,31.309485127811108,31.392316609144867,15.16204700542438,204600,19.287623999999997
4100,1996-06-04,31.392316609144867,31.72363108123804,31.392316609144867,31.557974663280152,15.242057716904915,254800,19.464806
4101,1996-06-05,31.72363108123804,31.889290771550733,31.557974663280152,31.847875848972564,15.382083415749841,301900,19.591366
4102,1996-06-06,31.889290771550733,32.46909641529037,31.8064625625718,32.05495046186344,15.482088215169115,3259500,19.439495
4103,1996-06-07,31.72363108123804,31.889290771550733,31.557974663280152,31.8064625625718,15.36208278310147,580000,19.38887
4104,1996-06-10,31.640802872259098,31.8064625625718,31.557974663280152,31.72363108123804,15.322063519853225,565900,19.38887
4105,1996-06-11,31.557974663280152,31.72363108123804,31.557974663280152,31.72363108123804,15.322063519853225,349800,19.38887
4106,1996-06-12,31.72363108123804,31.72363108123804,31.557974663280152,31.72363108123804,15.434907403401406,73000,19.338247
4107,1996-06-13,31.557974663280152,31.72363108123804,31.392316609144867,31.640802872259098,15.394611626171029,152500,19.034506
4108,1996-06-14,31.640802872259098,31.640802872259098,31.143828709853224,31.143828709853224,15.152814056305044,363400,19.034506
4109,1996-06-17,31.143828709853224,31.22665691883217,31.143828709853224,31.143828709853224,15.152814056305044,161700,19.085129000000002
4110,1996-06-18,31.143828709853224,31.22665691883217,31.143828709853224,31.22665691883217,15.193111469712829,178700,19.085129000000002
4111,1996-06-19,31.143828709853224,31.22665691883217,31.143828709853224,31.22665691883217,15.193111469712829,79500,18.882633
4112,1996-06-20,31.143828709853224,31.22665691883217,30.812509329227826,30.895337538206768,15.031910362839824,186900,18.83201
4113,1996-06-21,30.895337538206768,30.978169019540523,30.812509329227826,30.812509329227826,14.991611313254626,135300,18.83201
4114,1996-06-24,30.812509329227826,30.978169019540523,30.812509329227826,30.812509329227826,14.991611313254626,120200,18.882633
4115,1996-06-25,30.812509329227826,31.143828709853224,30.812509329227826,30.895337538206768,15.031910362839824,210600,18.882633
4116,1996-06-26,30.895337538206768,31.06099722851947,30.895337538206768,30.895337538206768,15.031910362839824,235300,18.882633
4117,1996-06-27,30.895337538206768,30.978169019540523,30.895337538206768,30.895337538206768,15.031910362839824,210800,18.933258
4118,1996-06-28,31.143828709853224,31.143828709853224,30.895337538206768,30.978169019540523,15.072209412425018,694000,19.085129000000002
4119,1996-07-01,31.166988147649686,31.41500122929936,31.001645004515925,31.166988147649686,15.164080046522294,432300,19.085129000000002
4120,1996-07-02,31.41500122929936,31.41500122929936,31.001645004515925,31.166988147649686,15.164080046522294,159000,18.983881
4121,1996-07-03,31.001645004515925,31.166988147649686,30.836301861382164,31.001645004515925,15.083634323407644,253000,18.933258
4122,1996-07-05,30.918975065999998,31.001645004515925,30.753631922866244,30.918975065999998,15.043409012273885,148800,18.781387
4123,1996-07-08,30.753631922866244,30.753631922866244,30.588288779732483,30.670961984350317,14.922746143280254,125900,18.83201
4124,1996-07-09,30.588288779732483,30.753631922866244,30.588288779732483,30.753631922866244,14.962964922210192,53500,18.629514999999998
4125,1996-07-10,30.753631922866244,30.753631922866244,30.42294726964968,30.42294726964968,14.802073475980894,62700,18.477644
4126,1996-07-11,30.42294726964968,30.588288779732483,30.092264249484074,30.174934188,14.681397542579617,182700,18.730762
4127,1996-07-12,30.092264249484074,30.588288779732483,30.092264249484074,30.588288779732483,14.882519199095542,110800,18.477644
4128,1996-07-15,30.34027733113376,30.588288779732483,29.926921106350324,30.174934188,14.681397542579617,226900,18.072654999999997
4129,1996-07-16,29.926921106350324,30.009594310968158,29.513566514617832,29.513566514617832,14.35962118232484,240200,18.27515
4130,1996-07-17,29.678909657751593,29.926921106350324,29.596239719235665,29.844251167834397,14.520519160757962,176000,18.27515
4131,1996-07-18,29.678909657751593,29.926921106350324,29.678909657751593,29.844251167834397,14.520519160757962,116500,18.376398000000002
4132,1996-07-19,29.678909657751593,30.009594310968158,29.678909657751593,30.009594310968158,14.600956718617836,154000,18.325773
4133,1996-07-22,29.844251167834397,30.174934188,29.844251167834397,29.926921106350324,14.560733040535032,236000,18.27515
4134,1996-07-23,30.009594310968158,30.092264249484074,29.844251167834397,29.844251167834397,14.520519160757962,174300,17.768913
4135,1996-07-24,29.678909657751593,29.844251167834397,29.017540351318477,29.017540351318477,14.118282379929937,232800,17.870161
4136,1996-07-25,29.100210289834397,29.265553432968154,28.93486714670064,29.18288349445223,14.198733002197455,227400,17.920784
4137,1996-07-26,29.017540351318477,29.265553432968154,29.017540351318477,29.265553432968154,14.238950148076434,98500,17.768913
4138,1996-07-29,29.017540351318477,29.265553432968154,29.017540351318477,29.017540351318477,14.118282379929937,71600,17.768913
4139,1996-07-30,29.017540351318477,29.265553432968154,28.769528902719745,29.017540351318477,14.118282379929937,201200,17.667665
4140,1996-07-31,28.769528902719745,29.017540351318477,28.686855698101912,28.852197208184712,14.037838289866244,126400,18.173903
4141,1996-08-01,28.797170767228224,29.869844969465987,28.632144593782577,29.622306524265735,14.41252867478067,665200,18.680139999999998
4142,1996-08-02,29.95236050109345,30.612466824812458,29.869844969465987,30.44744065136681,14.81399342635728,340000,18.477644
4143,1996-08-05,30.44744065136681,30.612466824812458,30.03487277284806,30.117385044602674,14.653397420120788,276000,18.376398000000002
4144,1996-08-06,30.03487277284806,30.199900576230135,29.869844969465987,29.95236050109345,14.573110011589321,185900,18.325773
4145,1996-08-07,29.869844969465987,30.03487277284806,29.704817166083917,29.869844969465987,14.532963047450732,115000,18.27515
4146,1996-08-08,29.704817166083917,30.03487277284806,29.704817166083917,29.78733269771138,14.492825862930705,204900,18.376398000000002
4147,1996-08-09,29.78733269771138,30.117385044602674,29.78733269771138,29.95236050109345,14.573110011589321,132100,18.629514999999998
4148,1996-08-12,29.869844969465987,30.529951293184993,29.869844969465987,30.364925119739347,14.773843202345837,304900,18.376398000000002
4149,1996-08-13,30.364925119739347,30.364925119739347,29.95236050109345,29.95236050109345,14.573110011589321,316700,18.376398000000002
4150,1996-08-14,29.95236050109345,30.117385044602674,29.95236050109345,29.95236050109345,14.573110011589321,79700,18.528269
4151,1996-08-15,29.95236050109345,30.199900576230135,29.95236050109345,30.199900576230135,14.693549274068657,97000,18.654826999999997
4152,1996-08-16,30.241154267202795,30.44744065136681,30.199900576230135,30.406182070584865,14.793915869446916,114300,18.680139999999998
4153,1996-08-19,30.529951293184993,30.529951293184993,30.28241284798474,30.44744065136681,14.81399342635728,183400,18.629514999999998
4154,1996-08-20,30.44744065136681,30.529951293184993,30.364925119739347,30.364925119739347,14.773843202345837,151600,18.680139999999998
4155,1996-08-21,30.44744065136681,30.69497909656707,30.44744065136681,30.44744065136681,14.81399342635728,219000,18.882633
4156,1996-08-22,30.612466824812458,30.94251917170375,30.44744065136681,30.777491368321673,14.974573133229498,146400,18.680139999999998
4157,1996-08-23,30.69497909656707,30.94251917170375,30.44744065136681,30.44744065136681,14.81399342635728,205600,18.680139999999998
4158,1996-08-26,30.44744065136681,30.777491368321673,30.364925119739347,30.44744065136681,14.81399342635728,149300,18.578892
4159,1996-08-27,30.28241284798474,30.44744065136681,30.28241284798474,30.28241284798474,14.733689718461536,65600,18.629514999999998
4160,1996-08-28,30.28241284798474,30.44744065136681,30.28241284798474,30.364925119739347,14.773843202345837,64900,18.528269
4161,1996-08-29,30.364925119739347,30.44744065136681,30.199900576230135,30.199900576230135,14.693549274068657,160400,18.528269
4162,1996-08-30,30.28241284798474,30.44744065136681,30.199900576230135,30.199900576230135,14.693549274068657,108300,18.781387
4163,1996-09-03,30.104210143479087,30.679970799980982,30.021956067908746,30.515469147927753,14.847092170437262,360700,18.983881
4164,1996-09-04,30.762224875551325,30.844475701577945,30.515469147927753,30.844475701577945,15.007164694391635,271100,18.83201
4165,1996-09-05,30.59771997395437,30.762224875551325,30.43321507235741,30.59771997395437,14.887107051882127,268600,18.983881
4166,1996-09-06,30.43321507235741,31.255736330798474,30.43321507235741,30.844475701577945,15.007164694391635,580700,19.059816
4167,1996-09-09,30.92672977714829,31.091231429201517,30.844475701577945,30.967852753003804,15.06720001473384,146400,19.186377
4168,1996-09-10,31.091231429201517,31.337988781596952,30.92672977714829,31.17348550477186,15.16723884311787,215000,19.287623999999997
4169,1996-09-11,31.42023960762357,31.42023960762357,31.17348550477186,31.337988781596952,15.360758920646388,125400,19.287623999999997
4170,1996-09-12,31.337988781596952,31.337988781596952,31.17348550477186,31.337988781596952,15.360758920646388,550300,19.338247
4171,1996-09-13,31.42023960762357,31.42023960762357,31.17348550477186,31.42023960762357,15.40107925920152,120400,19.338247
4172,1996-09-16,31.337988781596952,31.58474450922053,31.255736330798474,31.42023960762357,15.40107925920152,147100,19.186377
4173,1996-09-17,31.337988781596952,31.42023960762357,31.17348550477186,31.17348550477186,15.280134491254751,124900,19.135752
4174,1996-09-18,31.245453149676806,31.255736330798474,31.091231429201517,31.091231429201517,15.23981415269962,38000,18.882633
4175,1996-09-19,30.92672977714829,31.091231429201517,30.59771997395437,30.679970799980982,15.038225458098859,218200,19.034506
4176,1996-09-20,30.762224875551325,31.091231429201517,30.679970799980982,30.92672977714829,15.159183224220532,263400,19.186377
4177,1996-09-23,31.091231429201517,31.17348550477186,30.92672977714829,31.17348550477186,15.280134491254751,179700,19.237
4178,1996-09-24,31.008980603174905,31.42023960762357,31.008980603174905,31.255736330798474,15.320454829809886,324400,19.338247
4179,1996-09-25,31.17348550477186,31.502490433650188,31.17348550477186,31.42023960762357,15.40107925920152,148300,19.38887
4180,1996-09-26,31.58474450922053,31.913751062870723,31.42023960762357,31.502490433650188,15.441397972984792,388600,19.692614000000003
4181,1996-09-27,31.502490433650188,32.242759241292774,31.502490433650188,31.996005138441067,15.683298882281369,488600,19.540743
4182,1996-09-30,31.996005138441067,32.242759241292774,31.666995335247144,31.749249410817487,15.5623541143346,378700,19.895107
4183,1996-10-01,31.64896751122552,32.304903864485155,31.48498220818067,32.222909593322804,15.7945196071952,599000,19.895107
4184,1996-10-02,32.304903864485155,32.63287123129501,32.05892429027796,32.222909593322804,15.7945196071952,594300,19.793859
4185,1996-10-03,32.05892429027796,32.304903864485155,31.894943846152877,32.05892429027796,15.714143356317118,332600,19.793859
4186,1996-10-04,32.14091856144031,32.222909593322804,32.05892429027796,32.05892429027796,15.714143356317118,114800,19.844484
4187,1996-10-07,32.222909593322804,32.304903864485155,32.05892429027796,32.14091856144031,15.754339579955783,100000,20.097603
4188,1996-10-08,32.304903864485155,32.63287123129501,32.222909593322804,32.550880199412504,15.955286685710677,219700,20.046978
4189,1996-10-09,32.46888592825015,32.550880199412504,32.304903864485155,32.46888592825015,15.915090462072015,582700,20.021667
4190,1996-10-10,32.304903864485155,32.550880199412504,32.304903864485155,32.42789122212887,15.894997209172455,164900,20.097603
4191,1996-10-11,32.46888592825015,32.550880199412504,32.38689489636765,32.550880199412504,15.955286685710677,67900,19.996354999999998
4192,1996-10-14,32.38689489636765,32.550880199412504,32.38689489636765,32.38689489636765,15.874902336632974,50600,19.945732
4193,1996-10-15,32.38689489636765,32.46888592825015,32.304903864485155,32.304903864485155,15.834715830833858,116000,19.844484
4194,1996-10-16,32.304903864485155,32.38689489636765,32.05892429027796,32.14091856144031,15.754339579955783,177700,19.895107
4195,1996-10-17,32.222909593322804,32.222909593322804,32.05892429027796,32.222909593322804,15.7945196071952,38500,19.895107
4196,1996-10-18,32.222909593322804,32.222909593322804,32.05892429027796,32.222909593322804,15.7945196071952,116500,19.844484
4197,1996-10-21,32.14091856144031,32.222909593322804,32.05892429027796,32.14091856144031,15.754339579955783,113000,19.749565
4198,1996-10-22,32.05892429027796,32.14091856144031,31.976934878035376,31.98718395947568,15.67897125572331,59500,19.844484
4199,1996-10-23,31.976934878035376,32.222909593322804,31.976934878035376,32.14091856144031,15.754339579955783,136700,19.844484
4200,1996-10-24,31.976934878035376,32.222909593322804,31.976934878035376,32.14091856144031,15.754339579955783,154500,19.895107
4201,1996-10-25,32.222909593322804,32.38689489636765,32.14091856144031,32.222909593322804,15.7945196071952,234500,19.895107
4202,1996-10-28,32.304903864485155,32.46888592825015,32.222909593322804,32.222909593322804,15.7945196071952,105400,19.945732
4203,1996-10-29,32.222909593322804,32.46888592825015,32.222909593322804,32.304903864485155,15.834715830833858,85100,20.148226
4204,1996-10-30,32.304903864485155,32.87884756622237,32.304903864485155,32.63287123129501,15.995469952229943,287600,20.249474
4205,1996-10-31,32.63287123129501,32.79685653433986,32.550880199412504,32.79685653433986,16.07584944238787,188100,20.097603
4206,1996-11-01,32.57114448873897,32.734819605208074,32.48930854708071,32.48930854708071,15.925106446078189,240700,19.996354999999998
4207,1996-11-04,32.48930854708071,32.57114448873897,32.3256334306116,32.3256334306116,15.844874148102145,109100,20.046978
4208,1996-11-05,32.40746937226986,32.734819605208074,32.40746937226986,32.40746937226986,15.884986255649434,173300,19.996354999999998
4209,1996-11-06,32.48930854708071,32.48930854708071,32.24379748895334,32.3256334306116,15.844874148102145,266900,20.249474
4210,1996-11-07,32.40746937226986,32.81665554686633,32.08012237248424,32.734819605208074,16.04544115214376,322900,20.502592
4211,1996-11-08,32.81665554686633,33.22584010488651,32.65298366354981,33.144004163228246,16.246009772761667,389600,20.553214999999998
4212,1996-11-11,33.06216822157,33.22584010488651,32.89849310510088,33.22584010488651,16.286123496885246,200200,20.705085999999998
4213,1996-11-12,33.144004163228246,33.63502627948298,33.144004163228246,33.47135116301387,16.406461436103406,268800,21.059452
4214,1996-11-13,33.71686383771753,34.28972189563052,33.47135116301387,34.04421083750315,16.68725912154477,898200,20.856958
4215,1996-11-14,34.04421083750315,34.20788595397225,33.63502627948298,33.71686383771753,16.526792909016397,373500,20.806334
4216,1996-11-15,33.88053572103405,33.88053572103405,33.63502627948298,33.63502627948298,16.486690500926862,90600,20.806334
4217,1996-11-18,33.63502627948298,33.88053572103405,33.63502627948298,33.63502627948298,16.486690500926862,52300,20.806334
4218,1996-11-19,33.63502627948298,33.88053572103405,33.63502627948298,33.63502627948298,16.486690500926862,42200,21.515066
4219,1996-11-20,33.88053572103405,34.78074562846154,33.63502627948298,34.78074562846154,17.048282638657,474300,21.71756
4220,1996-11-21,34.86258157011981,35.271767744716264,34.86258157011981,35.108092628247164,17.208735918575034,446600,21.565689000000003
4221,1996-11-22,35.108092628247164,35.108092628247164,34.78074562846154,34.86258157011981,17.088396362780582,140000,21.464441
4222,1996-11-25,34.86258157011981,35.02625668658891,34.6989064536507,34.6989064536507,17.008167297957126,163400,21.71756
4223,1996-11-26,34.86258157011981,35.35360368637453,34.78074562846154,35.108092628247164,17.208735918575034,817300,21.71756
4224,1996-11-27,35.18993180305801,35.35360368637453,35.108092628247164,35.108092628247164,17.208735918575034,125600,21.71756
4225,1996-11-29,35.271767744716264,35.271767744716264,35.108092628247164,35.108092628247164,17.208735918575034,48300,21.768185
4226,1996-12-02,35.108092628247164,35.271767744716264,35.108092628247164,35.18993180305801,17.248846409546026,131100,21.616312
4227,1996-12-03,35.108092628247164,35.18993180305801,34.944417511778056,34.944417511778056,17.128513320056747,235000,21.312571
4228,1996-12-04,34.944417511778056,35.02625668658891,34.126050012314,34.45339701209962,16.88782935873897,256700,21.186011999999998
4229,1996-12-05,34.371561070441366,34.535234570334175,34.126050012314,34.248804733089536,16.787548281582602,254000,21.008829000000002
4230,1996-12-06,33.9623748958449,34.04421083750315,33.389515221355616,33.9623748958449,16.64714701399748,278500,21.261948
4231,1996-12-09,34.04421083750315,34.61707051199244,33.9623748958449,34.371561070441366,16.847720484344265,315800,21.515066
4232,1996-12-10,34.535234570334175,34.78074562846154,34.45339701209962,34.78074562846154,17.048282638657,122200,21.1607
4233,1996-12-11,34.61707051199244,34.61707051199244,34.20788595397225,34.20788595397225,16.878682770075663,207600,21.059452
4234,1996-12-12,34.28972189563052,34.45339701209962,34.04421083750315,34.04421083750315,16.797933167686004,77200,20.907581
4235,1996-12-13,33.9623748958449,34.04421083750315,33.63502627948298,33.798699779375795,16.676795023203027,141200,20.603839999999998
4236,1996-12-16,33.71686383771753,33.798699779375795,33.307679279697346,33.307679279697346,16.434510651355613,186100,20.654463
4237,1996-12-17,33.22584010488651,33.389515221355616,32.89849310510088,33.389515221355616,16.474892727143757,471100,20.755710999999998
4238,1996-12-18,33.22584010488651,33.798699779375795,33.22584010488651,33.55319033782472,16.555652028991176,191800,20.806334
4239,1996-12-19,33.63502627948298,33.9623748958449,33.63502627948298,33.63502627948298,16.59603410477932,123400,21.059452
4240,1996-12-20,33.88053572103405,34.04421083750315,33.63502627948298,34.04421083750315,16.797933167686004,142200,20.856958
4241,1996-12-23,33.88053572103405,34.04421083750315,33.71686383771753,33.71686383771753,16.636404864533418,61900,20.806334
4242,1996-12-24,33.798699779375795,33.88053572103405,33.63502627948298,33.63502627948298,16.59603410477932,86400,20.755710999999998
4243,1996-12-26,33.63502627948298,33.798699779375795,33.55319033782472,33.55319033782472,16.555652028991176,112100,20.907581
4244,1996-12-27,33.55319033782472,33.798699779375795,33.55319033782472,33.798699779375795,16.676795023203027,89100,21.008829000000002
4245,1996-12-30,33.55319033782472,33.9623748958449,33.55319033782472,33.9623748958449,16.757560791355612,186900,20.932894
4246,1996-12-31,33.9623748958449,34.04421083750315,33.798699779375795,33.839620175069356,16.696987677673395,117000,20.907581
4247,1997-01-02,33.69248136397863,33.85564210233187,33.529322237121306,33.69248136397863,16.624385233689505,454800,20.806334
4248,1997-01-03,33.529322237121306,33.77406012165934,33.529322237121306,33.529322237121306,16.543878120791955,65600,20.958204000000002
4249,1997-01-06,33.529322237121306,33.85564210233187,33.529322237121306,33.77406012165934,16.66463234415462,132800,21.110077
4250,1997-01-07,33.85564210233187,34.10038159836581,33.69248136397863,34.01880284068511,16.7853994594846,237200,21.261948
4251,1997-01-08,33.85564210233187,34.34512109439975,33.85564210233187,34.26354233671905,16.90615207135135,226900,21.1607
4252,1997-01-09,34.10038159836581,34.18196035604652,33.85564210233187,34.10038159836581,16.825638512470146,100200,21.211323
4253,1997-01-10,33.77406012165934,34.18196035604652,33.61090260629793,34.18196035604652,16.865908183878066,286400,21.059452
4254,1997-01-13,34.10038159836581,34.18196035604652,33.93722086001257,33.93722086001257,16.745142680043998,135500,21.413818
4255,1997-01-14,34.10038159836581,34.58985897893778,33.93722086001257,34.508280221257074,17.026903071722188,197000,21.666937
4256,1997-01-15,34.67144095961031,35.24249870935889,34.34512109439975,34.91618045564425,17.228170853966063,718500,21.565689000000003
4257,1997-01-16,34.997759213324954,35.24249870935889,34.75301971729102,34.75301971729102,17.147665352564427,344400,21.818807999999997
4258,1997-01-17,34.75301971729102,35.405657836216214,34.75301971729102,35.16091995167819,17.348937969296042,362400,22.071926
4259,1997-01-20,35.079341193997486,35.568818574569455,34.997759213324954,35.568818574569455,17.55019447106851,265100,21.768185
4260,1997-01-21,35.568818574569455,35.568818574569455,35.079341193997486,35.079341193997486,17.30867635536769,270300,21.970678
4261,1997-01-22,35.24249870935889,35.405657836216214,34.997759213324954,35.405657836216214,17.469684135179136,472600,22.071926
4262,1997-01-23,35.16091995167819,35.89514005127593,35.16091995167819,35.568818574569455,17.55019447106851,289100,22.071926
4263,1997-01-24,35.405657836216214,35.7319793129227,35.405657836216214,35.568818574569455,17.55019447106851,312600,22.021303
4264,1997-01-27,35.568818574569455,35.7319793129227,35.405657836216214,35.48723981688875,17.509939303123822,246900,22.223797
4265,1997-01-28,35.48723981688875,36.22145669349465,35.48723981688875,35.8135580706034,17.67095675191075,552100,22.223797
4266,1997-01-29,35.89514005127593,36.139877935813956,35.8135580706034,35.8135580706034,17.67095675191075,261200,22.249109
4267,1997-01-30,36.058297566637336,36.139877935813956,35.65039733225016,35.85434825519171,17.69107950139535,288600,22.476914999999998
4268,1997-01-31,35.8135580706034,36.22145669349465,35.8135580706034,36.22145669349465,17.87221969966688,247400,22.274422
4269,1997-02-03,35.86400979013159,35.94533297526316,35.70136020697369,35.78268660500001,17.65572084763158,498500,22.274422
4270,1997-02-04,35.86400979013159,35.94533297526316,35.62003702184211,35.78268660500001,17.65572084763158,315300,22.426292
4271,1997-02-05,35.86400979013159,36.10798095197369,35.70136020697369,36.026657766842106,17.776103194078946,256700,22.476914999999998
4272,1997-02-06,36.026657766842106,36.35195372026316,35.90467218592106,36.10798095197369,17.81622903644737,192500,22.426292
4273,1997-02-07,36.026657766842106,36.18930735,36.026657766842106,36.026657766842106,17.776103194078946,86100,22.578163
4274,1997-02-10,36.18930735,36.433280118289474,36.026657766842106,36.27063053513158,17.896480721184215,206400,22.831282
4275,1997-02-11,36.433280118289474,36.75857607171053,36.27063053513158,36.677252886578955,18.097111539473687,267400,23.135023
4276,1997-02-12,36.677252886578955,37.409169585,36.677252886578955,37.16519681671053,18.337871413026317,409100,23.286894
4277,1997-02-13,37.32784639986842,37.5718191681579,37.083873631578946,37.409169585,18.45825054657895,338500,23.388142000000002
4278,1997-02-14,37.409169585,37.65314395973685,37.24652321473685,37.5718191681579,18.53850223131579,555300,24.046249
4279,1997-02-18,37.49049598302632,38.710359824473684,37.409169585,38.62903342644737,19.060155853026316,475800,24.172810000000002
4280,1997-02-19,38.62903342644737,39.03565577789474,38.5477102413158,38.83234701184211,19.160464033157893,372300,23.894379
4281,1997-02-20,38.710359824473684,38.710359824473684,38.30373907947369,38.38506226460527,18.93977190013158,529800,23.843756
4282,1997-02-21,38.38506226460527,38.5477102413158,38.30373907947369,38.30373907947369,18.89964445131579,400200,24.071562
4283,1997-02-24,38.30373907947369,38.710359824473684,38.30373907947369,38.66969742868421,19.080217167763156,247100,24.603111
4284,1997-02-25,38.79168300960527,39.68624929118422,38.79168300960527,39.52360292092105,19.501544938421056,451100,24.552486
4285,1997-02-26,39.60492610605263,39.848898874342105,39.44227652289474,39.44227652289474,19.461414276710528,488900,24.147497
4286,1997-02-27,39.52360292092105,39.52360292092105,38.79168300960527,38.79168300960527,19.140401111973684,340500,23.843756
4287,1997-02-28,38.710359824473684,38.79168300960527,38.30373907947369,38.30373907947369,18.89964445131579,525900,23.438766
4288,1997-03-03,37.80237393620625,37.883493813375,37.477889620237505,37.559011099837505,18.5321815035,828100,23.590637
4289,1997-03-04,37.559011099837505,37.883493813375,37.39676974306875,37.80237393620625,18.65226129165,574300,23.793131
4290,1997-03-05,37.721250854175,38.12685664974375,37.721250854175,38.12685664974375,18.81236180026875,312800,24.096874
4291,1997-03-06,37.883493813375,38.613583924912504,37.883493813375,38.613583924912504,19.052529388725002,413500,24.603111
4292,1997-03-07,38.370219486112504,39.587033667956256,38.370219486112504,39.42479391361875,19.452791076075002,1371800,24.527174
4293,1997-03-10,39.3436708315875,39.505913790787496,39.10030959765,39.3031100917875,19.392751182000005,476000,25.058723
4294,1997-03-11,39.26255095441875,40.31712377949375,39.26255095441875,40.154880820293755,19.8130272356625,575000,24.957476
4295,1997-03-12,40.236000697462494,40.236000697462494,39.749276627156256,39.992639463525,19.861378996200003,391800,24.476551
4296,1997-03-13,39.749276627156256,39.992639463525,39.18142947481875,39.22199021461875,19.4786511115875,492300,24.805605
4297,1997-03-14,39.18142947481875,39.749276627156256,39.10030959765,39.749276627156256,19.740518824031252,420500,24.299367999999998
4298,1997-03-17,39.505913790787496,39.587033667956256,38.69470380208126,38.938066638449996,19.33764837860625,644900,24.147497
4299,1997-03-18,38.938066638449996,39.18142947481875,38.53246084288125,38.69470380208126,19.21678019428125,404900,24.096874
4300,1997-03-19,38.451340965712504,38.69470380208126,38.370219486112504,38.613583924912504,19.176503084812502,248100,24.096874
4301,1997-03-20,38.613583924912504,38.775823679249996,38.451340965712504,38.613583924912504,19.176503084812502,470300,24.096874
4302,1997-03-21,38.613583924912504,38.85694676128125,38.451340965712504,38.613583924912504,19.176503084812502,154000,24.299367999999998
4303,1997-03-24,38.613583924912504,39.18142947481875,38.613583924912504,38.938066638449996,19.33764837860625,252100,24.400616
4304,1997-03-25,39.01918972048125,39.3436708315875,38.938066638449996,39.10030959765,19.41822342915,291300,24.299367999999998
4305,1997-03-26,39.01918972048125,39.26255095441875,38.938066638449996,38.938066638449996,19.33764837860625,634800,23.691882999999997
4306,1997-03-27,38.85694676128125,38.85694676128125,37.80237393620625,37.96461369054375,18.85420768993125,686400,22.476914999999998
4307,1997-03-31,37.96461369054375,38.045736772575,36.017710999593746,36.017710999593746,17.88732951744375,635000,22.881905
4308,1997-04-01,35.972745068258426,37.10702312779027,35.64866905217229,36.62090350215356,18.186884896479402,884200,22.578163
4309,1997-04-02,36.539884898239706,36.539884898239706,35.81070626,36.13478547694757,17.94547112664794,273800,22.578163
4310,1997-04-03,36.29682588563671,36.29682588563671,35.81070626,36.13478547694757,17.94547112664794,290100,22.52754
4311,1997-04-04,35.89172646434457,36.05376687303371,35.64866905217229,36.05376687303371,17.905223495112363,213300,22.831282
4312,1997-04-07,36.13478547694757,36.539884898239706,35.972745068258426,36.539884898239706,18.146650068389516,261700,22.805969
4313,1997-04-08,36.62090350215356,36.94498271910112,36.37784448955056,36.49937319563671,18.126534254775287,376500,22.780657
4314,1997-04-09,36.539884898239706,36.62090350215356,36.215804080861425,36.45886309346443,18.106412039438204,464700,22.628785999999998
4315,1997-04-10,36.45886309346443,36.539884898239706,36.215804080861425,36.215804080861425,17.98570275387641,221400,22.375668
4316,1997-04-11,36.25631578346442,36.29682588563671,35.729687656086156,35.81070626,17.784525412565547,141200,22.173174
4317,1997-04-14,35.729687656086156,35.89172646434457,35.08152922219101,35.48662864348315,17.62358129891386,289600,22.476914999999998
4318,1997-04-15,35.64866905217229,35.972745068258426,35.48662864348315,35.972745068258426,17.86499826960674,239500,22.578163
4319,1997-04-16,35.89172646434457,36.29682588563671,35.81070626,36.13478547694757,17.94547112664794,213000,22.730034
4320,1997-04-17,36.13478547694757,36.539884898239706,36.094275374775286,36.37784448955056,18.066175610917604,903400,22.780657
4321,1997-04-18,36.37784448955056,36.539884898239706,36.37784448955056,36.45886309346443,18.106412039438204,595300,22.578163
4322,1997-04-21,36.45886309346443,36.45886309346443,36.05376687303371,36.13478547694757,17.94547112664794,457000,22.628785999999998
4323,1997-04-22,36.29682588563671,36.45886309346443,35.81070626,36.215804080861425,17.98570275387641,376300,22.52754
4324,1997-04-23,36.215804080861425,36.37784448955056,35.972745068258426,36.05376687303371,17.905223495112363,202200,22.628785999999998
4325,1997-04-24,35.972745068258426,36.215804080861425,35.972745068258426,36.215804080861425,17.98570275387641,390800,22.426292
4326,1997-04-25,36.215804080861425,36.215804080861425,35.729687656086156,35.89172646434457,17.824760240655433,110800,22.730034
4327,1997-04-28,35.89172646434457,36.45886309346443,35.81070626,36.37784448955056,18.066175610917604,375500,22.983152
4328,1997-04-29,36.45886309346443,36.94498271910112,36.37784448955056,36.78294231041199,18.26736415524345,531300,22.983152
4329,1997-04-30,36.78294231041199,37.18804173170412,36.78294231041199,36.78294231041199,18.26736415524345,369300,23.135023
4330,1997-05-01,36.80591728999375,37.04912811959401,36.80591728999375,37.04912811959401,18.39955080119925,211600,23.489389000000003
4331,1997-05-02,37.04912811959401,37.940900627651466,36.886986498906936,37.616620589138044,18.68138172526546,512600,23.590637
4332,1997-05-05,37.69768979805122,37.940900627651466,37.454480569881326,37.77876220982511,18.76190324499688,299500,23.894379
4333,1997-05-06,37.85983141873829,38.26518386902561,37.69768979805122,38.26518386902561,19.00348061563398,555800,23.185648
4334,1997-05-07,38.02197303942536,38.10304224833854,37.1302005313679,37.1302005313679,18.439815564640853,240700,23.337519
4335,1997-05-08,37.1302005313679,37.85983141873829,36.968058910680824,37.37341136096815,18.560600246383512,363400,23.261582999999998
4336,1997-05-09,37.37341136096815,37.454480569881326,37.04912811959401,37.25180514545284,18.500207104797003,128300,23.717195999999998
4337,1997-05-12,37.211269740281075,38.02197303942536,37.211269740281075,37.981437634253595,18.86255954859463,266100,23.843756
4338,1997-05-13,38.10304224833854,38.26518386902561,37.940900627651466,38.18411466011243,18.9632078450406,149300,24.248745
4339,1997-05-14,38.26518386902561,38.91374554748282,38.18411466011243,38.83267633856965,19.2853147425609,324600,24.248745
4340,1997-05-15,38.75160392679576,39.156956377083084,38.5894655089694,38.83267633856965,19.2853147425609,264900,24.248745
4341,1997-05-16,38.91374554748282,38.99481795925671,38.75160392679576,38.83267633856965,19.2853147425609,217500,24.147497
4342,1997-05-19,38.99481795925671,38.99481795925671,38.42732388828233,38.670534717882575,19.204777208525922,183900,23.843756
4343,1997-05-20,38.670534717882575,38.75160392679576,37.940900627651466,38.18411466011243,18.9632078450406,296700,23.894379
4344,1997-05-21,38.18411466011243,38.42732388828233,38.10304224833854,38.26518386902561,19.00348061563398,108100,23.843756
4345,1997-05-22,38.10304224833854,38.26518386902561,37.940900627651466,38.18411466011243,18.9632078450406,161200,23.995626
4346,1997-05-23,38.10304224833854,38.50839309719551,38.10304224833854,38.42732388828233,19.0840021353654,188300,23.995626
4347,1997-05-27,38.34625307793879,38.50839309719551,38.18411466011243,38.42732388828233,19.0840021353654,133800,24.046249
4348,1997-05-28,38.26518386902561,38.75160392679576,38.26518386902561,38.50839309719551,19.124260493085572,146400,24.147497
4349,1997-05-29,38.42732388828233,38.670534717882575,38.42732388828233,38.670534717882575,19.204777208525922,25100,24.19812
4350,1997-05-30,38.34625307793879,38.75160392679576,38.26518386902561,38.75160392679576,19.24505478341037,285100,24.628422
4351,1997-06-02,38.70325507598253,39.674886215502184,38.70325507598253,39.39149399973799,19.56282937624454,452300,24.704357
4352,1997-06-03,39.35101076842795,39.83682553847161,39.35101076842795,39.51294689253275,19.62314716768559,209100,24.754982000000002
4353,1997-06-04,39.593918153449785,39.593918153449785,39.35101076842795,39.593918153449785,19.66336329379913,66600,24.552486
4354,1997-06-05,39.43197883048035,39.674886215502184,39.27003950751091,39.27003950751091,19.502514783668122,132500,25.134659
4355,1997-06-06,39.27003950751091,40.322638709082966,39.27003950751091,40.20118581628821,19.964953850436682,492800,24.856228
4356,1997-06-09,40.24167064703056,40.24167064703056,39.75585427755459,39.75585427755459,19.743785949432315,185100,24.805605
4357,1997-06-10,39.75585427755459,39.998764861441046,39.593918153449785,39.674886215502184,19.703574621615722,117200,25.008101
4358,1997-06-11,39.91779360052402,39.998764861441046,39.674886215502184,39.998764861441046,19.864419932882097,77200,25.41309
4359,1997-06-12,39.998764861441046,40.97039120266375,39.83682553847161,40.646517355021835,20.317723042270742,354300,25.767454
4360,1997-06-13,40.646517355021835,41.375237910655024,40.646517355021835,41.213298587685586,20.601043283580786,250800,25.463713000000002
4361,1997-06-16,41.780083019213976,41.9420223421834,40.160699386113535,40.727485417074234,20.35819987585153,301900,25.362465
4362,1997-06-17,40.80845667799127,40.97039120266375,40.160699386113535,40.5655460941048,20.27724780812227,257500,25.818079
4363,1997-06-18,40.484578032052404,41.45620917157205,40.160699386113535,41.294269848602625,20.641510520567685,221400,26.273690999999996
4364,1997-06-19,41.45620917157205,42.42783711222707,41.45620917157205,42.022990404235806,21.005771633580785,315600,26.425564
4365,1997-06-20,41.9420223421834,42.589774835764196,41.61814529567686,42.265900988122276,21.12719413716157,286000,26.729305
4366,1997-06-23,42.589774835764196,42.75171415873363,41.780083019213976,42.75171415873363,21.37003754489083,300700,26.931798999999998
4367,1997-06-24,42.75171415873363,43.23752892877729,42.265900988122276,43.075589605807856,21.531930484323144,263200,26.931798999999998
4368,1997-06-25,43.23752892877729,43.23752892877729,42.42783711222707,43.075589605807856,21.531930484323144,214900,26.628057000000002
4369,1997-06-26,43.075589605807856,43.075589605807856,42.10396166515283,42.589774835764196,21.289083877729258,122400,26.425564
4370,1997-06-27,42.589774835764196,42.589774835764196,42.10396166515283,42.265900988122276,21.12719413716157,83900,25.615582999999997
4371,1997-06-30,42.42783711222707,42.589774835764196,40.97039120266375,40.97039120266375,20.479615981703056,144200,26.071198000000003
4372,1997-07-01,41.24281281452337,41.72802061046729,40.27239243031776,41.647155040635525,20.817908208411215,303400,26.830553000000002
4373,1997-07-02,41.72802061046729,42.86017852409346,41.647155040635525,42.86017852409346,21.42425621261682,209700,27.33679
4374,1997-07-03,42.86017852409346,43.99233324284113,42.86017852409346,43.66886137887851,21.82849460517757,179300,26.830553000000002
4375,1997-07-07,43.66886137887851,43.66886137887851,42.6984409946729,42.86017852409346,21.42425621261682,121100,26.931798999999998
4376,1997-07-08,42.6984409946729,43.66886137887851,42.6984409946729,43.02191285863551,21.505099418299064,105900,26.526809999999998
4377,1997-07-09,43.02191285863551,43.345387917476636,42.0514956693084,42.374967533271025,21.181713816056078,120300,26.931798999999998
4378,1997-07-10,42.0514956693084,43.02191285863551,41.889758139887846,43.02191285863551,21.505099418299064,200600,27.033046999999996
4379,1997-07-11,42.6984409946729,43.50712384945794,42.45583789542056,43.183650388056066,21.58594422142056,77900,26.779928
4380,1997-07-14,43.50712384945794,43.50712384945794,42.6984409946729,42.77930816194392,21.3838346097757,299800,27.488660999999997
4381,1997-07-15,43.99233324284113,43.99233324284113,43.50712384945794,43.91146607557009,21.949749829065425,510200,27.33679
4382,1997-07-16,43.66886137887851,43.830595713420564,43.345387917476636,43.66886137887851,21.82849460517757,262100,27.134295
4383,1997-07-17,43.830595713420564,43.99233324284113,42.86017852409346,43.345387917476636,21.66679701173832,319200,26.931798999999998
4384,1997-07-18,43.50712384945794,43.50712384945794,42.86017852409346,43.02191285863551,21.505099418299064,404200,26.830553000000002
4385,1997-07-21,43.02191285863551,43.02191285863551,42.0514956693084,42.86017852409346,21.42425621261682,250100,27.235542
4386,1997-07-22,42.536703465252344,43.66886137887851,42.536703465252344,43.50712384945794,21.74764341229907,219000,27.235542
4387,1997-07-23,43.830595713420564,43.830595713420564,43.345387917476636,43.50712384945794,21.74764341229907,135900,27.235542
4388,1997-07-24,43.50712384945794,43.830595713420564,43.345387917476636,43.50712384945794,21.74764341229907,93400,27.640532
4389,1997-07-25,43.66886137887851,44.47754103878505,43.183650388056066,44.15407077226168,22.071025819663554,249300,27.387413000000002
4390,1997-07-28,43.99233324284113,44.31580670424299,43.50712384945794,43.749728546149534,21.86890822082243,136700,27.438036
4391,1997-07-29,43.830595713420564,44.31580670424299,43.50712384945794,43.830595713420564,21.909326628785045,189700,27.843025
4392,1997-07-30,43.66886137887851,44.47754103878505,43.66886137887851,44.47754103878505,22.232717023345796,134300,28.197391999999997
4393,1997-07-31,44.639278568205604,45.44796142299065,44.15407077226168,45.043620794317754,22.51568581506542,227000,28.248015999999996
4394,1997-08-01,44.7174321123694,45.20173466988806,43.425953842276115,45.04030207850745,22.514020344570895,433500,28.146769
4395,1997-08-04,44.75779105744403,45.20173466988806,44.23312796039179,44.87886789266791,22.433319993470146,669400,28.146769
4396,1997-08-05,44.55599633207089,45.20173466988806,44.55599633207089,44.87886789266791,22.433319993470146,327600,28.298639
4397,1997-08-06,44.7174321123694,45.52460623048508,44.7174321123694,45.12101837419776,22.554369722891792,279700,28.045521
4398,1997-08-07,44.9595841883582,45.36317045018656,44.7174321123694,44.7174321123694,22.352630803582088,209200,27.539284000000002
4399,1997-08-08,44.55599633207089,44.87886789266791,43.91025799425373,43.91025799425373,21.94915137050373,450000,27.438036
4400,1997-08-11,44.07169377455224,44.55599633207089,43.74882221395522,43.74882221395522,21.86845101940298,100600,27.589909000000002
4401,1997-08-12,43.91025799425373,44.7174321123694,43.91025799425373,43.99097747886194,21.98950553220149,105800,27.843025
4402,1997-08-13,44.23312796039179,44.87886789266791,43.91025799425373,44.394560551772386,22.191238073675372,148700,28.045521
4403,1997-08-14,44.55599633207089,45.04030207850745,44.23312796039179,44.7174321123694,22.352630803582088,152500,27.640532
4404,1997-08-15,44.394560551772386,44.7174321123694,44.07169377455224,44.07169377455224,22.029848532686565,304600,27.589909000000002
4405,1997-08-18,44.55599633207089,44.55599633207089,43.74882221395522,43.99097747886194,21.98950553220149,202500,28.298639
4406,1997-08-19,44.23312796039179,45.12101837419776,44.07169377455224,45.12101837419776,22.554369722891792,203500,28.399887
4407,1997-08-20,45.04030207850745,45.36317045018656,44.55599633207089,45.28245415449627,22.63505891277985,313300,28.349262
4408,1997-08-21,45.36317045018656,45.36317045018656,44.87886789266791,45.20173466988806,22.594717506753728,73500,28.146769
4409,1997-08-22,44.55599633207089,45.04030207850745,44.55599633207089,44.87886789266791,22.433319993470146,190100,27.640532
4410,1997-08-25,44.87886789266791,45.20173466988806,43.78918115902985,44.07169377455224,22.029848532686565,612800,27.640532
4411,1997-08-26,44.394560551772386,44.7174321123694,44.07169377455224,44.07169377455224,22.029848532686565,99500,28.146769
4412,1997-08-27,44.23312796039179,45.20173466988806,44.07169377455224,44.87886789266791,22.433319993470146,212100,28.146769
4413,1997-08-28,44.394560551772386,44.87886789266791,44.07169377455224,44.87886789266791,22.433319993470146,112300,27.741778999999998
4414,1997-08-29,44.23312796039179,45.20173466988806,44.23312796039179,44.23312796039179,22.11054410041045,171100,28.349262
4415,1997-09-02,44.12336833766129,45.250606751799005,44.12336833766129,45.08957155656328,22.53865121021092,208500,28.399887
4416,1997-09-03,45.08957155656328,45.250606751799005,44.84802194471464,45.17009074468363,22.57889251349256,278100,28.804876
4417,1997-09-04,45.250606751799005,46.3778483469417,45.08957155656328,45.81422675411911,22.900873835825067,292900,29.108618
4418,1997-09-05,46.05577795647022,46.53888036117246,45.57267714227048,46.29732915882134,23.14236459908189,253700,29.867973
4419,1997-09-08,46.3778483469417,48.149222770514896,46.21681315170596,47.505085170576926,23.746074806947895,194500,29.969221
4420,1997-09-09,47.82715556104839,47.98818757527916,47.344051565843685,47.66612036581266,23.82657649954095,138200,29.665478000000004
4421,1997-09-10,47.66612036581266,47.90767156816377,46.86094916114145,47.18301637060795,23.58508891728908,271300,28.956746999999996
4422,1997-09-11,47.021984356377175,47.505085170576926,46.05577795647022,46.05577795647022,23.14802201640819,224000,29.867973
4423,1997-09-12,46.3778483469417,47.505085170576926,46.21681315170596,47.505085170576926,23.876454657357325,147900,29.867973
4424,1997-09-15,47.66612036581266,48.63232676571961,47.505085170576926,47.505085170576926,23.876454657357325,176500,30.374209999999998
4425,1997-09-16,47.505085170576926,48.310256375248144,47.505085170576926,48.310256375248144,24.281148470732013,224400,30.677952
4426,1997-09-17,48.310256375248144,48.79335877995038,47.505085170576926,48.79335877995038,24.52396253205335,576500,31.589178000000004
4427,1997-09-18,48.63232676571961,50.88680200349256,48.63232676571961,50.242665994057084,25.252396763504965,439800,31.285436999999998
4428,1997-09-19,50.242665994057084,50.242665994057084,48.79335877995038,49.759565179857326,25.009579521178665,636400,31.690426000000002
4429,1997-09-22,49.759565179857326,50.564736384528544,49.59852998462159,50.40370118929281,25.33332630126551,147500,29.716103000000004
4430,1997-09-23,50.564736384528544,50.564736384528544,47.021984356377175,47.2635355587283,23.75505796496278,507400,29.918596
4431,1997-09-24,47.66612036581266,48.149222770514896,47.344051565843685,47.58560117769232,23.916929764503728,578000,29.81735
4432,1997-09-25,47.58560117769232,47.66612036581266,47.18301637060795,47.42456916346155,23.835998636240696,236600,29.766726000000002
4433,1997-09-26,47.2635355587283,47.66612036581266,47.2635355587283,47.344051565843685,23.79552830060174,132200,29.867973
4434,1997-09-29,47.505085170576926,47.98818757527916,47.344051565843685,47.505085170576926,23.876454657357325,134900,29.766726000000002
4435,1997-09-30,47.505085170576926,47.66612036581266,47.2635355587283,47.344051565843685,23.79552830060174,198100,30.374209999999998
4436,1997-10-01,47.3874983260953,48.67258313940595,47.22686331939357,48.19067653273515,24.221046618081687,382300,32.044792
4437,1997-10-02,48.03004152603342,50.921484339189355,48.03004152603342,50.8411644559901,25.553203246002475,889500,31.386684000000002
4438,1997-10-03,51.403389359294565,51.72466254582921,49.315124752778466,49.79703294601486,25.028418117586632,360700,31.589178000000004
4439,1997-10-06,49.95766953928218,50.921484339189355,49.47576134604579,50.11830295941833,25.189890830922028,245800,31.538555
4440,1997-10-07,50.11830295941833,50.43957614595298,49.79703294601486,50.03798624935025,25.149525429077972,211900,31.386684000000002
4441,1997-10-08,50.11830295941833,50.27893955268565,49.63639793931311,49.79703294601486,25.028418117586632,232800,31.336059999999996
4442,1997-10-09,50.11830295941833,50.11830295941833,49.47576134604579,49.71671464938118,24.988043196349015,111600,30.7792
4443,1997-10-10,49.47576134604579,49.79703294601486,48.67258313940595,48.83321973267327,24.543993631318074,211600,30.981695000000002
4444,1997-10-13,48.91353644274134,49.15449133264234,48.67258313940595,49.15449133264234,24.70546634465347,46100,30.677952
4445,1997-10-14,49.15449133264234,49.95766953928218,48.67258313940595,48.67258313940595,24.463259654498763,230200,30.272963
4446,1997-10-15,48.35131312600248,48.67258313940595,47.548134919362624,48.03004152603342,24.140301535303223,357700,30.475458000000003
4447,1997-10-16,48.51194971926981,48.993854739375,48.03004152603342,48.35131312600248,24.301786941163368,144000,30.677952
4448,1997-10-17,48.35131312600248,48.83321973267327,48.19067653273515,48.67258313940595,24.463259654498763,658200,30.880446999999997
4449,1997-10-20,48.83321973267327,49.234808042710405,48.35131312600248,48.993854739375,24.62472443500619,123800,31.386684000000002
4450,1997-10-21,48.91353644274134,50.35925626275372,48.91353644274134,49.79703294601486,25.028418117586632,172400,31.285436999999998
4451,1997-10-22,50.11830295941833,50.11830295941833,49.47576134604579,49.63639793931311,24.947674621373764,82500,31.082940999999998
4452,1997-10-23,49.315124752778466,49.47576134604579,48.19067653273515,49.315124752778466,24.786200321472776,124300,31.082940999999998
4453,1997-10-24,49.63639793931311,50.43957614595298,49.15449133264234,49.315124752778466,24.786200321472776,180100,29.614855
4454,1997-10-27,49.15449133264234,49.95766953928218,46.74495671272278,46.98591001605817,23.615522753149754,210200,29.969221
4455,1997-10-28,46.10241509935025,47.869404932766095,45.78114191281559,47.548134919362624,23.898093258582925,295500,30.576706
4456,1997-10-29,47.3874983260953,48.51194971926981,47.3874983260953,48.51194971926981,24.382512985154708,128300,29.766726000000002
4457,1997-10-30,47.06622672612625,48.19067653273515,46.58432011945545,47.22686331939357,23.7366284780755,126200,29.766726000000002
4458,1997-10-31,47.949724815965354,48.51194971926981,47.22686331939357,47.22686331939357,23.7366284780755,140200,30.551394000000002
4459,1997-11-03,47.41684043032198,48.50180406356657,47.41684043032198,48.50180406356657,24.37741214336842,114800,30.931070000000002
4460,1997-11-04,48.22051596092879,49.18492755018577,48.22051596092879,49.1045579333127,24.68036551339319,188500,31.538555
4461,1997-11-05,49.18492755018577,50.470808081647064,48.863457020433444,50.06896952256966,25.165097890643967,488100,30.880446999999997
4462,1997-11-06,50.310072022996906,50.310072022996906,48.863457020433444,49.024191491535596,24.639971942396286,406100,29.969221
4463,1997-11-07,48.702720961783285,48.863457020433444,47.41684043032198,47.57757648897214,23.912890839547988,141900,30.475458000000003
4464,1997-11-10,47.57757648897214,48.38125201957895,47.57757648897214,48.38125201957895,24.31683448725697,135900,30.576706
4465,1997-11-11,48.05978148982663,48.54198807822911,48.05978148982663,48.54198807822911,24.39761051641486,61100,29.867973
4466,1997-11-12,48.05978148982663,48.46161846135604,47.41684043032198,47.41684043032198,23.832102110006193,100000,30.070469
4467,1997-11-13,47.89904543117648,47.89904543117648,47.095369900569665,47.73831254762229,23.993689094377707,70900,29.665478000000004
4468,1997-11-14,47.41684043032198,48.22051596092879,46.93463701701548,47.095369900569665,23.670543701498453,156000,30.627329
4469,1997-11-17,47.25610595921982,49.18492755018577,47.25610595921982,48.62235452000619,24.438023137987614,258600,30.551394000000002
4470,1997-11-18,49.18492755018577,49.18492755018577,48.22051596092879,48.50180406356657,24.37741214336842,91100,30.981695000000002
4471,1997-11-19,48.863457020433444,49.506396492390095,48.22051596092879,49.18492755018577,24.72076384703406,219500,31.386684000000002
4472,1997-11-20,49.82786702214242,50.551174523424145,49.66713255104025,49.82786702214242,25.043915590105264,669400,31.386684000000002
4473,1997-11-21,49.98860308079257,49.98860308079257,49.024191491535596,49.82786702214242,25.043915590105264,634700,30.7792
4474,1997-11-24,49.82786702214242,49.82786702214242,48.54198807822911,48.863457020433444,24.55919115059443,91400,31.589178000000004
4475,1997-11-25,48.702720961783285,50.63154255274923,48.46161846135604,50.14933596434676,25.205488286544888,292600,31.892921
4476,1997-11-26,50.63154255274923,50.71190899452632,50.14933596434676,50.63154255274923,25.447841774786376,379200,31.285436999999998
4477,1997-11-28,50.310072022996906,50.87264505317647,49.66713255104025,49.66713255104025,24.96312209791951,102900,32.804146
4478,1997-12-01,50.53338812886547,52.46459813607563,49.88964987027899,52.142729006782396,26.207377834705518,550800,32.804146
4479,1997-12-02,52.142729006782396,53.10833957369498,51.82086464603843,52.142729006782396,26.207377834705518,250000,33.006640999999995
4480,1997-12-03,52.62553667451332,52.7864688548853,51.82086464603843,52.46459813607563,26.369165174916304,345300,32.905396
4481,1997-12-04,52.7864688548853,53.4302023449225,52.142729006782396,52.30366754522009,26.288274683843763,268500,34.424107
4482,1997-12-05,51.98179682641042,54.71768363064476,51.82086464603843,54.71768363064476,27.501582774922504,496800,34.424107
4483,1997-12-08,54.71768363064476,56.166089149156846,53.913011602169874,54.71768363064476,27.501582774922504,553700,33.563503000000004
4484,1997-12-09,54.23487437339739,54.71768363064476,53.34973943376938,53.34973943376938,26.81402472742095,237400,33.81662
4485,1997-12-10,53.752073063732176,54.07394219302542,52.7864688548853,53.752073063732176,27.01624936558586,465300,33.81662
4486,1997-12-11,53.10833957369498,54.39581291183509,52.7864688548853,53.752073063732176,27.146290883676375,157200,33.91787
4487,1997-12-12,53.752073063732176,54.39581291183509,53.752073063732176,53.913011602169874,27.227569216757598,275800,34.727848
4488,1997-12-15,54.39581291183509,55.200484940309984,53.752073063732176,55.200484940309984,27.877794291890883,190800,36.246559000000005
4489,1997-12-16,55.200484940309984,57.93636538647861,54.71768363064476,57.61450102573466,29.096935908264097,823800,35.639072
4490,1997-12-17,57.61450102573466,57.61450102573466,56.327021329528826,56.648890458822066,28.609277036391813,411400,34.626598
4491,1997-12-18,56.56842754766893,56.80982899725976,53.752073063732176,55.039546401872286,27.796512779776812,445900,34.120360999999995
4492,1997-12-19,54.39581291183509,54.71768363064476,52.46459813607563,54.23487437339739,27.39013224098574,357100,34.221610999999996
4493,1997-12-22,54.07394219302542,55.4418863899008,53.913011602169874,54.39581291183509,27.47140103696838,256600,34.019115
4494,1997-12-23,54.39581291183509,54.71768363064476,53.26927016455053,54.07394219302542,27.308853907904524,143400,33.411633
4495,1997-12-24,54.39581291183509,54.39581291183509,53.10833957369498,53.10833957369498,26.821198215065095,81900,33.209137
4496,1997-12-26,53.02787030447613,53.4302023449225,52.46459813607563,52.7864688548853,26.65864472793552,109300,34.019115
4497,1997-12-29,53.4302023449225,54.39581291183509,52.947401035257286,54.07394219302542,27.308853907904524,218200,34.170986
4498,1997-12-30,53.913011602169874,54.55674509220706,53.752073063732176,54.31534364261624,27.430769818009917,226600,34.170986
4499,1997-12-31,54.23487437339739,55.200484940309984,54.07394219302542,54.31534364261624,27.430769818009917,242100,34.474728000000006
4500,1998-01-02,53.97355739935025,55.0176889093255,53.97355739935025,54.69641730935645,27.623211242227722,333800,35.234085
4501,1998-01-05,54.61610377241956,55.901186999164615,54.294830585884895,55.901186999164615,28.231654387852725,338800,34.120360999999995
4502,1998-01-06,55.901186999164615,55.901186999164615,54.134190819486385,54.134190819486385,27.339284223211635,332700,33.411633
4503,1998-01-07,53.81292556577971,53.97355739935025,52.527840752469054,53.00974735913986,26.771406386695546,348600,32.753525
4504,1998-01-08,53.1703791927104,53.1703791927104,50.760844572790845,51.965615849164614,26.244084339894805,445800,32.196663
4505,1998-01-09,52.04592938610149,52.20656915250001,50.11830295941833,51.082117759325506,25.797899257574258,459700,31.690426000000002
4506,1998-01-12,49.95766953928218,50.921484339189355,49.47576134604579,50.27893955268565,25.392257272444304,441200,30.880446999999997
4507,1998-01-13,50.760844572790845,51.403389359294565,48.993854739375,48.993854739375,24.743272616194307,359300,32.095417
4508,1998-01-14,49.63639793931311,51.56402277943069,49.315124752778466,50.921484339189355,25.71677181248763,521100,32.044792
4509,1998-01-15,51.56402277943069,51.72466254582921,50.43957614595298,50.8411644559901,25.676209676509906,223200,32.500403999999996
4510,1998-01-16,51.082117759325506,51.56402277943069,50.43957614595298,51.56402277943069,26.041272073440595,521000,32.399158
4511,1998-01-20,51.88529596596535,51.88529596596535,50.921484339189355,51.403389359294565,25.96015097461634,116500,32.247288
4512,1998-01-21,51.56402277943069,51.56402277943069,50.60021115265471,51.16243764252475,25.83844870102723,204300,32.095417
4513,1998-01-22,51.082117759325506,51.24275117946164,50.680527862722776,50.921484339189355,25.71677181248763,96200,31.285436999999998
4514,1998-01-23,51.24275117946164,51.403389359294565,49.15449133264234,49.63639793931311,25.067760184622525,258100,31.411995
4515,1998-01-26,49.79703294601486,49.95766953928218,49.315124752778466,49.837190507766095,25.169170284263615,214500,31.639803000000004
4516,1998-01-27,49.47576134604579,50.43957614595298,49.47576134604579,50.19862284261758,25.351701482728963,136700,32.196663
4517,1998-01-28,50.11830295941833,51.082117759325506,50.11830295941833,51.082117759325506,25.797899257574258,160200,31.994166999999997
4518,1998-01-29,51.082117759325506,51.88529596596535,50.43957614595298,50.760844572790845,25.635638021138618,262400,31.690426000000002
4519,1998-01-30,50.921484339189355,52.28688268943688,50.27893955268565,50.27893955268565,25.392257272444304,354700,32.804146
4520,1998-02-02,50.66678494726992,52.51067160696727,50.50644918016677,51.94948850397777,26.235934805095738,254800,33.107890999999995
4521,1998-02-03,52.27016478906114,52.75117842487338,51.46847486816553,52.43050689066707,26.47886457031501,302300,33.310383
4522,1998-02-04,52.75117842487338,52.75117842487338,52.27016478906114,52.75117842487338,26.640825137381096,108700,33.361008
4523,1998-02-05,52.75117842487338,52.91152052647931,51.94948850397777,52.83134947567634,26.68130261014207,121900,32.804146
4524,1998-02-06,53.23219047705991,53.55286834576899,51.94948850397777,51.94948850397777,26.235934805095738,272200,31.690426000000002
4525,1998-02-09,51.30813910106239,51.94948850397777,49.86509819362569,50.18577289508339,25.345205529505865,550500,32.044792
4526,1998-02-10,50.50644918016677,51.30813910106239,50.34611182943793,50.746955998072885,25.628631770994442,542400,31.589178000000004
4527,1998-02-11,50.82712704887585,50.82712704887585,50.025433960728854,50.025433960728854,25.264252167609634,480800,31.133566
4528,1998-02-12,50.025433960728854,50.34611182943793,48.74273198764669,49.303915090636195,24.899851977090798,591700,30.7792
4529,1998-02-13,49.06340827273008,49.38408297418777,48.74273198764669,48.74273198764669,24.616441571859173,400800,30.728577
4530,1998-02-17,48.98323722192712,49.303915090636195,48.42205728618901,48.662564104095125,24.575954597344037,648600,31.285436999999998
4531,1998-02-18,48.74273198764669,49.70475925927116,48.58239305329216,49.54442190854231,25.021309733384804,458900,31.234814
4532,1998-02-19,49.78492714282273,49.78492714282273,49.22374403983323,49.46425402499074,24.980827509746753,271300,31.639803000000004
4533,1998-02-20,49.38408297418777,50.34611182943793,49.303915090636195,50.105605011531814,25.304724889493514,1555500,31.639803000000004
4534,1998-02-23,50.105605011531814,50.987462815979,50.025433960728854,50.105605011531814,25.304724889493514,638400,32.095417
4535,1998-02-24,49.945266077177266,50.987462815979,49.86509819362569,50.82712704887585,25.66911874550958,379100,32.297909000000004
4536,1998-02-25,51.14779858308216,51.30813910106239,50.50644918016677,51.14779858308216,25.831072978072886,475900,32.196663
4537,1998-02-26,51.30813910106239,51.30813910106239,50.66678494726992,50.987462815979,25.75009586179123,273500,32.196663
4538,1998-02-27,50.82712704887585,51.30813910106239,50.50644918016677,50.987462815979,25.75009586179123,269300,32.373844
4539,1998-03-02,51.21324118657214,51.45330317065969,50.89315801422319,51.1732274310481,25.843905293323058,572100,33.361008
4540,1998-03-03,51.21324118657214,52.813657048316905,50.89315801422319,52.73363427935882,26.63195371505549,765900,33.006640999999995
4541,1998-03-04,52.65361151040075,52.813657048316905,51.693365154747234,52.173487542225644,26.349064335369917,323700,33.006640999999995
4542,1998-03-05,51.693365154747234,52.3335330801418,51.3732804017016,52.173487542225644,26.349064335369917,376100,33.411633
4543,1998-03-06,51.693365154747234,52.813657048316905,51.693365154747234,52.813657048316905,26.67237529032059,1076900,33.006640999999995
4544,1998-03-09,52.57359506422936,52.73363427935882,51.853404369876706,52.173487542225644,26.349064335369917,216600,33.411633
4545,1998-03-10,52.49357229527127,52.89367349448828,52.09346635396424,52.813657048316905,26.67237529032059,475500,33.259762
4546,1998-03-11,52.813657048316905,52.813657048316905,52.3335330801418,52.57359506422936,26.55113269427867,295900,33.107890999999995
4547,1998-03-12,52.173487542225644,52.73363427935882,52.173487542225644,52.3335330801418,26.429890098236747,360300,33.006640999999995
4548,1998-03-13,52.49357229527127,52.813657048316905,51.853404369876706,52.173487542225644,26.349064335369917,262100,33.715374
4549,1998-03-16,52.3335330801418,53.45381865092479,52.09346635396424,53.293779435795315,26.914847836831076,447500,33.715374
4550,1998-03-17,53.13373389787916,53.45381865092479,52.73363427935882,53.293779435795315,26.914847836831076,642100,33.614124
4551,1998-03-18,52.973694682749695,53.13373389787916,52.813657048316905,53.13373389787916,26.983116545345258,286400,33.614124
4552,1998-03-19,53.21375666683724,53.21375666683724,52.973694682749695,53.13373389787916,26.983116545345258,129700,33.664749
4553,1998-03-20,53.293779435795315,53.293779435795315,52.813657048316905,53.21375666683724,27.023754676054256,294000,33.512878
4554,1998-03-23,52.973694682749695,53.293779435795315,52.89367349448828,52.973694682749695,26.90184818741061,223000,33.538189
4555,1998-03-24,53.05371745170778,53.13373389787916,52.89367349448828,53.01370369618373,26.92215697823675,210600,33.91787
4556,1998-03-25,53.05371745170778,53.77390182327374,52.973694682749695,53.61386418884095,27.22694058750925,516400,34.019115
4557,1998-03-26,53.61386418884095,53.77390182327374,53.13373389787916,53.77390182327374,27.30821052614057,310900,33.563503000000004
4558,1998-03-27,53.77390182327374,53.77390182327374,52.973694682749695,53.05371745170778,26.94248631811961,235400,33.614124
4559,1998-03-30,53.21375666683724,53.45381865092479,52.973694682749695,53.13373389787916,26.983116545345258,189500,33.968491
4560,1998-03-31,52.973694682749695,53.69388063501234,52.973694682749695,53.69388063501234,27.267575556824912,407600,33.765999
4561,1998-04-01,53.6746269276,53.6746269276,53.115515885298464,53.27526595452923,27.054994035913847,356300,34.06974
4562,1998-04-02,53.35513467803077,54.073989478449235,53.35513467803077,53.75450196221539,27.298364785827694,486300,33.91787
4563,1998-04-03,53.83437068571692,54.473356762633856,53.35513467803077,53.51488474726154,27.176675466424616,203400,34.019115
4564,1998-04-06,53.51488474726154,54.23373954768,53.51488474726154,53.6746269276,27.257795368246153,407500,33.664749
4565,1998-04-07,53.6746269276,53.6746269276,53.03564085068307,53.115515885298464,26.97386466742154,250200,33.209137
4566,1998-04-08,53.03564085068307,53.19539091991384,52.396661084879995,52.396661084879995,26.60880617588308,302800,33.411633
4567,1998-04-09,52.556404842996926,53.115515885298464,52.556404842996926,52.7161549122277,26.771053868418466,448000,33.91787
4568,1998-04-13,52.95577212718155,54.313614582295386,52.95577212718155,53.51488474726154,27.176675466424616,645600,34.221610999999996
4569,1998-04-14,53.51488474726154,53.99412075494769,53.115515885298464,53.99412075494769,27.42005252745231,457900,34.930344
4570,1998-04-15,53.99412075494769,55.27208817544616,53.83437068571692,55.112344417329226,27.98792339577231,702400,34.525352000000005
4571,1998-04-16,55.27208817544616,55.27208817544616,54.393483305796934,54.473356762633856,27.66341065513846,540100,34.829094
4572,1998-04-17,54.313614582295386,55.032469382713856,54.15386451306462,54.95259434809846,27.90680033839385,251100,34.525352000000005
4573,1998-04-20,54.95259434809846,54.95259434809846,54.23373954768,54.473356762633856,27.66341065513846,146100,34.829094
4574,1998-04-21,54.95259434809846,55.112344417329226,54.15386451306462,54.95259434809846,27.90680033839385,185900,36.145309000000005
4575,1998-04-22,54.63310052075077,58.307257446350775,54.63310052075077,57.02929002585231,28.96141743987693,953800,36.651546
4576,1998-04-23,57.02929002585231,57.90789489550154,56.62992905278154,57.828019860886165,29.36703272676923,491000,36.449051000000004
4577,1998-04-24,57.348783853200004,58.307257446350775,57.26890881858461,57.508527611316936,29.204788189790776,652600,35.132835
4578,1998-04-27,56.949421302350764,56.949421302350764,53.83437068571692,55.43183035578461,28.150180554978462,476900,35.234085
4579,1998-04-28,55.19221314083078,55.751324183132304,54.95259434809846,55.59158042501539,28.231297301243075,461300,35.942814
4580,1998-04-29,55.59158042501539,57.02929002585231,55.27208817544616,56.70979777628308,28.799176058455387,661700,35.335331
4581,1998-04-30,57.348783853200004,57.348783853200004,55.43183035578461,55.751324183132304,28.312412469729235,314400,35.436577
4582,1998-05-01,55.80803771777027,55.88776556251843,55.32968324824938,55.80803771777027,28.34122273641892,91700,35.03159
4583,1998-05-04,55.170235433108104,55.80803771777027,55.170235433108104,55.170235433108104,28.017320591203926,211400,34.474728000000006
4584,1998-05-05,54.85133035359951,55.40941109299754,54.21352806893734,54.293249614201486,27.571958094416463,180600,34.980965000000005
4585,1998-05-06,55.170235433108104,55.648588327757984,54.691880963587224,55.090507588359955,27.976822783249386,660000,34.626598
4586,1998-05-07,55.01078604309582,55.170235433108104,54.21352806893734,54.53242527409091,27.69342002085995,263000,35.234085
4587,1998-05-08,54.21352806893734,55.80803771777027,54.21352806893734,55.4891389377457,28.179274026117934,413300,34.829094
4588,1998-05-11,55.24996170298525,55.88776556251843,54.77160250885135,54.85133035359951,27.855375030644964,114800,35.18346
4589,1998-05-12,55.170235433108104,55.40941109299754,54.21352806893734,55.40941109299754,28.138785667389435,754200,34.980965000000005
4590,1998-05-13,55.32968324824938,55.80803771777027,54.85133035359951,55.090507588359955,27.976822783249386,447700,34.980965000000005
4591,1998-05-14,55.170235433108104,55.40941109299754,54.372975884078635,55.090507588359955,27.976822783249386,346400,34.424107
4592,1998-05-15,54.85133035359951,55.170235433108104,54.133800224189194,54.21352806893734,27.531474460300977,251600,34.322857
4593,1998-05-18,53.89462298942874,54.53242527409091,53.73516729993242,54.05407237944103,27.45048514387592,223800,34.424107
4594,1998-05-19,54.05407237944103,54.372975884078635,53.575717909920144,54.21352806893734,27.531474460300977,499200,34.803783
4595,1998-05-20,54.21352806893734,55.170235433108104,54.05407237944103,54.811468793531944,27.835128488974203,166100,34.525352000000005
4596,1998-05-21,54.53242527409091,54.93105819834767,53.89462298942874,54.372975884078635,27.612433854176903,171300,34.170986
4597,1998-05-22,54.21352806893734,54.691880963587224,53.77503515948403,53.814895144680584,27.329029516916457,664800,33.563503000000004
4598,1998-05-26,54.05407237944103,54.85133035359951,52.61901212062039,52.85818778050984,26.843189685497542,478500,33.107890999999995
4599,1998-05-27,52.300107041111794,52.93790932577395,51.98120196160318,52.140657651099495,26.478803906167077,272900,33.259762
4600,1998-05-28,51.98120196160318,52.61901212062039,51.98120196160318,52.37983488585996,26.60025480851351,220000,33.310383
4601,1998-05-29,52.61901212062039,53.09736501527027,52.300107041111794,52.45955643112408,26.64074316724201,962600,32.804146
4602,1998-06-01,52.076681384042935,52.39518887722086,51.36002536794479,51.598909133705526,26.203679351779144,96700,32.981331
4603,1998-06-02,51.598909133705526,52.2359351306319,51.598909133705526,51.87761026846012,26.34521079859509,417400,33.057266
4604,1998-06-03,51.75816917204909,52.2359351306319,51.43965538711657,51.99705136487116,26.405869604705522,163700,33.158512
4605,1998-06-04,51.99705136487116,52.15630511146013,50.8026293901902,52.15630511146013,26.486751683042943,482400,33.057266
4606,1998-06-05,51.91742134569938,52.2359351306319,51.75816917204909,51.99705136487116,26.405869604705522,196600,32.956016999999996
4607,1998-06-08,52.39518887722086,52.55444891556442,51.75816917204909,51.83779289946625,26.324982807552146,185900,33.006640999999995
4608,1998-06-09,51.83779289946625,52.15630511146013,51.2804016405276,51.91742134569938,26.36543721669939,112100,32.601653999999996
4609,1998-06-10,51.121141602184046,51.99705136487116,51.121141602184046,51.2804016405276,26.041932497429453,156500,32.551029
4610,1998-06-11,51.2804016405276,51.75816917204909,50.961887855595094,51.20077162135583,26.001498536484664,142800,32.196663
4611,1998-06-12,51.121141602184046,51.43965538711657,50.324861858668704,50.64337564360123,25.718426205220858,228400,31.336059999999996
4612,1998-06-15,50.56374562442945,50.56374562442945,49.21007304903681,49.28969992233129,25.176660518834353,541800,31.310748999999998
4613,1998-06-16,50.00635279255215,50.00635279255215,48.97118928327607,49.24988727215337,25.15632871384049,413900,32.500403999999996
4614,1998-06-17,49.130446175742335,51.36002536794479,49.130446175742335,51.121141602184046,26.112150051717794,393200,32.323223
4615,1998-06-18,50.64337564360123,51.2804016405276,50.484121897012265,50.84244675918405,25.96979595798773,662300,32.196663
4616,1998-06-19,50.723005662773005,51.041513155950916,50.56374562442945,50.64337564360123,25.86810704718405,400500,32.247288
4617,1998-06-22,50.64337564360123,50.8026293901902,50.324861858668704,50.723005662773005,25.908776948926384,378600,32.095417
4618,1998-06-23,50.64337564360123,50.8026293901902,50.00635279255215,50.484121897012265,25.78675466019018,589700,32.095417
4619,1998-06-24,50.64337564360123,50.961887855595094,50.00635279255215,50.484121897012265,25.78675466019018,623800,32.146038
4620,1998-06-25,50.16560811207976,50.961887855595094,49.76746902679142,50.56374562442945,25.827427707809818,511400,32.500403999999996
4621,1998-06-26,50.64337564360123,51.121141602184046,50.64337564360123,51.121141602184046,26.112150051717794,502900,32.981331
4622,1998-06-29,50.961887855595094,51.91742134569938,50.8026293901902,51.87761026846012,26.498550295858898,241900,33.259762
4623,1998-06-30,52.2359351306319,52.87295483580368,52.076681384042935,52.31556514980369,26.722237901319023,622100,33.765999
4624,1998-07-01,52.33097908693016,53.12628299742647,52.092388070882365,53.046756848106625,27.09571580869486,731900,33.614124
4625,1998-07-02,52.96722441474265,53.12628299742647,52.569570102977934,52.80815954801471,26.973846199099263,287500,33.411633
4626,1998-07-06,52.80815954801471,53.12628299742647,52.490043953658095,52.490043953658095,26.811376951470596,250500,33.361008
4627,1998-07-07,52.490043953658095,52.96722441474265,52.2514529376103,52.410511520294115,26.770745893216912,178800,33.664749
4628,1998-07-08,52.80815954801471,53.20581543079045,52.33097908693016,52.88769198137868,27.014483541397063,223400,33.91787
4629,1998-07-09,52.96722441474265,53.28534786415442,52.72863339869486,53.28534786415442,27.217608983455882,315600,34.019115
4630,1998-07-10,53.046756848106625,53.60346345851103,53.046756848106625,53.44440487582721,27.29883339569853,426000,33.715374
4631,1998-07-13,53.60346345851103,54.398767369007366,52.80815954801471,52.96722441474265,27.05511302863971,250100,34.120360999999995
4632,1998-07-14,52.64910096533089,53.60346345851103,52.64910096533089,53.60346345851103,27.380097083216917,255300,33.867245000000004
4633,1998-07-15,53.12628299742647,53.9215869079228,52.96722441474265,53.20581543079045,27.176985780257358,182300,34.019115
4634,1998-07-16,52.88769198137868,53.68299589187501,52.80815954801471,53.44440487582721,27.29883339569853,253900,34.06974
4635,1998-07-17,53.52393730919119,54.1601779239706,53.44440487582721,53.52393730919119,27.339472309007355,282900,34.575977
4636,1998-07-20,53.44440487582721,54.398767369007366,53.36487401347427,54.319241219687505,27.745696485937508,451600,33.91787
4637,1998-07-21,54.319241219687505,54.478299802371325,53.28534786415442,53.28534786415442,27.217608983455882,393400,33.512878
4638,1998-07-22,53.12628299742647,53.28534786415442,51.85379705483455,52.64910096533089,26.8926155028125,343700,33.158512
4639,1998-07-23,52.17192050424632,52.72863339869486,51.85379705483455,52.092388070882365,26.608249938400736,192200,32.7029
4640,1998-07-24,52.17192050424632,52.490043953658095,51.058493144338236,51.37661659375001,26.242636396580888,188000,32.677589000000005
4641,1998-07-27,51.058493144338236,51.37661659375001,50.26318923384191,51.33685273358458,26.22232008194853,196500,32.7029
4642,1998-07-28,51.69474004316177,51.85379705483455,50.50178024988971,51.37661659375001,26.242636396580888,236600,32.804146
4643,1998-07-29,51.29708416038604,51.85379705483455,51.217558011066174,51.535675176433834,26.32389222904412,262500,33.614124
4644,1998-07-30,51.69474004316177,52.96722441474265,51.37661659375001,52.80815954801471,26.973846199099263,297600,32.804146
4645,1998-07-31,52.72863339869486,53.9215869079228,51.37661659375001,51.535675176433834,26.32389222904412,1838100,32.956016999999996
4646,1998-08-03,51.55203110109547,51.790328514987756,50.042803685856796,51.71089499763157,26.41339405419217,479000,31.589178000000004
4647,1998-08-04,51.47259601465117,51.94919868787637,49.248473219559365,49.56620415080784,25.317895950917993,731900,30.677952
4648,1998-08-05,49.248473219559365,49.248473219559365,47.659812286964495,48.136410252925344,24.587584280214195,747600,31.133566
4649,1998-08-06,47.73924423523257,49.32790516782742,47.34207978662791,48.85130877095471,24.952745607374542,1013900,31.184189
4650,1998-08-07,49.248473219559365,49.64563923725215,48.2952772876377,48.93074071922277,24.993323795434517,646900,30.7792
4651,1998-08-10,48.6130097879743,48.93074071922277,47.97754635638923,48.2952772876377,24.668732810893513,475100,30.424833000000003
4652,1998-08-11,47.659812286964495,47.97754635638923,46.230018389082005,47.73924423523257,24.384709030795598,357700,30.374209999999998
4653,1998-08-12,47.97754635638923,47.97754635638923,47.34207978662791,47.659812286964495,24.34413868817626,564000,30.374209999999998
4654,1998-08-13,47.58038033869645,47.73924423523257,46.38888542379437,47.659812286964495,24.34413868817626,708200,30.475458000000003
4655,1998-08-14,47.58038033869645,48.45414275326193,47.262647838359854,47.81867932167687,24.425287218855566,951100,30.272963
4656,1998-08-17,48.136410252925344,48.2952772876377,47.42151487307222,47.50094682134027,24.262988588408813,569500,31.538555
4657,1998-08-18,47.89811126994493,49.486772202539775,47.50094682134027,49.486772202539775,25.27733188465116,382300,30.855134999999997
4658,1998-08-19,49.56620415080784,49.56620415080784,48.2952772876377,48.414425994583844,24.72958989391065,331100,30.070469
4659,1998-08-20,48.2952772876377,48.6130097879743,47.024348855379436,47.183215890091795,24.10069937249082,258200,29.614855
4660,1998-08-21,47.103780803647496,47.103780803647496,44.95909152591187,46.46831737206242,23.735528630801713,373400,29.766726000000002
4661,1998-08-24,46.46831737206242,47.34207978662791,46.07115135436964,46.70661635504285,23.857255349541003,155300,29.867973
4662,1998-08-25,46.70661635504285,47.97754635638923,46.46831737206242,46.86548182066707,23.938400742044063,410100,32.247288
4663,1998-08-26,51.31373211811505,51.94919868787637,49.64563923725215,50.59883673826193,25.84535277034884,6154900,27.944273
4664,1998-08-27,49.7250711855202,50.36053775528151,43.37043059331701,43.84702699018972,22.396602195459,24194200,28.551758000000003
4665,1998-08-28,45.7534219922093,46.07115135436964,44.005894024902084,44.800224491199515,22.883491810446756,3381400,28.045521
4666,1998-08-31,45.11795385335986,45.59455495749694,43.52929605894124,44.005894024902084,22.477761709755203,1590600,27.640532
4667,1998-09-01,43.15873768628363,43.31741050701712,41.413349195574575,43.31741050701712,22.126080773563576,1882800,27.539284000000002
4668,1998-09-02,43.2380756638203,43.634751446974334,42.1273706201956,43.15873768628363,22.045039282316626,2402200,27.387413000000002
4669,1998-09-03,42.682722358422986,43.25790819924206,42.36537828412592,42.920730022353304,21.923470776766504,914900,27.539284000000002
4670,1998-09-04,43.0794028430868,43.31741050701712,42.04803577699878,43.15873768628363,22.045039282316626,1302700,29.057995000000002
4671,1998-09-08,44.11076990917482,45.69748871349022,43.47608176058068,45.53881589275673,23.260746278196823,697500,27.640532
4672,1998-09-09,45.69748871349022,45.69748871349022,42.841395179156486,43.31741050701712,22.126080773563576,623200,27.488660999999997
4673,1998-09-10,43.31741050701712,43.31741050701712,41.730690135531795,43.0794028430868,22.00451226801345,700700,28.754251
4674,1998-09-11,43.00006486555013,45.22147025128974,41.57201888196821,45.06279743055624,23.0176045655868,751100,28.804876
4675,1998-09-14,45.53881589275673,47.44287720419927,45.06279743055624,45.14213540809291,23.058136281399758,1184400,28.248015999999996
4676,1998-09-15,44.42811084913203,44.586783669865525,43.634751446974334,44.26944116273838,22.759565335654038,1119500,29.361735999999997
4677,1998-09-16,44.42811084913203,46.01482965344743,44.26944116273838,46.01482965344743,23.656898626595353,831700,28.146769
4678,1998-09-17,45.53881589275673,45.53881589275673,43.991765293624695,44.11076990917482,22.67799100663203,271200,28.146769
4679,1998-09-18,44.42811084913203,44.904129311332525,43.31741050701712,44.11076990917482,22.67799100663203,1283800,28.855499
4680,1998-09-21,43.15873768628363,45.22147025128974,42.682722358422986,45.22147025128974,23.249025414315405,390700,28.703629
4681,1998-09-22,45.38014307202323,45.38014307202323,44.11076990917482,44.983464154529344,23.12665295059291,370000,29.564232
4682,1998-09-23,45.06279743055624,46.332175294914435,44.42811084913203,46.332175294914435,23.820055120489,639100,28.197391999999997
4683,1998-09-24,45.85615839988387,46.01482965344743,43.634751446974334,44.19010475237164,22.718781305482885,392200,29.00737
4684,1998-09-25,43.71408942451101,45.93549481025062,43.634751446974334,45.459477915220056,23.371386907848414,322900,29.159243
4685,1998-09-28,46.252837317377754,46.41151013811125,45.06279743055624,45.69748871349022,23.49375623723105,481700,29.159243
4686,1998-09-29,45.69748871349022,46.41151013811125,45.38014307202323,45.69748871349022,23.49375623723105,655900,29.361735999999997
4687,1998-09-30,45.69748871349022,46.173502474180935,45.06279743055624,46.01482965344743,23.656898626595353,540300,28.045521
4688,1998-10-01,45.111173982384145,45.74431411110366,43.84489685164025,43.84489685164025,22.541309719591467,825000,28.450509999999998
4689,1998-10-02,44.0031826654939,44.79460704471952,43.528325223932924,44.47803541701219,22.866808061871954,691900,28.298639
4690,1998-10-05,43.92403819521951,44.47803541701219,42.816045314981714,44.240608259579275,22.744757517786585,476300,27.944273
4691,1998-10-06,45.111173982384145,45.58603142394512,42.97433112883536,43.68661103778659,22.459923408914634,336000,26.779928
4692,1998-10-07,43.68661103778659,43.68661103778659,41.15405521295122,41.866335121902445,21.524097305524393,539000,24.501863
4693,1998-10-08,40.916628055518295,40.916628055518295,36.56379475145122,38.30492776040854,19.693121838932925,1419000,24.906852999999998
4694,1998-10-09,39.41292064064635,39.88777808220732,37.592644724762195,38.93806788912805,20.018640504731707,2403200,25.96995
4695,1998-10-12,40.20434501987195,41.07491074267682,39.808633611932926,40.600057991158536,20.873083424140244,475600,26.12182
4696,1998-10-13,40.67919933473781,41.15405521295122,40.04605920601829,40.83748358524391,20.99515272839634,931600,27.134295
4697,1998-10-14,40.916628055518295,43.2908980665,40.67919933473781,42.42033390704269,21.808922034310978,1587500,28.779564
4698,1998-10-15,42.89518665856098,45.34860113981708,42.42033390704269,44.99246118534147,23.131279568762196,764800,29.159243
4699,1998-10-16,45.902598361609755,46.21916998931707,44.71546257444513,45.58603142394512,23.43645439275,612400,29.412360999999997
4700,1998-10-19,45.58603142394512,46.29831133289634,45.03203263880488,45.98174283188415,23.639888120817076,180800,29.665478000000004
4701,1998-10-20,45.902598361609755,47.010594368542684,45.58603142394512,46.37745267647561,23.843335919012198,808500,29.969221
4702,1998-10-21,46.694022740835365,46.9314498982683,46.37745267647561,46.852308554689024,24.087476090871952,633400,29.918596
4703,1998-10-22,46.53573849032928,46.9314498982683,46.21916998931707,46.77316408441464,24.04677121042683,1603400,29.462984000000002
4704,1998-10-23,46.456597146750006,46.614881397256106,46.06088417546342,46.06088417546342,23.680583621176833,747100,29.969221
4705,1998-10-26,46.06088417546342,46.9314498982683,46.06088417546342,46.852308554689024,24.087476090871952,1100200,29.564232
4706,1998-10-27,46.852308554689024,46.852308554689024,45.704744220987806,46.21916998931707,23.761957425073167,500100,29.716103000000004
4707,1998-10-28,45.58603142394512,46.852308554689024,45.58603142394512,46.456597146750006,23.884023602634148,447600,29.81735
4708,1998-10-29,46.37745267647561,46.694022740835365,46.14002551904269,46.614881397256106,23.965391153140246,234200,29.969221
4709,1998-10-30,46.614881397256106,46.9314498982683,46.456597146750006,46.852308554689024,24.087476090871952,545400,30.070469
4710,1998-11-02,46.77316408441464,47.72287427749391,46.694022740835365,47.010594368542684,24.168840514682927,501300,30.475458000000003
4711,1998-11-03,47.16887705570122,48.118587248780486,47.16887705570122,47.64373293391464,24.494335730268297,449200,30.981695000000002
4712,1998-11-04,47.96030143492683,48.43515731314025,47.802018747768294,48.43515731314025,24.901231326658536,1034800,31.538555
4713,1998-11-05,48.19772859235975,49.464008849798795,48.118587248780486,49.30572303594512,25.34879271980488,703900,31.336059999999996
4714,1998-11-06,49.0682958785122,49.384864379524394,48.75172581415244,48.98915297158536,25.186046675359755,354300,31.538555
4715,1998-11-09,48.910011628006096,50.01800294489634,48.910011628006096,49.30572303594512,25.34879271980488,583100,31.589178000000004
4716,1998-11-10,49.0682958785122,49.701436007231706,48.910011628006096,49.384864379524394,25.389477276731704,802600,31.437307
4717,1998-11-11,49.226581692365855,49.701436007231706,48.98915297158536,49.14743722209146,25.26742673264634,748000,31.614490999999997
4718,1998-11-12,49.14743722209146,49.543150193378054,48.83087028442684,49.424437396335364,25.409827371932927,753700,31.614490999999997
4719,1998-11-13,49.14743722209146,49.85972025773781,49.0682958785122,49.424437396335364,25.409827371932927,612700,31.690426000000002
4720,1998-11-16,49.384864379524394,49.93886160131707,49.0682958785122,49.543150193378054,25.470860460713418,505300,32.348534
4721,1998-11-17,49.464008849798795,50.96771626467073,49.464008849798795,50.57200173003659,25.99980816453659,911800,32.196663
4722,1998-11-18,50.176291885445124,50.651144636963416,50.01800294489634,50.334574572603664,25.877738860280488,1250500,32.348534
4723,1998-11-19,50.334574572603664,50.73028441719512,50.334574572603664,50.57200173003659,25.99980816453659,625300,32.905396
4724,1998-11-20,51.04685448155488,51.75914064389634,50.651144636963416,51.44257057953659,26.447383627810975,550000,32.956016999999996
4725,1998-11-23,51.3634261092622,51.75914064389634,51.284281638987814,51.52170879642073,26.488065058042682,728900,32.905396
4726,1998-11-24,51.52170879642073,51.75914064389634,51.3634261092622,51.44257057953659,26.447383627810975,663500,32.7029
4727,1998-11-25,51.44257057953659,51.52170879642073,50.80942732412195,51.12599895182927,26.28462194989024,531800,32.854771
4728,1998-11-27,51.12599895182927,51.60085170334756,51.12599895182927,51.3634261092622,26.406692817493898,136500,31.386684000000002
4729,1998-11-30,51.04685448155488,51.3634261092622,49.0682958785122,49.0682958785122,25.226728105591462,402800,31.234814
4730,1998-12-01,48.93985300178767,49.17742345590604,48.62308822482611,48.86066337184869,25.119994631403294,311100,31.487932
4731,1998-12-02,48.62308822482611,49.49418823286761,48.62308822482611,49.25661621444784,25.323555608712628,385500,30.931070000000002
4732,1998-12-03,49.09823382596706,49.57337786280659,48.22713538222697,48.38551620640635,24.87571175996339,236100,32.297909000000004
4733,1998-12-04,48.62308822482611,50.919620343386214,48.464708964948144,50.523664372184264,25.9749588704698,669400,31.791674
4734,1998-12-07,50.36528511230628,50.99881310192799,49.57337786280659,49.73176025128737,25.567830658645516,304600,30.7792
4735,1998-12-08,49.41499547432581,49.73176025128737,48.14794575228798,48.14794575228798,24.753566413489935,316300,31.285436999999998
4736,1998-12-09,48.22713538222697,49.09823382596706,48.22713538222697,48.93985300178767,25.160704011122636,213400,30.829822999999998
4737,1998-12-10,49.01904263172666,49.01904263172666,48.14794575228798,48.22713538222697,24.79429300052471,196700,31.133566
4738,1998-12-11,48.14794575228798,48.781470613306894,47.2768488728493,48.702280983367906,25.038566486156196,310700,30.576706
4739,1998-12-14,48.14794575228798,48.464708964948144,47.514419326967655,47.831184103929225,24.590711687297134,248700,31.082940999999998
4740,1998-12-15,47.831184103929225,48.62308822482611,47.03927685442953,48.62308822482611,25.15108199319097,401900,30.728577
4741,1998-12-16,48.30632657646735,48.50430299776693,47.75199134538744,48.068756122348994,24.86434554596705,219500,31.994166999999997
4742,1998-12-17,48.22713538222697,50.04852033534471,48.068756122348994,50.04852033534471,25.88841389533252,563500,32.095417
4743,1998-12-18,50.36528511230628,50.444477870848075,49.57337786280659,50.20690585242831,25.97033635982306,664400,31.336059999999996
4744,1998-12-21,50.20690585242831,50.20690585242831,48.93985300178767,49.01904263172666,25.35590379743136,589500,31.589178000000004
4745,1998-12-22,49.01904263172666,49.57337786280659,48.38551620640635,49.41499547432581,25.56071152295912,187900,32.044792
4746,1998-12-23,49.57337786280659,50.20690585242831,48.702280983367906,50.12771309388652,25.929376691879195,615300,31.892921
4747,1998-12-24,49.96933070540573,50.20690585242831,49.65256749274558,49.89014107546675,25.806500816650395,219500,32.146038
4748,1998-12-28,49.73176025128737,50.761236390604026,49.73176025128737,50.28609235376449,26.011299156369734,374000,32.348534
4749,1998-12-29,50.36528511230628,50.840427584844406,50.20690585242831,50.60285713072605,26.175156599762047,371300,32.44978
4750,1998-12-30,50.523664372184264,50.761236390604026,50.523664372184264,50.761236390604026,26.257079064252594,560200,32.652275
4751,1998-12-31,50.523664372184264,51.157192361805976,50.523664372184264,51.07799960326419,26.42092712183648,520700,33.006640999999995
4752,1999-01-04,51.03264654960438,51.58563221225806,50.87465287526476,51.50663225410224,26.64264186834449,1029600,33.133202000000004
4753,1999-01-05,51.58563221225806,51.901625802909315,51.34864014025563,51.70412980875229,26.744797982136333,859500,33.563503000000004
4754,1999-01-06,51.66463217041387,52.61260513990261,51.66463217041387,52.375611507407186,27.09214187716981,760200,32.601653999999996
4755,1999-01-07,51.822625844753496,51.822625844753496,50.71665295895313,50.87465287526476,26.315743552604992,623800,32.297909000000004
4756,1999-01-08,50.87465287526476,51.50663225410224,50.08467358011564,50.40066092879489,26.07056513432136,551300,32.399158
4757,1999-01-11,50.24266725445526,50.914150513603175,50.005673621959836,50.558659284613505,26.152300636707242,850000,32.019482
4758,1999-01-12,50.4796608869507,50.87465287526476,49.768679989464395,49.96617754411443,25.845816690401705,520600,31.538555
4759,1999-01-13,49.29469116398053,49.94642482371272,48.346718194491785,49.215694326810706,25.457619088612294,381800,30.576706
4760,1999-01-14,49.61068475463177,49.8476768266342,47.39874210401704,47.71473569466829,24.681230127005477,403500,32.399158
4761,1999-01-15,47.951729327163726,51.19064022394401,47.951729327163726,50.558659284613505,26.152300636707242,1103700,31.437307
4762,1999-01-19,50.558659284613505,50.87465287526476,48.5047118688314,49.05769753148508,25.375885146719416,540800,31.690426000000002
4763,1999-01-20,49.1366974896409,49.768679989464395,48.26771823633597,49.452687959306154,25.580214539726107,567000,31.842297
4764,1999-01-21,49.29469116398053,50.08467358011564,48.82070545948265,49.68968159180158,25.70280374886792,450000,30.728577
4765,1999-01-22,48.97870069431528,49.29469116398053,47.71473569466829,47.951729327163726,24.803811533682286,530700,30.374209999999998
4766,1999-01-25,48.5047118688314,48.5047118688314,47.39874210401704,47.39874210401704,24.517777848149723,419600,31.133566
4767,1999-01-26,47.63573573651248,48.74170862231284,47.47773894118686,48.58371182698721,25.130730135830795,442700,29.969221
4768,1999-01-27,48.346718194491785,48.82070545948265,46.68775964603773,46.766759604193545,24.190879532410225,433200,30.500769000000002
4769,1999-01-28,47.0827500738588,49.1366974896409,46.92475639951917,47.59623653768107,24.619935522434567,417400,31.082940999999998
4770,1999-01-29,48.42571503166159,48.58371182698721,46.845756441363356,48.5047118688314,25.08984990069385,495500,30.323587
4771,1999-02-01,48.60354427672341,48.60354427672341,46.78880111438298,47.26221366165958,24.44714781855319,323400,30.146403999999997
4772,1999-02-02,46.78880111438298,47.18331131068086,46.55209562004255,46.986056991829784,24.304304077148938,314200,30.652641
4773,1999-02-03,46.86770502395745,47.89342935229787,46.709900322,47.77507582582979,24.712447310425535,417700,29.564232
4774,1999-02-04,47.89342935229787,48.28793799,45.526372850297875,46.07868618995745,23.834948554595748,540300,29.361735999999997
4775,1999-02-05,46.236487774723415,48.44573957476596,44.73735401629788,45.763076786042554,23.671702794893616,480000,28.906124
4776,1999-02-08,46.07868618995745,46.31539168429788,44.97405795204256,45.05296186161702,23.304380742765957,447100,29.336423999999997
4777,1999-02-09,45.289667355957455,46.35484285978725,44.6584532239149,45.723625610553185,23.651299218,689100,29.311113
4778,1999-02-10,45.99978228038298,46.236487774723415,45.210763446382984,45.68417599365958,23.630889406723405,439800,29.994534
4779,1999-02-11,45.920881488000006,46.86770502395745,45.131862653999995,46.74935305608511,24.181856119659574,440300,29.285801
4780,1999-02-12,46.709900322,46.74935305608511,45.36856814834042,45.64472481817021,23.610482712638298,493000,30.121091999999997
4781,1999-02-16,45.60527364268085,47.49891915600001,45.60527364268085,46.94660581634042,24.283898941659576,521700,29.209865999999998
4782,1999-02-17,46.39429247668085,47.02550660872341,45.447472057914894,45.526372850297875,23.549253278808514,442800,29.564232
4783,1999-02-18,45.68417599365958,46.39429247668085,45.289667355957455,46.07868618995745,23.834948554595748,651900,29.361735999999997
4784,1999-02-19,46.15758698234042,46.47319482765958,45.60527364268085,45.763076786042554,23.671702794893616,571600,29.766726000000002
4785,1999-02-22,45.60527364268085,46.55209562004255,45.60527364268085,46.39429247668085,23.998211458851067,821300,30.323587
4786,1999-02-23,46.55209562004255,47.42001524642554,46.39429247668085,47.26221366165958,24.44714781855319,841100,29.867973
4787,1999-02-24,47.18331131068086,47.81452544272341,46.31539168429788,46.55209562004255,24.079822649234043,752800,30.121091999999997
4788,1999-02-25,46.236487774723415,47.57781994838298,46.236487774723415,46.94660581634042,24.283898941659576,1075000,30.7792
4789,1999-02-26,47.34111445404255,47.97233014468085,46.709900322,47.97233014468085,24.814474546468084,1072200,30.804512
4790,1999-03-01,47.7482977482,48.062946098363646,47.27631823052728,47.86629107374546,24.759614701436362,1020100,30.526081
4791,1999-03-02,47.98428439929091,47.98428439929091,47.35498303734546,47.43364473641819,24.535832166745454,574500,30.475458000000003
4792,1999-03-03,47.35498303734546,48.14161090518183,46.883005073545455,47.35498303734546,24.49513624001818,1437000,30.804512
4793,1999-03-04,47.04033157943637,47.90562114634545,46.7256816754,47.86629107374546,24.759614701436362,347200,30.981695000000002
4794,1999-03-05,47.90562114634545,48.220272604254546,47.90562114634545,48.14161090518183,24.902042675618183,551600,30.576706
4795,1999-03-08,48.220272604254546,48.220272604254546,47.19765653145454,47.51230954323637,24.57652187798182,456900,30.526081
4796,1999-03-09,47.35498303734546,47.90562114634545,46.48969036269091,47.43364473641819,24.535832166745454,492400,30.931070000000002
4797,1999-03-10,47.19765653145454,48.220272604254546,46.883005073545455,48.062946098363646,24.861335871781815,382200,30.956383000000002
4798,1999-03-11,48.062946098363646,48.53492561603637,47.51230954323637,48.1022792787091,24.881682281272727,448400,30.677952
4799,1999-03-12,48.14161090518183,48.14161090518183,47.66963294138182,47.66963294138182,24.65789353109091,328600,31.082940999999998
4800,1999-03-15,47.66963294138182,48.77091226712728,47.51230954323637,48.29893430332727,24.983408113236365,563200,30.7792
4801,1999-03-16,48.29893430332727,48.53492561603637,47.7482977482,47.82695944727273,24.901497266290914,408700,29.741415000000003
4802,1999-03-17,47.82695944727273,47.82695944727273,45.93905380756364,46.21437363900001,24.061891661690908,562400,30.475458000000003
4803,1999-03-18,46.253703711600004,47.98428439929091,45.93905380756364,47.35498303734546,24.65574918672727,646300,30.070469
4804,1999-03-19,47.82695944727273,48.456260809218186,46.647016868581815,46.7256816754,24.328093367963643,755900,30.222340000000003
4805,1999-03-22,46.5683551695091,47.43364473641819,46.33236696454546,46.961669880363644,24.450970515490912,269000,29.716103000000004
4806,1999-03-23,46.961669880363644,46.961669880363644,45.15242593972728,46.17504201252728,24.0414085114,423300,29.513607
4807,1999-03-24,46.33236696454546,46.5683551695091,45.30975244561819,45.86038900074546,23.877580602018185,394700,29.209865999999998
4808,1999-03-25,45.70306560259999,45.78172730167273,44.99509943383636,45.388414144690906,23.631849615054545,347600,28.754251
4809,1999-03-26,45.46707584376364,45.46707584376364,44.52312457778182,44.680446422054544,23.26324769605455,361300,28.906124
4810,1999-03-29,44.680446422054544,45.62440079578181,44.680446422054544,44.91643773476363,23.386107750981818,603400,28.653006
4811,1999-03-30,44.759111228872726,44.99509943383636,44.44445977096364,44.52312457778182,23.18131664876364,540100,28.045521
4812,1999-03-31,44.99509943383636,45.388414144690906,43.500508504981816,43.57917020405455,22.689853120963637,541300,28.121456
4813,1999-04-01,43.57689876187725,43.654992506444046,42.952138006768955,43.38166054382672,22.587013184693145,926300,28.323952000000002
4814,1999-04-05,44.12356114445849,44.12356114445849,43.342612900216615,43.69404169270759,22.749665934350183,774900,28.323952000000002
4815,1999-04-06,43.57689876187725,43.73308625101084,43.42070973009025,43.69404169270759,22.749665934350183,538600,29.159243
4816,1999-04-07,43.73308625101084,45.138793707707585,43.57689876187725,44.98260621857401,23.42055974027076,571100,28.754251
4817,1999-04-08,44.98260621857401,45.45117331393502,43.88927682545126,44.357843920812286,23.095282008718417,668500,28.678316
4818,1999-04-09,44.357843920812286,44.43594075068592,43.81118308088448,44.24070253263538,23.034282406805055,348700,29.260489
4819,1999-04-12,44.201657974332136,45.294982739494586,43.81118308088448,45.138793707707585,23.501880715812277,510600,28.450509999999998
4820,1999-04-13,45.0606999631408,45.37307956936823,43.81118308088448,43.88927682545126,22.85130674086643,297400,28.754251
4821,1999-04-14,44.045467399891706,44.59213132512636,43.96737365532491,44.357843920812286,23.095282008718417,622600,28.754251
4822,1999-04-15,44.51403449525271,44.98260621857401,43.42070973009025,44.357843920812286,23.095282008718417,363300,28.855499
4823,1999-04-16,44.12356114445849,44.90450938870037,43.57689876187725,44.51403449525271,23.176596813646213,502200,30.045156
4824,1999-04-19,44.357843920812286,46.466405877184116,44.357843920812286,46.3492629463538,24.13211789059567,746500,30.121091999999997
4825,1999-04-20,45.91974195194946,46.700690196191346,45.91974195194946,46.466405877184116,24.19310360862816,459100,30.070469
4826,1999-04-21,46.07593098373646,47.013069802418784,46.07593098373646,46.38831213261734,24.152439264223833,580700,30.121091999999997
4827,1999-04-22,46.310215302743686,46.93497297254513,46.2321215581769,46.466405877184116,24.19310360862816,551800,30.171715000000003
4828,1999-04-23,46.54449962175091,46.77878548341156,46.310215302743686,46.54449962175091,24.23378183691336,280600,30.222340000000003
4829,1999-04-26,46.54449962175091,46.77878548341156,46.38831213261734,46.62259645162456,24.27442921212997,397400,30.171715000000003
4830,1999-04-27,46.62259645162456,47.013069802418784,46.54449962175091,46.54449962175091,24.23378183691336,362200,30.374209999999998
4831,1999-04-28,46.466405877184116,46.85687922797834,46.466405877184116,46.85687922797834,24.396409904115526,298400,30.627329
4832,1999-04-29,46.700690196191346,47.71592121678702,46.700690196191346,47.24735412142599,24.5997269981769,734200,30.576706
4833,1999-04-30,47.325447865992786,47.71592121678702,46.93497297254513,47.169260376859214,24.559053397851986,897100,31.108253
4834,1999-05-03,47.013069802418784,48.18449294010831,46.93497297254513,47.989253179404336,24.985990447761736,621100,31.184189
4835,1999-05-04,47.71592121678702,48.18449294010831,47.71592121678702,48.10639611023466,25.046991592328517,861800,31.487932
4836,1999-05-05,48.02830236566787,48.57496629090254,47.481638440433215,48.57496629090254,25.2909560616065,828100,31.46262
4837,1999-05-06,48.10639611023466,48.57496629090254,47.325447865992786,48.535918647292426,25.270620804097472,657500,31.690426000000002
4838,1999-05-07,48.34068042924188,48.88734435447655,48.10639611023466,48.88734435447655,25.45359955534296,468500,30.677952
4839,1999-05-10,48.496869461028886,48.57496629090254,47.169260376859214,47.325447865992786,24.640375916046935,401300,31.184189
4840,1999-05-11,47.481638440433215,48.653060035469316,47.481638440433215,48.10639611023466,25.046991592328517,639200,31.133566
4841,1999-05-12,48.18449294010831,48.18449294010831,47.24735412142599,48.02830236566787,25.00631953465704,494500,31.285436999999998
4842,1999-05-13,48.02830236566787,48.88734435447655,47.71592121678702,48.26258668467509,25.128304854602888,588900,30.956383000000002
4843,1999-05-14,48.10639611023466,48.57496629090254,47.481638440433215,47.75497040305055,24.864023639657038,545800,30.728577
4844,1999-05-17,47.637827472220216,47.79401804666066,47.09116354698557,47.40354469586643,24.6810526016787,287700,30.627329
4845,1999-05-18,47.24735412142599,47.637827472220216,46.54449962175091,47.24735412142599,24.5997269981769,591200,30.576706
4846,1999-05-19,47.169260376859214,48.10639611023466,47.09116354698557,47.169260376859214,24.559053397851986,542300,30.272963
4847,1999-05-20,47.09116354698557,47.40354469586643,46.54449962175091,46.700690196191346,24.31509201388087,669600,30.829822999999998
4848,1999-05-21,46.54449962175091,47.637827472220216,46.54449962175091,47.559732185,24.762370491913362,276500,30.323587
4849,1999-05-24,47.637827472220216,47.637827472220216,46.310215302743686,46.77878548341156,24.35575944359206,536800,30.222340000000003
4850,1999-05-25,46.38831213261734,47.481638440433215,46.310215302743686,46.62259645162456,24.27442921212997,441200,30.627329
4851,1999-05-26,46.62259645162456,47.481638440433215,46.62259645162456,47.24735412142599,24.5997269981769,496300,29.564232
4852,1999-05-27,47.013069802418784,47.09116354698557,45.60736388837545,45.60736388837545,23.745842099783395,528700,30.677952
4853,1999-05-28,45.60736388837545,47.40354469586643,45.60736388837545,47.325447865992786,24.640375916046935,692100,29.614855
4854,1999-06-01,47.325447865992786,47.481638440433215,45.294982739494586,45.68545763294224,23.786509529494584,563700,30.272963
4855,1999-06-02,45.76355137750904,46.85687922797834,45.60736388837545,46.700690196191346,24.31509201388087,452700,30.652641
4856,1999-06-03,46.85687922797834,47.325447865992786,46.54449962175091,47.2864017650361,24.620056085072207,310000,30.931070000000002
4857,1999-06-04,47.013069802418784,47.95020553579423,47.013069802418784,47.71592121678702,24.84367604092058,633100,31.082940999999998
4858,1999-06-07,47.79401804666066,48.4187757164621,47.637827472220216,47.95020553579423,24.965658275559573,710200,30.728577
4859,1999-06-08,47.87211179122744,48.02830236566787,47.24735412142599,47.40354469586643,24.6810526016787,449200,30.956383000000002
4860,1999-06-09,47.325447865992786,47.79401804666066,47.325447865992786,47.75497040305055,24.864023639657038,525800,30.424833000000003
4861,1999-06-10,47.481638440433215,47.559732185,46.700690196191346,46.93497297254513,24.43707733382672,702600,30.222340000000003
4862,1999-06-11,46.93497297254513,47.481638440433215,46.2321215581769,46.62259645162456,24.27442921212997,408600,30.374209999999998
4863,1999-06-14,46.466405877184116,46.85687922797834,46.2321215581769,46.85687922797834,24.396409904115526,210200,30.374209999999998
4864,1999-06-15,46.62259645162456,47.325447865992786,46.2321215581769,46.85687922797834,24.560156395054154,334700,30.7792
4865,1999-06-16,47.169260376859214,47.79401804666066,47.013069802418784,47.481638440433215,24.88761852386282,356400,31.184189
4866,1999-06-17,47.79401804666066,48.18449294010831,47.325447865992786,48.10639611023466,25.21508065267148,249300,30.475458000000003
4867,1999-06-18,46.62259645162456,48.02830236566787,46.62259645162456,47.013069802418784,24.642009586028884,1023700,30.576706
4868,1999-06-21,47.481638440433215,47.79401804666066,47.013069802418784,47.169260376859214,24.723892087418776,316100,30.7792
4869,1999-06-22,47.169260376859214,47.79401804666066,46.62259645162456,47.481638440433215,24.88761852386282,379100,30.627329
4870,1999-06-23,47.013069802418784,47.481638440433215,46.93497297254513,47.24735412142599,24.764809426985565,246100,30.374209999999998
4871,1999-06-24,47.013069802418784,47.169260376859214,46.2321215581769,46.85687922797834,24.560156395054154,310100,30.677952
4872,1999-06-25,47.013069802418784,47.559732185,46.77878548341156,47.325447865992786,24.80574990635379,379000,30.7792
4873,1999-06-28,47.40354469586643,47.559732185,46.85687922797834,47.481638440433215,24.88761852386282,831600,31.184189
4874,1999-06-29,47.40354469586643,48.4187757164621,47.325447865992786,48.10639611023466,25.21508065267148,400700,31.133566
4875,1999-06-30,48.10639611023466,48.10639611023466,46.85687922797834,48.02830236566787,25.174149429223828,601400,31.437307
4876,1999-07-01,47.65066466319737,48.42927053118177,47.105640401805644,48.35140794494901,25.343520492867427,548400,31.082940999999998
4877,1999-07-02,48.19568738656269,48.27354843476906,47.183499911985606,47.806383683557286,25.05782747596881,338200,31.133566
4878,1999-07-06,47.417081518578286,47.96210577997001,47.02778089162568,47.88424626979004,25.09864208240552,290800,31.538555
4879,1999-07-07,47.806383683557286,48.5849895515417,47.33922200839832,48.50713004136173,25.42513278745051,358500,30.829822999999998
4880,1999-07-08,48.11782787638273,48.11782787638273,47.417081518578286,47.417081518578286,24.85377597615477,225300,30.905759999999997
4881,1999-07-09,47.806383683557286,47.96210577997001,47.417081518578286,47.53387462891421,24.914995578770252,128100,30.526081
4882,1999-07-12,47.65066466319737,47.65066466319737,46.872058795212965,46.94991830539293,24.608920636088783,232700,30.121091999999997
4883,1999-07-13,46.872058795212965,47.02778089162568,45.54842866583684,46.327034533821234,24.282423778938213,311100,29.766726000000002
4884,1999-07-14,46.71633669880024,46.872058795212965,44.92554489426515,45.782010272429524,23.99674921835633,466400,29.792038
4885,1999-07-15,46.17131243740852,46.327034533821234,45.782010272429524,45.820940796532696,24.017154214535097,392100,29.842661
4886,1999-07-16,45.97666289294541,46.09345292722856,45.39270656942412,45.89880030671266,24.057968820971812,353900,29.943909
4887,1999-07-19,45.62628817601681,46.09345292722856,45.62628817601681,46.05452240312538,24.139582653581282,240300,29.564232
4888,1999-07-20,45.470569155656875,45.782010272429524,45.31484705924416,45.470569155656875,23.833507710899823,287900,29.665478000000004
4889,1999-07-21,45.470569155656875,46.40489404400121,45.39270656942412,45.62628817601681,23.915127695614878,357100,29.842661
4890,1999-07-22,45.93773083081584,46.48275663023396,45.859871320635875,45.89880030671266,24.057968820971812,530500,29.665478000000004
4891,1999-07-23,45.859871320635875,46.09345292722856,45.62628817601681,45.62628817601681,23.915127695614878,228200,29.513607
4892,1999-07-26,45.470569155656875,46.09345292722856,45.23698754906418,45.39270656942412,23.79269156643672,182500,29.766726000000002
4893,1999-07-27,45.62628817601681,46.01559034099581,45.39270656942412,45.782010272429524,23.99674921835633,244800,29.209865999999998
4894,1999-07-28,45.62628817601681,45.70415076224956,44.92554489426515,44.92554489426515,23.547837764397126,191400,28.956746999999996
4895,1999-07-29,44.92554489426515,44.96447541836833,44.224796998434314,44.53624119125975,23.343775498398323,462200,28.804876
4896,1999-07-30,44.38051909484703,44.61410070143972,43.91335741968807,44.30265958466707,23.221345521325738,452900,28.855499
4897,1999-08-02,44.274282065296234,45.206373457666075,44.11893273272891,44.274282065296234,23.20647572290844,645900,28.906124
4898,1999-08-03,44.584980730430885,44.973350993159784,44.196608933357275,44.351958265924594,23.247188025278277,637900,29.108618
4899,1999-08-04,44.196608933357275,45.12870032572711,44.196608933357275,44.662653862369844,23.410038769102336,882200,28.906124
4900,1999-08-05,44.740330062998204,44.89567632687612,44.274282065296234,44.351958265924594,23.247188025278277,764400,28.754251
4901,1999-08-06,44.274282065296234,44.50730452980252,44.11893273272891,44.11893273272891,23.125043446445243,369800,28.197391999999997
4902,1999-08-09,44.351958265924594,44.351958265924594,43.18684594339318,43.26451907533213,22.6771989143088,499700,28.096144
4903,1999-08-10,43.031496610825855,43.342193741615795,42.48777548118492,43.10916974276481,22.595777378258532,379600,29.387048999999998
4904,1999-08-11,43.2256802078456,45.28404658960503,43.031496610825855,45.089862992585275,23.633965638204668,1086500,28.779564
4905,1999-08-12,45.109280124811484,45.12870032572711,44.11893273272891,44.15777160021545,23.14540266631957,511300,29.361735999999997
4906,1999-08-13,44.196608933357275,45.051024125098735,44.196608933357275,45.051024125098735,23.61360641833034,388800,28.855499
4907,1999-08-16,44.89567632687612,44.973350993159784,44.11893273272891,44.274282065296234,23.20647572290844,271800,29.285801
4908,1999-08-17,44.50730452980252,44.973350993159784,44.42963139786355,44.934513660017956,23.55253796477559,302700,29.412360999999997
4909,1999-08-18,45.206373457666075,45.206373457666075,44.11893273272891,45.12870032572711,23.654324858078997,413800,29.260489
4910,1999-08-19,45.12870032572711,45.361722790233394,44.740330062998204,44.89567632687612,23.53217874490126,449800,29.792038
4911,1999-08-20,45.051024125098735,45.98311551746858,44.973350993159784,45.71125571982047,23.95966252281867,537200,29.969221
4912,1999-08-23,45.43939592217236,46.13846485003591,45.43939592217236,45.98311551746858,24.102160184147223,779500,29.943909
4913,1999-08-24,45.90543931684022,45.98311551746858,45.67241838667864,45.94427818432676,24.081797895583485,1490100,29.716103000000004
4914,1999-08-25,45.82776618490126,45.98311551746858,45.51706905411132,45.594745254739685,23.898614015745064,689800,29.716103000000004
4915,1999-08-26,45.67241838667864,45.90543931684022,45.594745254739685,45.594745254739685,23.898614015745064,406300,29.81735
4916,1999-08-27,45.67241838667864,45.82776618490126,45.594745254739685,45.750093052962306,23.980023277037702,1028900,27.843025
4917,1999-08-30,45.82776618490126,45.90543931684022,42.7207979456912,42.7207979456912,22.392209729030522,436400,28.602381
4918,1999-08-31,42.79847414631958,43.9635880031957,42.7207979456912,43.88591180256733,23.00290653933573,542600,29.032682
4919,1999-09-01,43.522200723734365,44.60445702128648,43.44489463007743,44.33389103810602,23.237716994276354,561700,28.298639
4920,1999-09-02,44.21793571520547,44.21793571520547,43.05837485103037,43.212982457242404,22.650187628415722,937100,28.931434999999997
4921,1999-09-03,43.44489463007743,44.21793571520547,43.44489463007743,44.17928343189398,23.156674248546754,1448100,28.754251
4922,1999-09-07,44.29523875479452,44.37254484845146,43.522200723734365,43.908717448713524,23.014858605723646,1196300,28.551758000000003
4923,1999-09-08,43.83141593615843,43.908717448713524,43.212982457242404,43.59950376332341,22.852780749434192,545600,28.349262
4924,1999-09-09,43.212982457242404,43.522200723734365,42.74915963860631,43.29028549683145,22.690705947212624,300900,28.146769
4925,1999-09-10,43.36759159048838,43.522200723734365,42.826462678195355,42.98107181144133,22.52863878016081,171700,27.994898
4926,1999-09-13,42.67185354494937,42.90376571778439,42.20803072631328,42.74915963860631,22.569436546170337,350500,26.931798999999998
4927,1999-09-14,42.20803072631328,42.20803072631328,40.97116529551519,41.125771374693265,21.71237194504467,708000,27.235542
4928,1999-09-15,41.97611855347826,43.212982457242404,41.434989641185226,41.58959724739726,21.957251690172722,1041700,26.830553000000002
4929,1999-09-16,41.666900286986305,42.053421593067306,40.97116529551519,40.97116529551519,21.630753507516374,346600,25.96995
4930,1999-09-17,41.2030774683502,41.666900286986305,38.88395421296605,39.6569952980941,20.936925781447293,1904300,25.716831
4931,1999-09-20,39.6569952980941,39.888905943895175,38.34282377363907,39.2704739920131,20.732874343007744,1099400,25.311842000000002
4932,1999-09-21,38.961260306623,39.425083125259086,38.420129867296005,38.65204204013103,20.406365471113762,1086400,25.362465
4933,1999-09-22,38.961260306623,39.115864858767125,38.57473900054199,38.729345079720076,20.447181561530673,1118100,24.754982000000002
4934,1999-09-23,38.961260306623,38.961260306623,37.80169791541394,37.80169791541394,19.957422071274568,618000,25.008101
4935,1999-09-24,37.724391821757,38.18821922149493,37.26056900312091,38.18821922149493,20.16149030708755,545400,24.704357
4936,1999-09-27,38.420129867296005,38.49743290688505,37.64708878216796,37.724391821757,19.916605980857653,787500,24.324679999999997
4937,1999-09-28,37.87900095500298,38.033610088248956,36.874047697039906,37.144612153186415,19.610527296164385,1246300,24.147497
4938,1999-09-29,37.10595986987492,37.18326596353186,36.71943856379392,36.874047697039906,19.4676793783919,836400,24.299367999999998
4939,1999-09-30,36.874047697039906,37.26056900312091,36.64213552420489,37.10595986987492,19.59011085226921,1078600,24.274055
4940,1999-10-01,36.96261285258621,37.116946226379305,36.190950556551726,37.0011931474138,19.53479769982759,1011000,25.109346
4941,1999-10-04,37.309859895,38.50593744465518,37.271276551551736,38.27443585965518,20.207007891724142,879800,24.400616
4942,1999-10-05,38.351604070862074,38.583102607241386,36.88544464137931,37.19411138896552,19.636647544137936,568900,24.856228
4943,1999-10-06,37.6571069374138,38.42876923344828,37.502776612241384,37.888605473793106,20.003305154482764,1069900,24.349992999999998
4944,1999-10-07,38.19727069706897,38.27443585965518,37.039778015172416,37.116946226379305,19.595911874482763,496500,25.084035999999998
4945,1999-10-08,37.502776612241384,38.27443585965518,37.19411138896552,38.23585556482759,20.186637008275866,567900,24.501863
4946,1999-10-11,38.50593744465518,38.583102607241386,37.34844323844828,37.34844323844828,19.718134126551725,357000,24.248745
4947,1999-10-12,37.502776612241384,37.6571069374138,36.80827947879311,36.96261285258621,19.514435962241382,325400,23.489389000000003
4948,1999-10-13,37.116946226379305,37.116946226379305,35.72795348379311,35.80511864637932,18.90333384775862,418200,23.286894
4949,1999-10-14,35.80511864637932,35.882283808965525,34.87912450086207,35.49645342310345,18.740369828793106,699400,22.274422
4950,1999-10-15,34.95629118775863,35.03345635034483,33.798798505862074,33.95313187965518,17.925577171551726,750100,22.780657
4951,1999-10-18,33.875963668448286,34.87912450086207,33.875963668448286,34.724791127068976,18.332973500172418,961100,21.920054999999998
4952,1999-10-19,34.030297042241386,34.030297042241386,32.40980728758621,33.41296659568966,17.640390900517243,1335200,21.920054999999998
4953,1999-10-20,33.490131758275865,33.798798505862074,33.104301372413794,33.41296659568966,17.640390900517243,897300,22.021303
4954,1999-10-21,33.3357999087931,33.56729996948276,33.02713620982759,33.56729996948276,17.72187748293104,563700,22.40098
4955,1999-10-22,33.798798505862074,34.64762596448276,33.64446513206897,34.14604554827587,18.027430064482758,1090200,22.476914999999998
4956,1999-10-25,34.18462889172414,34.41612742810345,33.02713620982759,34.26179405431034,18.088532044655175,573900,22.173174
4957,1999-10-26,34.493292590689656,35.34212309793104,33.72163029465518,33.798798505862074,17.844096686379313,532900,23.0844
4958,1999-10-27,34.18462889172414,35.57362163431035,34.030297042241386,35.18778972413793,18.57740885844828,918900,24.451239
4959,1999-10-28,35.80511864637932,37.42560840103449,35.80511864637932,37.271276551551736,19.677389311034485,1484700,24.349992999999998
4960,1999-10-29,37.734275148620696,38.04293884758621,37.039778015172416,37.116946226379305,19.595911874482763,1326200,24.451239
4961,1999-11-01,37.094892188217464,37.63473194814617,36.940650515775395,37.24913081385027,19.665697457611408,663500,24.754982000000002
4962,1999-11-02,37.48049332251337,38.328816427326196,37.4033709628877,37.71185430777184,19.9099891014082,1063100,24.501863
4963,1999-11-03,37.9432152930303,38.25169406770053,37.17201150103387,37.3262516500713,19.70641806349376,991800,25.058723
4964,1999-11-04,37.3262516500713,38.4059357401426,37.094892188217464,38.174574754884134,20.154288362228165,814700,25.159971
4965,1999-11-05,38.63729672540107,39.25425884495544,38.328816427326196,38.328816427326196,20.23571891016043,815300,25.311842000000002
4966,1999-11-08,38.4059357401426,38.63729672540107,37.86609293340464,38.56017741258467,20.357865493761143,588700,25.109346
4967,1999-11-09,38.714419085026734,38.791538397843134,37.9432152930303,38.25169406770053,20.195001351087345,655200,24.856228
4968,1999-11-10,37.9432152930303,38.09745696547237,37.094892188217464,37.86609293340464,19.991419649340465,463800,24.653734
4969,1999-11-11,37.86609293340464,37.86609293340464,37.17201150103387,37.55761263532977,19.82856007688057,325000,25.261219
4970,1999-11-12,37.63473194814617,38.63729672540107,37.55761263532977,38.48305809976827,20.317157075115862,377000,25.261219
4971,1999-11-15,38.63729672540107,38.714419085026734,38.0203346058467,38.48305809976827,20.317157075115862,431600,25.210594
4972,1999-11-16,38.56017741258467,38.714419085026734,38.09745696547237,38.4059357401426,20.276436469233513,646100,24.527174
4973,1999-11-17,38.09745696547237,38.328816427326196,37.017769828591796,37.36481054477718,19.726772272816397,780600,24.299367999999998
4974,1999-11-18,37.24913081385027,37.71185430777184,36.709289530516934,37.017769828591796,19.543550874010695,650000,23.894379
4975,1999-11-19,37.017769828591796,37.017769828591796,36.0152050513369,36.40080770903743,19.217830205686273,391200,23.286894
4976,1999-11-22,36.09232436415329,36.40080770903743,34.78128081222817,35.475362244598934,18.729234730855616,545100,23.0844
4977,1999-11-23,35.012640274081996,35.475362244598934,34.62703913978609,35.166881946524065,18.56637058818182,393800,22.881905
4978,1999-11-24,34.935520961265595,35.012640274081996,34.7041584526025,34.85840012504456,18.403517109340463,419500,22.704721
4979,1999-11-26,34.62703913978609,35.012640274081996,34.31855884171123,34.588477198270944,18.261004129180037,222200,22.223797
4980,1999-11-29,34.087196333048134,34.39567815452763,33.238873228235285,33.855835347789665,17.874208645650626,541900,22.223797
4981,1999-11-30,33.93295770741533,34.39567815452763,33.47023269008913,33.855835347789665,17.874208645650626,707100,22.40098
4982,1999-12-01,34.087196333048134,34.7041584526025,33.855835347789665,34.12575675115864,18.01671857900178,441900,21.970678
4983,1999-12-02,34.087196333048134,34.7041584526025,33.393113377272726,33.47023269008913,17.670633037522283,919500,22.628785999999998
4984,1999-12-03,33.778716034973264,35.5524846042246,33.701593675347596,34.47279746734402,18.199932360784313,770600,21.869431
4985,1999-12-06,34.47279746734402,34.54991982696969,33.238873228235285,33.31599254105169,17.58920096618538,544300,21.059452
4986,1999-12-07,33.16175391541889,33.238873228235285,31.310862986541885,32.082066778538326,16.937752012513368,987500,20.705085999999998
4987,1999-12-08,32.082066778538326,32.159189138163995,31.310862986541885,31.54222397180035,16.652739762834223,480500,20.451969000000002
4988,1999-12-09,31.619346331426023,32.004947465721926,30.84814253942959,31.156624360909092,16.449155014278073,491100,20.907581
4989,1999-12-10,31.619346331426023,32.159189138163995,31.310862986541885,31.850705793279857,16.81559019486631,440800,20.249474
4990,1999-12-13,31.619346331426023,31.927825106096257,30.539659194545454,30.84814253942959,16.286295441818183,600700,19.844484
4991,1999-12-14,30.539659194545454,30.771023226613192,29.84557776217469,30.23117889647059,16.12177688171123,668700,20.350721
4992,1999-12-15,29.999819434616757,31.079502001283423,29.768458449358288,31.002382688467023,16.533055001122996,1794800,19.237
4993,1999-12-16,31.156624360909092,31.310862986541885,29.305734955436716,29.305734955436716,15.628251669483065,1077100,19.793859
4994,1999-12-17,29.45997510447415,30.385420568912654,28.611651999661316,30.15405653684492,16.08064800338681,1750900,19.237
4995,1999-12-20,30.23117889647059,30.23117889647059,29.15149328299465,29.305734955436716,15.628251669483065,710200,20.097603
4996,1999-12-21,29.768458449358288,30.771023226613192,29.074373970178257,30.616781554171123,16.327421273333332,799500,19.490118
4997,1999-12-22,30.693900866987523,30.771023226613192,29.69133608973262,29.69133608973262,15.83389606110517,592300,20.046978
4998,1999-12-23,29.84557776217469,31.23374367372549,29.768458449358288,30.539659194545454,16.286289348199638,702900,19.38887
4999,1999-12-27,30.616781554171123,30.84814253942959,29.53709441729055,29.53709441729055,15.751636781051692,528900,18.933258
5000,1999-12-28,29.61421677691622,29.922697074991092,28.765890625294116,28.843012984919785,15.381495156987521,774300,20.198851
5001,1999-12-29,28.920132297736185,31.310862986541885,28.843012984919785,30.771023226613192,16.40966988955437,927800,20.198851
5002,1999-12-30,30.693900866987523,31.079502001283423,30.308298209286985,30.771023226613192,16.40966988955437,632100,20.350721
5003,1999-12-31,30.771023226613192,31.23374367372549,30.15405653684492,31.002382688467023,16.533055001122996,400000,19.034506
5004,2000-01-03,31.064335781641,31.064335781641,28.9113623153673,28.9113623153673,15.4179449205391,1288100,18.477644
5005,2000-01-04,28.988253194200237,28.988253194200237,27.604199148501184,28.065548978175357,14.96689014206161,1564200,18.376398000000002
5006,2000-01-05,27.988658099342416,29.295821266208527,27.604199148501184,27.91176722050948,14.884877558797394,634500,18.427021
5007,2000-01-06,27.52730826966824,28.373118569075828,27.29662955760071,27.988658099342416,14.925883090983412,957000,18.629514999999998
5008,2000-01-07,28.065548978175357,28.526901845633883,27.681088508441942,28.296224652458527,15.089908257511846,733700,17.819536
5009,2000-01-10,28.75757751991706,28.9113623153673,26.912169087867298,27.065953883317537,14.433821261427724,1070100,18.123279999999998
5010,2000-01-11,27.373523474218008,27.681088508441942,27.373523474218008,27.52730826966824,14.679851416759481,862600,18.427021
5011,2000-01-12,27.75798242505924,28.142442894792655,27.52730826966824,27.988658099342416,14.925883090983412,493900,19.135752
5012,2000-01-13,28.065548978175357,29.372712145041465,27.988658099342416,29.065144073033174,15.499949909342416,757600,19.540743
5013,2000-01-14,29.142037989650476,29.910957410225123,29.065144073033174,29.680281735941943,15.82799568572275,871200,19.490118
5014,2000-01-18,29.60338781932464,29.75717261477488,29.60338781932464,29.60338781932464,15.78699471021327,878000,19.692614000000003
5015,2000-01-19,29.680281735941943,30.141631565616112,29.680281735941943,29.910957410225123,15.951010763388625,711300,18.680139999999998
5016,2000-01-20,29.372712145041465,29.75717261477488,27.83487330389218,28.373118569075828,15.130903157452607,627500,18.680139999999998
5017,2000-01-21,28.9113623153673,29.295821266208527,28.21933377362559,28.373118569075828,15.130903157452607,965400,18.401709
5018,2000-01-24,28.21933377362559,28.526901845633883,27.52730826966824,27.950211900479857,14.905381084336492,692200,18.528269
5019,2000-01-25,28.065548978175357,28.60379272446682,27.45041435305094,28.142442894792655,15.007897193139808,596900,19.135752
5020,2000-01-26,28.296224652458527,29.065144073033174,27.988658099342416,29.065144073033174,15.499949909342416,597900,19.186377
5021,2000-01-27,28.988253194200237,29.295821266208527,28.75757751991706,29.142037989650476,15.540955441528434,751200,18.427021
5022,2000-01-28,29.142037989650476,29.142037989650476,27.681088508441942,27.988658099342416,14.925883090983412,905300,19.641989000000002
5023,2000-01-31,28.450007929016586,29.910957410225123,28.142442894792655,29.834063493607825,15.910005231202605,832600,19.641989000000002
5024,2000-02-01,29.352607088074205,29.811241408674913,29.19972797457597,29.658362295176683,15.816306731607774,569500,19.338247
5025,2000-02-02,29.276166021378092,29.505486201572435,29.046850371024732,29.19972797457597,15.571724007173144,711700,19.38887
5026,2000-02-03,29.123289927773847,29.658362295176683,28.970412324222615,29.276166021378092,15.612488046236747,561800,19.034506
5027,2000-02-04,29.237949262897526,29.429045134876322,28.74109516392226,28.74109516392226,15.32714430263251,560600,18.882633
5028,2000-02-07,28.74109516392226,28.81753321072438,28.435336936925797,28.51177498372791,15.204844635706714,422200,19.110441
5029,2000-02-08,28.74109516392226,29.123289927773847,28.588216050424027,28.855752989098942,15.388292626148411,458500,19.38887
5030,2000-02-09,28.893971257526502,29.429045134876322,28.74109516392226,29.276166021378092,15.612488046236747,1194900,19.287623999999997
5031,2000-02-10,29.046850371024732,29.429045134876322,28.664654097226148,29.123289927773847,15.530966007897526,1329000,19.135752
5032,2000-02-11,28.970412324222615,29.429045134876322,28.74109516392226,28.893971257526502,15.408666340971731,656500,18.83201
5033,2000-02-14,28.893971257526502,29.046850371024732,28.28245782342756,28.435336936925797,15.164091166272085,854500,18.983881
5034,2000-02-15,28.435336936925797,28.81753321072438,28.053142173074207,28.664654097226148,15.28638630335689,645400,18.983881
5035,2000-02-16,28.588216050424027,28.893971257526502,28.435336936925797,28.664654097226148,15.28638630335689,539800,18.528269
5036,2000-02-17,28.74109516392226,28.81753321072438,27.518066785777386,27.976704126272086,14.919511461731448,557600,17.617043
5037,2000-02-18,27.594507852473495,27.67094589927562,26.52436009777385,26.60080116446996,14.185764798374558,985700,17.667665
5038,2000-02-22,26.75367574812721,26.90655486162544,26.52436009777385,26.677237701325087,14.226522797650178,654700,17.212053
5039,2000-02-23,26.75367574812721,26.75367574812721,25.989287730371025,25.989287730371025,13.859657015706714,829800,16.857687
5040,2000-02-24,25.989287730371025,26.142163823975267,24.919139975671378,25.454213853021198,13.57431025220848,1043200,16.452698
5041,2000-02-25,25.454213853021198,25.83641012681979,24.766260862173144,24.84270192886926,13.24819642975265,1078400,17.212053
5042,2000-02-28,24.84270192886926,25.989287730371025,24.766260862173144,25.989287730371025,13.859657015706714,988100,16.402073
5043,2000-02-29,25.989287730371025,25.989287730371025,24.46050565507067,24.766260862173144,13.207430880742049,1066200,16.098330999999998
5044,2000-03-01,24.715361961851638,24.715361961851638,23.80559434925818,24.10884922172313,12.856846552096966,621900,15.592094
5045,2000-03-02,24.26047815555491,24.26047815555491,23.274896076045565,23.35070904536215,12.452539669328269,989400,15.642717999999999
5046,2000-03-03,23.729779882342292,23.80559434925818,23.199083106728978,23.426523512278038,12.492970357605142,1517100,15.693342000000001
5047,2000-03-06,23.35070904536215,23.65396541542641,23.047454172897197,23.502337979193932,12.53340404108061,1669400,15.490848000000002
5048,2000-03-07,23.729779882342292,23.729779882342292,23.047454172897197,23.199083106728978,12.371681287973132,836000,14.933987
5049,2000-03-08,23.199083106728978,23.274896076045565,22.213499529620332,22.365128463452105,11.92694970732477,1262500,15.592094
5050,2000-03-09,22.365128463452105,23.502337979193932,22.213499529620332,23.35070904536215,12.452539669328269,932400,15.440223999999999
5051,2000-03-10,23.35070904536215,23.65396541542641,22.97163970598131,23.123268639813084,12.331252097295563,502900,15.693342000000001
5052,2000-03-13,23.35070904536215,23.80559434925818,22.895826736664723,23.502337979193932,12.53340404108061,896100,15.693342000000001
5053,2000-03-14,23.426523512278038,23.729779882342292,23.35070904536215,23.502337979193932,12.53340404108061,508200,16.655191000000002
5054,2000-03-15,23.502337979193932,25.473502138212616,23.274896076045565,24.942802367400706,13.489564284760514,1197800,18.983881
5055,2000-03-16,25.170244270549066,28.733504746804908,25.170244270549066,28.430246879141357,15.375645334801403,1364100,18.325773
5056,2000-03-17,27.975364570443926,29.112574086185752,27.29303586580024,27.444664799632015,14.842609309082945,1459100,17.667665
5057,2000-03-20,27.29303586580024,27.444664799632015,25.776758508276874,26.459082720122666,14.309594249754674,556100,18.401709
5058,2000-03-21,26.383271248405375,27.59629373346379,26.30745528389019,27.558386500005845,14.904114214696262,705200,18.427021
5059,2000-03-22,27.5204807641472,27.89954860592874,26.68652462327103,27.59629373346379,14.924623837096966,575400,18.680139999999998
5060,2000-03-23,27.823735636612152,28.051176042161217,26.080013380741825,27.975364570443926,15.129625712348133,451800,18.427021
5061,2000-03-24,27.747922667295565,27.975364570443926,27.59629373346379,27.59629373346379,14.924623837096966,403300,17.819536
5062,2000-03-27,27.823735636612152,28.032223923031545,26.534895689439256,26.68652462327103,14.432598070584113,503700,17.971407
5063,2000-03-28,26.610711653954443,27.5204807641472,26.004200411425238,26.913966526419397,14.555601891413552,536100,18.123279999999998
5064,2000-03-29,27.065595460251167,27.5204807641472,26.68652462327103,27.141411424766357,14.678605712242993,434900,17.768913
5065,2000-03-30,27.141411424766357,27.29303586580024,26.30745528389019,26.610711653954443,14.3915982945736,359300,18.477644
5066,2000-03-31,26.68652462327103,28.202804975992994,26.098965499871493,27.67210670278038,14.96561912030958,590700,19.844484
5067,2000-04-03,27.731724230245185,30.91405203798599,27.65595252490368,29.701736183747812,16.063279736514886,1347800,19.439495
5068,2000-04-04,29.398656846007007,29.853276600980735,28.26210970366024,29.095579004991244,15.735455043625219,747500,18.89529
5069,2000-04-05,28.944038587758318,29.247119422224166,28.0348005745359,28.281053752539403,15.29494940581436,742400,18.578892
5070,2000-04-06,28.41365012089317,28.792499667250436,27.352874683887915,27.8074929421366,15.038835803222415,591200,17.768913
5071,2000-04-07,27.959033359369524,27.959033359369524,26.443636670665498,26.595177087898428,14.383196894518386,616800,17.870161
5072,2000-04-10,27.201335763380033,27.27710297854641,26.51940538255692,26.746717505131347,14.465153067740806,403000,17.768913
5073,2000-04-11,26.67094579978984,27.201335763380033,26.443636670665498,26.595177087898428,14.383196894518386,430600,17.908129000000002
5074,2000-04-12,26.822486217022767,27.8074929421366,26.443636670665498,26.803545161593696,14.495877839439581,826900,17.692978
5075,2000-04-13,26.595177087898428,26.822486217022767,26.14056032637478,26.481523271698773,14.321724900245185,421700,16.718472
5076,2000-04-14,26.083729676462344,26.216329038266203,24.549393429054295,25.022955736182134,13.532910390595447,564900,16.667849
5077,2000-04-17,25.004013184028018,25.382862730385288,24.17054388269702,24.947187024290717,13.491927065446587,945200,17.212053
5078,2000-04-18,25.004013184028018,25.837479491908937,24.39785600527145,25.761710780017513,13.932446173782838,710800,16.958935
5079,2000-04-19,25.91324820380035,25.989019909141856,25.155550607810852,25.382862730385288,13.72755349563923,454000,17.110806
5080,2000-04-20,25.458631442276705,25.91324820380035,25.07978189591944,25.61017185950963,13.850484013660248,465000,17.566418
5081,2000-04-24,25.382862730385288,26.822486217022767,25.23132231315236,26.292097750157616,14.219281554623468,908400,17.819536
5082,2000-04-25,26.292097750157616,26.898254928914184,26.292097750157616,26.67094579978984,14.42417273604203,1479900,17.566418
5083,2000-04-26,26.67094579978984,26.67094579978984,26.216329038266203,26.292097750157616,14.219281554623468,535400,16.90831
5084,2000-04-27,26.216329038266203,26.216329038266203,24.700933846287214,25.307091025043782,13.686577654115585,518400,16.553946
5085,2000-04-28,25.496516546584942,25.534400154168125,24.39785600527145,24.776705551628723,13.399727306024518,602100,16.705816
5086,2000-05-01,24.672128092530613,25.428942076163263,24.52076439881633,24.974853984979593,13.506893940612247,636300,16.503321
5087,2000-05-02,25.12621468873469,25.12621468873469,24.445084046938778,24.672128092530613,13.343174240571429,278200,16.503321
5088,2000-05-03,24.293720353224487,24.974853984979593,24.218040001346942,24.672128092530613,13.343174240571429,641000,16.300826999999998
5089,2000-05-04,24.747811434367346,24.747811434367346,23.990997450734696,24.369403695061223,13.179454540530612,422700,15.541471
5090,2000-05-05,24.445084046938778,24.445084046938778,23.23418197212245,23.23418197212245,12.565500806693878,760300,16.503321
5091,2000-05-08,23.309862324,25.12621468873469,23.1585016202449,24.672128092530613,13.343174240571429,564000,16.503321
5092,2000-05-09,24.747811434367346,25.277578382448983,24.369403695061223,24.672128092530613,13.343174240571429,361200,16.098330999999998
5093,2000-05-10,24.596447740653062,24.82349029126531,23.990997450734696,24.06667630763265,13.015731850530612,244400,16.402073
5094,2000-05-11,24.218040001346942,24.974853984979593,24.06667630763265,24.52076439881633,13.261310653102043,375800,16.705816
5095,2000-05-12,24.747811434367346,25.201898030571428,24.52076439881633,24.974853984979593,13.506893940612247,438100,16.857687
5096,2000-05-15,24.899170643142863,25.428942076163263,24.82349029126531,25.201898030571428,13.629684089387755,452700,16.756439
5097,2000-05-16,25.277578382448983,25.580305769877555,24.974853984979593,25.050534336857144,13.547826481836735,542200,16.857687
5098,2000-05-17,25.050534336857144,25.201898030571428,24.672128092530613,25.201898030571428,13.629684089387755,593100,17.414547
5099,2000-05-18,25.201898030571428,26.034392366081633,25.050534336857144,26.034392366081633,14.079912143265307,417000,17.110806
5100,2000-05-19,25.428942076163263,25.731667968612246,25.353261724285716,25.580305769877555,13.834331845714289,605600,17.819536
5101,2000-05-22,25.428942076163263,26.639842656,25.428942076163263,26.639842656,14.40735154334694,771900,17.870161
5102,2000-05-23,26.639842656,27.093933737142855,26.337119753510205,26.715525997836735,14.44828408457143,849400,17.819536
5103,2000-05-24,26.639842656,27.24529294591837,26.639842656,26.639842656,14.40735154334694,1567200,17.870161
5104,2000-05-25,26.715525997836735,27.01825039530612,26.48847896228572,26.715525997836735,14.44828408457143,1139900,17.920784
5105,2000-05-26,26.866886701591838,26.942570043428574,26.639842656,26.79120634971429,14.48920915089796,792900,18.427021
5106,2000-05-30,26.79120634971429,27.54802033334694,26.715525997836735,27.54802033334694,14.898516623387756,939900,18.325773
5107,2000-05-31,27.47233998146939,27.699384027061228,27.01825039530612,27.396656639632656,14.816645561020408,407200,19.085129000000002
5108,2000-06-01,27.103061138196058,28.608788822505797,27.103061138196058,28.382930041653136,15.350049583729698,478500,19.793859
5109,2000-06-02,28.608788822505797,30.076870154460554,28.608788822505797,29.436935702732022,15.920070443352667,603300,19.085129000000002
5110,2000-06-05,29.436935702732022,29.436935702732022,28.232356529634572,28.382930041653136,15.350049583729698,680300,18.730762
5111,2000-06-06,28.382930041653136,28.608788822505797,27.780640455104407,27.85592423676334,15.065029487279581,270300,19.034506
5112,2000-06-07,28.15707126080046,28.684075578515078,28.006497748781904,28.307644772819028,15.30932775311485,222900,18.730762
5113,2000-06-08,28.533503553671693,28.533503553671693,27.70535221191995,27.85592423676334,15.065029487279581,325600,18.528269
5114,2000-06-09,28.15707126080046,28.232356529634572,27.47949343106729,27.554781674251743,14.902174882674014,681300,18.730762
5115,2000-06-12,27.554781674251743,27.931212479947796,27.40420816223318,27.85592423676334,15.065029487279581,488900,18.477644
5116,2000-06-13,27.70535221191995,27.780640455104407,27.328922893399074,27.47949343106729,14.861450077708815,603400,18.629514999999998
5117,2000-06-14,27.554781674251743,27.780640455104407,27.17834938138051,27.70535221191995,15.163061100400231,753100,17.617043
5118,2000-06-15,27.47949343106729,27.554781674251743,26.124340745951272,26.19962898913573,14.338983131450114,1249600,16.452698
5119,2000-06-16,25.52204967222738,26.049055477117168,24.242185230295824,24.468044011148496,13.391291162035962,1628500,17.262676000000003
5120,2000-06-19,24.618617523167053,26.049055477117168,24.39275576796404,25.672623184245943,14.050555916676336,650500,17.110806
5121,2000-06-20,25.97377020828306,26.049055477117168,24.618617523167053,25.446765890568447,13.926941916212296,536900,16.604568
5122,2000-06-21,25.145618866531326,25.446765890568447,24.468044011148496,24.693901304825985,13.514902188149652,778100,16.604568
5123,2000-06-22,24.769186573660097,24.995045354512758,24.468044011148496,24.693901304825985,13.514902188149652,451400,16.807062
5124,2000-06-23,24.769186573660097,25.446765890568447,24.618617523167053,24.995045354512758,13.679715402459397,1047500,16.958935
5125,2000-06-26,25.296192378549883,25.446765890568447,24.919760085678657,25.220907109715778,13.803330890098607,484700,16.857687
5126,2000-06-27,25.37147764738399,25.37147764738399,25.07033359769721,25.07033359769721,13.720926513706496,371900,16.857687
5127,2000-06-28,25.37147764738399,25.597337915411835,25.07033359769721,25.07033359769721,13.720926513706496,714400,16.604568
5128,2000-06-29,25.220907109715778,25.220907109715778,24.693901304825985,24.693901304825985,13.514902188149652,422600,16.098330999999998
5129,2000-06-30,24.693901304825985,24.995045354512758,23.715180912581204,23.9410382062587,13.102862460087009,1008500,17.009558
5130,2000-07-03,23.885619136336803,26.214091213454857,23.885619136336803,25.237636377673606,13.81248851548611,990600,17.363924
5131,2000-07-05,25.38786133989583,26.364316175677086,25.16252538029514,25.76342077798611,14.100245107204861,834800,17.009558
5132,2000-07-06,25.462970853541666,25.68830681314236,25.237636377673606,25.237636377673606,13.81248851548611,349000,17.465172
5133,2000-07-07,25.462970853541666,26.289202210833334,25.3315269790625,25.91364574020833,14.182455765260416,964800,17.768913
5134,2000-07-10,25.838531775364583,26.439427173055556,25.838531775364583,26.364316175677086,14.429114446614584,392900,17.515795
5135,2000-07-11,25.838531775364583,26.138981699809023,25.76342077798611,25.988756737586808,14.22356851295139,447900,17.363924
5136,2000-07-12,25.838531775364583,25.988756737586808,25.312747375052083,25.76342077798611,14.100245107204861,780600,17.313299
5137,2000-07-13,25.613195815763895,25.988756737586808,25.538084818385418,25.68830681314236,14.059141261909721,739200,17.667665
5138,2000-07-14,25.613195815763895,26.364316175677086,25.613195815763895,26.214091213454857,14.34689933736111,281800,17.161428
5139,2000-07-17,25.988756737586808,26.138981699809023,25.16252538029514,25.462970853541666,13.935810437499999,303300,17.212053
5140,2000-07-18,24.862075455850693,25.613195815763895,24.78696445847222,25.538084818385418,13.976927636388886,287700,16.958935
5141,2000-07-19,25.613195815763895,25.68830681314236,24.862075455850693,25.16252538029514,13.771378735260416,627400,17.566418
5142,2000-07-20,25.237636377673606,26.138981699809023,25.200078653385418,26.063867734965275,14.264678293177084,580000,17.363924
5143,2000-07-21,25.76342077798611,26.289202210833334,25.68830681314236,25.76342077798611,14.100245107204861,348400,17.313299
5144,2000-07-24,25.68830681314236,25.838531775364583,25.237636377673606,25.68830681314236,14.059141261909721,433000,17.110806
5145,2000-07-25,25.538084818385418,25.613195815763895,25.237636377673606,25.38786133989583,13.894703624739583,327000,16.452698
5146,2000-07-26,25.312747375052083,25.462970853541666,24.336291055538197,24.411405020381945,13.360292802864581,675000,16.452698
5147,2000-07-27,24.44895829347222,25.012300418072915,24.261180058159724,24.411405020381945,13.360292802864581,357000,16.300826999999998
5148,2000-07-28,24.261180058159724,24.561629982604167,23.885619136336803,24.186069060781247,13.236969397118056,331100,16.148954
5149,2000-07-31,24.1109550959375,24.261180058159724,23.960730133715277,23.960730133715277,13.113637088975693,653800,16.300826999999998
5150,2000-08-01,23.960730133715277,24.411405020381945,23.885619136336803,24.186069060781247,13.236969397118056,315500,16.440041
5151,2000-08-02,24.035844098559025,24.63673949625,24.035844098559025,24.39262541637153,13.35001350314236,338400,17.009558
5152,2000-08-03,24.035844098559025,25.38786133989583,23.885619136336803,25.237636377673606,13.81248851548611,560200,17.617043
5153,2000-08-04,25.237636377673606,26.214091213454857,25.16252538029514,26.138981699809023,14.305791040868053,698000,17.515795
5154,2000-08-07,26.214091213454857,26.214091213454857,25.538084818385418,25.988756737586808,14.22356851295139,405400,17.718288
5155,2000-08-08,25.95119901329861,26.364316175677086,25.91364574020833,26.289202210833334,14.388007633854166,744900,17.667665
5156,2000-08-09,26.439427173055556,26.514541137899304,25.68830681314236,26.214091213454857,14.34689933736111,432800,17.718288
5157,2000-08-10,26.214091213454857,26.814988094878466,26.214091213454857,26.289202210833334,14.388007633854166,378100,17.870161
5158,2000-08-11,26.514541137899304,26.7398770975,26.289202210833334,26.514541137899304,14.51133549079861,382600,18.072654999999997
5159,2000-08-14,26.7398770975,26.890102059722217,26.514541137899304,26.814988094878466,14.675768676770833,452200,17.718288
5160,2000-08-15,26.702319373211804,26.7398770975,26.289202210833334,26.289202210833334,14.388007633854166,198500,17.414547
5161,2000-08-16,26.289202210833334,26.64598649611111,25.838531775364583,25.838531775364583,14.141353403697915,273200,17.503139
5162,2000-08-17,26.10142397552083,26.439427173055556,25.76342077798611,25.969978617309028,14.213293664427082,375300,17.363924
5163,2000-08-18,25.838531775364583,26.138981699809023,25.613195815763895,25.76342077798611,14.100245107204861,402400,17.667665
5164,2000-08-21,25.76342077798611,26.364316175677086,25.76342077798611,26.214091213454857,14.34689933736111,397000,17.920784
5165,2000-08-22,26.289202210833334,26.96521305710069,26.138981699809023,26.589652135277777,14.552442303559026,418800,17.718288
5166,2000-08-23,26.589652135277777,26.814988094878466,26.214091213454857,26.289202210833334,14.388007633854166,348500,17.363924
5167,2000-08-24,26.32675993512153,26.439427173055556,25.76342077798611,25.76342077798611,14.100245107204861,318200,17.161428
5168,2000-08-25,25.68830681314236,26.138981699809023,25.462970853541666,25.462970853541666,13.935810437499999,537900,17.313299
5169,2000-08-28,25.312747375052083,25.91364574020833,25.312747375052083,25.68830681314236,14.059141261909721,713100,17.262676000000003
5170,2000-08-29,25.76342077798611,25.838531775364583,25.38786133989583,25.613195815763895,14.018031481684028,364300,17.313299
5171,2000-08-30,25.538084818385418,25.988756737586808,25.38786133989583,25.68830681314236,14.059141261909721,501200,17.617043
5172,2000-08-31,25.76342077798611,26.364316175677086,25.613195815763895,26.138981699809023,14.305791040868053,336900,17.768913
5173,2000-09-01,26.00354656146805,26.451881916960282,26.00354656146805,26.227713501191715,14.354352195595858,611600,18.173903
5174,2000-09-05,26.227713501191715,26.97494204576857,26.227713501191715,26.825496927271157,14.681520500880831,599700,18.578892
5175,2000-09-06,26.825496927271157,27.79689241157168,26.825496927271157,27.423278877305705,15.00868142594128,612900,18.882633
5176,2000-09-07,27.423278877305705,27.871614232797928,27.423278877305705,27.871614232797928,15.254047322590674,724000,19.540743
5177,2000-09-08,28.021060827340246,28.917735966459418,27.94633900611399,28.843014145233163,15.785698032746117,1122600,19.844484
5178,2000-09-11,28.805651020552677,29.440796095267707,28.544120956148532,29.291349500725392,16.031071309620035,1382900,20.097603
5179,2000-09-12,29.216624727409332,29.81441110557859,29.216624727409332,29.664964511036274,16.235555190535408,757900,20.097603
5180,2000-09-13,29.739686332262526,30.188024639844567,29.59023973772021,29.664964511036274,16.41416548031088,721100,20.046978
5181,2000-09-14,29.81441110557859,29.81441110557859,29.366071321951644,29.59023973772021,16.372811130207253,705500,20.046978
5182,2000-09-15,29.366071321951644,29.59023973772021,29.291349500725392,29.59023973772021,16.372811130207253,1110700,19.490118
5183,2000-09-18,29.55287956512954,29.59023973772021,28.544120956148532,28.7682893719171,15.91801955430052,889100,19.439495
5184,2000-09-19,28.917735966459418,29.067182561001736,28.69356755069085,28.69356755069085,15.876663728151987,585000,19.085129000000002
5185,2000-09-20,28.618842777374788,28.7682893719171,27.64744581702936,28.17050742188256,15.58725412758204,807100,18.781387
5186,2000-09-21,28.13314429720208,28.17050742188256,26.97494204576857,27.722170590345424,15.339182640621763,686900,17.971407
5187,2000-09-22,27.49800069853195,27.49800069853195,26.377160095734023,26.52660373818653,14.67764735905009,1310000,18.173903
5188,2000-09-25,26.60132851150259,27.27383228276339,26.52660373818653,26.825496927271157,14.84303376252159,877100,18.427021
5189,2000-09-26,27.124388640310887,27.423278877305705,26.825496927271157,27.19911046153714,15.04976565982729,402900,18.629514999999998
5190,2000-09-27,27.348557056079454,27.49800069853195,26.60132851150259,27.49800069853195,15.215140254939552,373700,18.882633
5191,2000-09-28,27.19911046153714,28.39467583765112,26.825496927271157,27.871614232797928,15.421860343886014,624800,18.376398000000002
5192,2000-09-29,27.759530762936098,27.79689241157168,26.900217272452505,27.124388640310887,15.008414261813472,856900,19.034506
5193,2000-10-02,27.1522154435,28.121937581500006,26.70465308,28.047344591,15.519099449,826000,19.085129000000002
5194,2000-10-03,28.047344591,28.588150034499996,27.972748653500002,28.121937581500006,15.560379551500002,431400,18.781387
5195,2000-10-04,27.972748653500002,28.4949069545,27.599777807000002,27.674373744500002,15.312735773999998,320200,18.578892
5196,2000-10-05,27.748966735000003,27.898155663,27.226808434000002,27.375997362,15.147630098999999,382600,17.870161
5197,2000-10-06,27.375997362,27.375997362,26.257086296,26.3316822335,14.5697956005,446300,17.718288
5198,2000-10-09,26.257086296,27.077622453000004,25.6603350045,26.107897368000003,14.445971501500003,321800,17.262676000000003
5199,2000-10-10,26.033304377500002,26.182493305500003,25.212772641,25.436553086000004,14.0745021515,459800,16.90831
5200,2000-10-11,25.5111460765,26.033304377500002,24.168454565500003,24.914394785000002,13.785590059500002,589200,16.452698
5201,2000-10-12,24.914394785000002,25.063583713,23.944672646999997,24.243050503000003,13.414116289,467500,17.212053
5202,2000-10-13,24.168454565500003,25.5111460765,24.093861575,25.361960095500002,14.033236784000001,479200,16.958935
5203,2000-10-16,25.194121078000006,25.361960095500002,24.8398017945,24.988990722500002,13.8268598475,473300,16.756439
5204,2000-10-17,24.988990722500002,25.287364158000003,24.616019876,24.690612866500004,13.661761539999999,808400,16.655191000000002
5205,2000-10-18,24.690612866500004,24.988990722500002,24.019268584499997,24.541423938500007,13.579219017,633700,17.617043
5206,2000-10-19,24.690612866500004,26.480868214500003,24.690612866500004,25.9587128605,14.363426031500001,748500,16.958935
5207,2000-10-20,25.5111460765,25.884116922999997,24.914394785000002,24.988990722500002,13.8268598475,831500,16.604568
5208,2000-10-23,25.063583713,25.063583713,24.392239431,24.466830948000002,13.537937441000002,580700,16.756439
5209,2000-10-24,24.597369786500003,24.914394785000002,24.541423938500007,24.690612866500004,13.661761539999999,520700,17.212053
5210,2000-10-25,24.616019876,25.585742014,24.616019876,25.361960095500002,14.033236784000001,581700,17.465172
5211,2000-10-26,25.5111460765,25.9587128605,25.063583713,25.734930942,14.239591618,676300,17.617043
5212,2000-10-27,25.734930942,26.257086296,25.287364158000003,25.9587128605,14.363426031500001,635900,18.427021
5213,2000-10-30,26.219792011000003,27.301404371500002,26.107897368000003,27.1522154435,15.023817788,433800,19.085129000000002
5214,2000-10-31,26.928433525,28.196530572,26.928433525,28.121937581500006,15.560379551500002,1363400,19.135752
5215,2000-11-01,27.95668159511201,28.329438213670304,27.807578358627225,28.180334977185527,15.592686551889718,827500,19.085129000000002
5216,2000-11-02,27.95668159511201,28.85129659605974,27.95668159511201,28.10578483159679,15.551441941188974,559100,19.237
5217,2000-11-03,28.254888068081566,28.478539977501434,28.031234686008045,28.329438213670304,15.675184609213098,542100,19.692614000000003
5218,2000-11-06,28.329438213670304,29.00039983254452,28.254888068081566,29.00039983254452,16.04643912105112,949900,19.641989000000002
5219,2000-11-07,28.85129659605974,29.22405174196439,28.70219335957496,28.92584674164848,16.005193037696724,1205800,19.641989000000002
5220,2000-11-08,28.77674645047099,29.22405174196439,28.77674645047099,28.92584674164848,16.005193037696724,878200,19.38887
5221,2000-11-09,28.944486118862724,29.52225526962665,28.254888068081566,28.553090123090183,15.798936113159105,1721500,18.680139999999998
5222,2000-11-10,28.478539977501434,28.70219335957496,27.43482321272257,27.50937630361861,15.221432040051695,1062900,18.730762
5223,2000-11-13,27.43482321272257,28.031234686008045,27.285722921545094,27.583924976553703,15.26267812340609,524300,18.882633
5224,2000-11-14,27.807578358627225,28.329438213670304,27.583924976553703,27.807578358627225,15.38642815469845,490300,18.477644
5225,2000-11-15,27.844855640402066,27.88213144952326,26.912966302986792,27.21116983064906,15.056434452751295,631800,18.578892
5226,2000-11-16,27.397548876255026,27.50937630361861,26.838413212090753,27.360273067133836,15.138929564767375,436100,18.477644
5227,2000-11-17,27.360273067133836,27.658478067449742,26.987516448575537,27.21116983064906,15.056434452751295,684400,18.173903
5228,2000-11-20,27.13661968506031,27.21116983064906,26.76386453915566,26.76386453915566,14.808931444859276,469500,18.528269
5229,2000-11-21,26.875690493865598,27.360273067133836,26.76386453915566,27.285722921545094,15.097687899373922,445800,18.325773
5230,2000-11-22,27.24844563977025,27.43482321272257,26.987516448575537,26.987516448575537,14.932677058190695,438900,18.629514999999998
5231,2000-11-24,27.21116983064906,27.658478067449742,27.062069539471572,27.43482321272257,15.180183011390007,269700,18.730762
5232,2000-11-27,27.43482321272257,27.95668159511201,27.360273067133836,27.583924976553703,15.26267812340609,450900,18.933258
5233,2000-11-28,27.583924976553703,28.329438213670304,27.43482321272257,27.88213144952326,15.427687491935671,527900,19.439495
5234,2000-11-29,27.919407258644462,28.70219335957496,27.88213144952326,28.627643213986218,15.84018661447444,558500,19.641989000000002
5235,2000-11-30,28.66491755045376,29.00039983254452,28.478539977501434,28.92584674164848,16.005193037696724,1918100,19.591366
5236,2000-12-01,28.867877801000002,29.464629092499997,28.7932848105,28.867877801000002,15.973123110000001,953100,19.793859
5237,2000-12-04,28.942470791500003,29.3154401645,28.867877801000002,29.166251236500003,16.138211103,640600,20.046978
5238,2000-12-05,29.0916597195,29.688411011000003,29.017066729000003,29.539222083,16.344582145500002,763300,20.135571
5239,2000-12-06,29.539222083,30.602187301,29.0916597195,29.6697638685,16.416813115500002,1723700,20.350721
5240,2000-12-07,29.539222083,30.285162302499998,29.390036102,29.986787393500002,16.592231817,515500,20.755710999999998
5241,2000-12-08,29.763006948500003,31.031102522,29.763006948500003,30.5835401585,16.922424011500002,872100,21.261948
5242,2000-12-11,30.8073206035,31.329480378,30.285162302499998,31.329480378,17.335163149499998,759600,20.755710999999998
5243,2000-12-12,31.18029145,31.2548844405,30.434351230500003,30.5835401585,16.922424011500002,704700,20.249474
5244,2000-12-13,30.546241453000004,30.881913594000004,29.837599939,29.837599939,16.685485211499998,499500,19.996354999999998
5245,2000-12-14,29.837599939,29.837599939,28.7932848105,29.464629092499997,16.476915707,627000,19.945732
5246,2000-12-15,29.240847174000002,29.837599939,29.017066729000003,29.390036102,16.435209763,1799100,20.654463
5247,2000-12-18,29.240847174000002,30.434351230500003,28.718688873,30.434351230500003,17.019193177000002,1327900,21.312571
5248,2000-12-19,30.359758239999998,32.15001358799999,30.210569312,31.404073368499997,17.5614750675,1855100,21.413818
5249,2000-12-20,31.031102522,31.627853813500003,30.658133149,31.553260823000002,17.6448957965,670000,21.818807999999997
5250,2000-12-21,31.627853813500003,32.2246065785,30.881913594000004,32.15001358799999,17.9786052355,1981100,22.325045000000003
5251,2000-12-22,32.00082466,32.89595380750001,31.9262316695,32.89595380750001,18.395757506,1577900,22.375668
5252,2000-12-26,32.672171889,32.97054679800001,32.5975759515,32.97054679800001,18.437463450000003,366900,22.52754
5253,2000-12-27,32.6348731835,33.4181121085,32.5975759515,33.19433019,18.562607805000003,488900,22.52754
5254,2000-12-28,33.157032958,33.19433019,32.89595380750001,33.19433019,18.562607805000003,611900,22.122549
5255,2000-12-29,33.19433019,33.268923180499996,32.522982961000004,32.5975759515,18.228895419,668400,21.970678
5256,2001-01-02,32.54104562554541,32.615172942078814,31.577415402747008,32.170417828338095,17.990019581650486,1319000,22.843937
5257,2001-01-03,32.096293440291255,33.65292608868076,31.132664681736152,33.44908145912622,18.70506522118218,1186500,23.185648
5258,2001-01-04,33.337894144934324,34.245929978515136,33.2081753676699,33.94942949784124,18.984866007138777,917300,22.628785999999998
5259,2001-01-05,34.02355388588806,34.02355388588806,32.615172942078814,33.134048051136496,18.528894789800116,731000,22.375668
5260,2001-01-08,32.8375475704626,33.134048051136496,32.318669532918335,32.76342171817248,18.32163700913764,944000,22.223797
5261,2001-01-09,32.689297330125655,32.98579927504283,31.94804319995431,32.54104562554541,18.197283219286124,1084700,22.274422
5262,2001-01-10,32.466921237498575,33.05992366308966,32.2445451448715,32.615172942078814,18.238734482569964,927100,22.679410999999998
5263,2001-01-11,32.615172942078814,33.35642414376357,32.54104562554541,33.2081753676699,18.57035044581382,1775300,22.426292
5264,2001-01-12,33.43055146029698,33.43055146029698,32.466921237498575,32.8375475704626,18.363083879691604,993600,22.983152
5265,2001-01-16,32.689297330125655,33.801177793261,32.39279392096516,33.65292608868076,18.81905802551685,850300,23.388142000000002
5266,2001-01-17,33.801177793261,34.39418021885209,33.801177793261,34.245929978515136,19.150665203300974,693500,22.95784
5267,2001-01-18,34.17180559046831,34.245929978515136,33.57880170063393,33.615863162535696,18.798328733266708,1082700,22.881905
5268,2001-01-19,33.50467584834381,34.0976782739349,33.05992366308966,33.50467584834381,18.736155498949174,911900,23.615948
5269,2001-01-22,33.43055146029698,34.61655631147916,33.35642414376357,34.579493385334096,19.337201012929757,1175700,23.438766
5270,2001-01-23,34.46830460689892,34.7648080160594,34.17180559046831,34.32005583080526,19.192126716287838,503700,23.489389000000003
5271,2001-01-24,34.39418021885209,34.46830460689892,34.17180559046831,34.39418021885209,19.233575051085094,625800,23.438766
5272,2001-01-25,34.39418021885209,34.7648080160594,34.245929978515136,34.32005583080526,19.192126716287838,585300,23.742507999999997
5273,2001-01-26,34.32005583080526,35.0613084967333,34.245929978515136,34.7648080160594,19.440828439017704,894400,23.894379
5274,2001-01-29,34.83893240410623,35.65431385081096,34.690680699525984,34.98718410868646,19.565188085842383,1110100,24.046249
5275,2001-01-30,35.0613084967333,35.28368605360366,34.7648080160594,35.20955873707025,19.689538947207314,316700,24.096874
5276,2001-01-31,35.28368605360366,35.357810441650486,34.83893240410623,35.28368605360366,19.73099167473444,757600,24.147497
5277,2001-02-01,35.14319356078499,35.43851343658703,34.84787222656997,35.217022800529016,19.693717449453928,436600,24.096874
5278,2001-02-02,35.08782199558021,35.43851343658703,34.995532164470994,35.14319356078499,19.65242686146758,885700,24.19812
5279,2001-02-05,35.3277688477645,35.364684196843,35.069361404215016,35.29085204027304,19.735000745375427,669600,24.046249
5280,2001-02-06,35.364684196843,35.43851343658703,34.995532164470994,35.069361404215016,19.611139190307163,415300,24.147497
5281,2001-02-07,34.92170146631399,35.364684196843,34.84787222656997,35.217022800529016,19.693717449453928,856000,24.19812
5282,2001-02-08,35.364684196843,35.43851343658703,35.069361404215016,35.29085204027304,19.735000745375427,459700,24.248745
5283,2001-02-09,35.14319356078499,35.43851343658703,35.069361404215016,35.364684196843,19.776295708600685,722600,24.299367999999998
5284,2001-02-12,35.217022800529016,35.95532540686007,35.14319356078499,35.43851343658703,19.817571712457337,749400,24.248745
5285,2001-02-13,35.29085204027304,35.512345593156994,35.14319356078499,35.364684196843,19.776295708600685,490700,24.19812
5286,2001-02-14,35.29085204027304,35.43851343658703,35.069361404215016,35.29085204027304,19.735000745375427,645900,24.451239
5287,2001-02-15,35.14319356078499,35.66000407264505,35.14319356078499,35.66000407264505,19.94142889228669,755300,24.704357
5288,2001-02-16,35.364684196843,36.10298680317406,35.364684196843,36.0291546466041,20.14786287284983,518400,24.299367999999998
5289,2001-02-20,35.88149616711604,36.0291546466041,35.217022800529016,35.43851343658703,19.817571712457337,793200,24.248745
5290,2001-02-21,35.14319356078499,35.73383477080205,35.069361404215016,35.364684196843,19.776295708600685,787700,24.248745
5291,2001-02-22,35.364684196843,35.66000407264505,34.478720194197955,35.364684196843,19.776295708600685,1719900,24.337335999999997
5292,2001-02-23,35.364684196843,35.66000407264505,35.069361404215016,35.49388646020478,19.848536736621163,1364800,24.603111
5293,2001-02-26,35.29085204027304,35.88149616711604,35.217022800529016,35.88149616711604,20.065294822593856,679100,24.501863
5294,2001-02-27,35.80766401054607,36.25064528266212,35.43851343658703,35.73383477080205,19.982722397098975,693900,24.299367999999998
5295,2001-02-28,35.69691942172355,36.10298680317406,34.92170146631399,35.43851343658703,19.817571712457337,698600,24.603111
5296,2001-03-01,35.210736598637915,35.94736314910897,35.063413325686724,35.800039876157776,20.019743642519867,740200,25.261219
5297,2001-03-02,35.57905060142452,36.75765424625994,35.43172732847333,36.75765424625994,20.55525179330874,936100,25.311842000000002
5298,2001-03-05,36.463001879948926,36.97864206589104,36.24201551541998,36.83131588273554,20.59644428026107,644900,25.210594
5299,2001-03-06,36.97864206589104,37.273290066895576,36.463001879948926,36.683989699580025,20.514054941049945,514400,25.919327
5300,2001-03-07,36.61032806310443,37.71526861636209,36.53666351642452,37.71526861636209,21.090761399199778,821300,25.919327
5301,2001-03-08,37.64160406968218,37.78893025283769,37.273290066895576,37.71526861636209,21.090761399199778,609000,25.311842000000002
5302,2001-03-09,37.64160406968218,37.64160406968218,36.61032806310443,36.83131588273554,20.59644428026107,391700,24.147497
5303,2001-03-12,36.83131588273554,36.83131588273554,34.916087142531225,35.13707496216232,19.64900980484677,770800,24.603111
5304,2001-03-13,35.28440114531782,35.800039876157776,34.62143623132236,35.800039876157776,20.019743642519867,908900,23.438766
5305,2001-03-14,34.69510077800227,35.13707496216232,33.66382186122021,34.10579895558457,19.24975159959705,691200,23.843756
5306,2001-03-15,34.17946059206017,35.063413325686724,34.17946059206017,34.69510077800227,19.58236467097049,723100,23.489389000000003
5307,2001-03-16,33.95847422753122,34.69510077800227,33.884809680851305,34.17946059206017,19.291325323314418,1658000,23.337519
5308,2001-03-19,34.400448411691265,34.47411004816686,33.29550931353576,33.95847422753122,19.166595421549374,911000,22.730034
5309,2001-03-20,34.10579895558457,34.17946059206017,33.037688493013626,33.074521493904655,18.667688910408625,960300,22.021303
5310,2001-03-21,33.074521493904655,33.148183130380254,31.969580940646996,32.04324548732691,18.085621855913736,994500,21.666937
5311,2001-03-22,31.914335077065832,32.19056876027809,30.64365402286039,31.52760675648695,17.794585418461978,1740700,22.426292
5312,2001-03-23,31.52760675648695,33.000859857429056,31.45394220980704,32.63254585464246,18.41822765177639,1238100,22.780657
5313,2001-03-26,33.000859857429056,33.22184767706016,32.85353367427356,33.148183130380254,18.709262634125995,1267800,22.831282
5314,2001-03-27,33.074521493904655,33.4428340415891,32.85353367427356,33.22184767706016,18.750834902741204,1611000,22.780657
5315,2001-03-28,33.29550931353576,33.29550931353576,32.77987203779796,33.148183130380254,18.709262634125995,1123600,22.818626000000002
5316,2001-03-29,32.92719531074915,33.590160224744615,32.85353367427356,33.20343190416573,18.740439652934167,815300,23.033775
5317,2001-03-30,33.5164956780647,34.547774594846764,33.36917240511352,33.5164956780647,18.917142893530084,2902000,23.388142000000002
5318,2001-04-02,33.31049948065574,34.6311811047541,33.01701451426229,33.89746941344263,19.132166040491807,2068900,23.388142000000002
5319,2001-04-03,33.82409925885246,33.970841017377055,33.3838696352459,33.89746941344263,19.132166040491807,1862200,22.679410999999998
5320,2001-04-04,33.970841017377055,34.04421117196722,32.430046030819675,32.87027420508197,18.552409494098363,957400,23.691882999999997
5321,2001-04-05,33.090387567540986,34.411067742295074,33.01701451426229,34.337694689016395,19.380631475409835,1146800,23.388142000000002
5322,2001-04-06,34.35603903934426,34.37438194032787,33.45724268852459,33.89746941344263,19.132166040491807,1472000,23.529888
5323,2001-04-09,33.903337808360654,34.29073883360656,33.903337808360654,34.1029081652459,19.248119378852458,1249200,24.24267
5324,2001-04-10,34.07943023754098,35.20641134901639,34.07943023754098,35.13597466721311,19.831190575573768,1343800,24.412766
5325,2001-04-11,34.99510130360656,35.51163455459016,34.98336306442623,35.38250232885246,19.970337770163937,1665300,24.57476
5326,2001-04-12,34.912926382622956,35.675984396557375,34.80727063524591,35.617287403278695,20.10285566409836,838100,24.372267
5327,2001-04-16,35.37076119098361,35.80511807163934,35.10075560163934,35.32380533557377,19.937210108360652,1115800,24.331768
5328,2001-04-17,35.394239118688525,35.394239118688525,35.00684099213115,35.265108342295086,19.904080997213114,1428000,25.174145000000003
5329,2001-04-18,35.21814958819672,36.74426996409836,35.21814958819672,36.48600261393443,20.593163030655738,1183100,25.125547
5330,2001-04-19,36.40382769295082,36.69731265934426,36.27469401786885,36.41556738147541,20.55341041622951,767100,24.882553
5331,2001-04-20,36.27469401786885,36.48600261393443,35.722943150655745,36.06338542180328,20.354635749344265,1345700,24.931151999999997
5332,2001-04-23,36.05164573327868,36.15730003131148,35.746421078360655,36.133822103606555,20.394395610491806,1104500,24.688157999999998
5333,2001-04-24,36.039907494098365,36.12208241508197,35.617287403278695,35.781640143934425,20.19562384229508,1282300,24.744856
5334,2001-04-25,35.84033713721312,35.863815064918036,34.92466607114754,35.863815064918036,20.24199996,1033200,24.412766
5335,2001-04-26,35.54685362016394,35.95772967442623,35.37076119098361,35.38250232885246,19.970337770163937,592200,25.109346
5336,2001-04-27,35.394239118688525,36.40382769295082,35.394239118688525,36.39208655508197,20.540163409672132,733700,24.663857999999998
5337,2001-04-30,36.39208655508197,36.39208655508197,35.32380533557377,35.746421078360655,20.175738839016397,1082700,24.299367999999998
5338,2001-05-01,35.29333095658413,35.632240566972435,34.860929537405745,35.05959854897017,19.788091477445136,692400,24.704357
5339,2001-05-02,35.164778637383236,35.65561279776027,34.977793576983686,35.64392451813732,20.11788535512662,660000,24.63146
5340,2001-05-03,35.36344764894766,35.64392451813732,35.00116580777153,35.538747315362976,20.058517666983683,494200,24.744856
5341,2001-05-04,35.28164267696117,35.70235725933596,35.05959854897017,35.70235725933596,20.150871091299944,593200,24.582860999999998
5342,2001-05-07,35.65561279776027,35.81922418455262,35.445255506572884,35.46862773736072,20.01894113198087,325800,24.437065
5343,2001-05-08,35.37513592857063,35.597180056561626,35.188150868171086,35.25827044617333,19.90021874106922,562100,24.331768
5344,2001-05-09,35.17646258854812,35.351762254963425,35.00116580777153,35.106345896184585,19.814473429414747,831200,24.323667999999998
5345,2001-05-10,35.15309035776028,35.58549177693866,35.00116580777153,35.09465905938098,19.80787253084975,504700,24.258869
5346,2001-05-11,35.15309035776028,35.445255506572884,34.65056936057964,35.00116580777153,19.75511584100732,502300,24.437065
5347,2001-05-14,34.89598571935848,35.29333095658413,34.76743628579629,35.25827044617333,19.90021874106922,362900,24.57476
5348,2001-05-15,35.047913154985935,35.50368824777152,34.884301768193595,35.45693945773777,20.012353218790096,387500,25.101248000000002
5349,2001-05-16,35.164778637383236,36.22825048730445,35.00116580777153,36.21656653613957,20.44108410552054,619000,24.858253
5350,2001-05-17,36.11138644772651,36.32174373891391,35.725732375762526,35.865968646128316,20.243214415880697,526500,24.728657000000002
5351,2001-05-18,35.67898502854812,35.79584906812606,35.410194996162076,35.67898502854812,20.137672179808668,826000,24.639559
5352,2001-05-21,35.760792886173334,35.877656925751275,35.398508159358464,35.55043270934722,20.065112794271247,730300,24.963551000000002
5353,2001-05-22,35.69067186535172,36.4619828949184,35.29333095658413,36.01789463893642,20.328958284715814,659500,24.947351
5354,2001-05-23,36.22825048730445,36.3801750372932,35.98283412852561,35.994520965329215,20.315769472960046,771000,24.914951000000002
5355,2001-05-24,35.98283412852561,36.49704340532921,35.93608966694991,35.94777361811481,20.28938463535172,649300,24.744856
5356,2001-05-25,35.93608966694991,36.15813379494091,35.69067186535172,35.70235725933596,20.150871091299944,335300,25.028349
5357,2001-05-29,35.60886545054586,36.16981918892517,35.480314574164325,36.11138644772651,20.381726517113112,557400,24.801556
5358,2001-05-30,36.11138644772651,36.27499927733822,35.78416511696118,35.78416511696118,20.197045639229042,521300,25.133646
5359,2001-05-31,35.865968646128316,36.39186331691616,35.64392451813732,36.26331099771525,20.467473271586947,443700,25.166045999999998
5360,2001-06-01,36.10885881950563,36.27219445676967,35.665520467264045,36.24886161738202,20.4593222200618,457200,25.263243
5361,2001-06-04,36.318860135544945,36.45886437380899,35.9921903014045,36.38886297487079,20.538340445629213,342100,25.579136
5362,2001-06-05,36.37719727537079,36.843871347775284,36.318860135544945,36.843871347775284,20.795161561921347,469700,25.36854
5363,2001-06-06,36.843871347775284,36.843871347775284,36.08552598011798,36.54053147224719,20.623936921550563,538200,25.263243
5364,2001-06-07,36.45886437380899,36.528865772747196,36.08552598011798,36.38886297487079,20.538340445629213,529000,25.036448999999998
5365,2001-06-08,36.49386579347191,36.49386579347191,35.82885466414045,36.062191700342694,20.35395930455056,447200,24.906852999999998
5366,2001-06-11,36.062191700342694,36.2955272961573,35.86385464341573,35.87552322369101,20.248592067876405,496600,24.833954000000002
5367,2001-06-12,35.81718896464045,35.82885466414045,35.385516311898876,35.77052040508989,20.189337401123595,1183600,24.428964999999998
5368,2001-06-13,35.72385472631461,35.735518985426964,35.11717641564607,35.18717925497191,20.04313661523034,1660500,23.975376
5369,2001-06-14,35.07051073687079,35.10551215653371,34.07882977339888,34.53383526552809,19.67098077979213,2495000,24.380365
5370,2001-06-15,34.627169503853935,35.26884491302247,34.47550100647753,35.11717641564607,20.003263804567418,4700900,24.566662
5371,2001-06-18,35.09384357625843,35.57218622893821,34.84884084055618,35.385516311898876,20.15611197942135,901300,24.97975
5372,2001-06-19,35.37384773162359,36.10885881950563,35.35051489223596,35.98052316151685,20.49503375083146,1137400,25.263243
5373,2001-06-20,35.9221889024663,36.71553568978652,35.81718896464045,36.38886297487079,20.727627547011238,814500,25.862627
5374,2001-06-21,36.48219721319663,37.27554400051685,36.37719727537079,37.25220828035393,21.21940613560112,1033700,25.328041
5375,2001-06-22,37.217206860691014,37.33387825956742,36.47053151369663,36.48219721319663,20.780805218308988,755300,25.384741
5376,2001-06-25,36.423862954146074,36.960538425488764,36.423862954146074,36.56386719241012,20.827313894831462,681100,25.37664
5377,2001-06-26,36.47053151369663,36.703867109511236,36.225528777994384,36.55219861213483,20.820665065483148,1387900,25.295643
5378,2001-06-27,36.435531534421344,37.030538384039325,36.19052735833146,36.435531534421344,20.754214222078655,565300,25.716831
5379,2001-06-28,36.6105328711854,37.22887544096629,36.435531534421344,37.04220552392697,21.099783382449438,785500,25.919327
5380,2001-06-29,37.030538384039325,38.488893419915726,36.54053147224719,37.33387825956742,21.265927775612358,1818300,26.032722
5381,2001-07-02,36.86575686537465,37.73153412946479,36.795558279397184,37.602836962580284,21.419118393498596,883300,25.935526
5382,2001-07-03,37.20504834574648,37.56773839181408,37.15825121435493,37.46244267951549,21.339159692180278,334900,25.822128
5383,2001-07-05,37.42734266430423,37.556039831188734,37.26354692665352,37.29864549741972,21.245855762856337,324900,25.441439000000003
5384,2001-07-06,37.368845527842254,37.368845527842254,36.561565400214086,36.748761148005634,20.932633627115496,1305500,25.409039
5385,2001-07-09,36.959354017047886,36.971055466563385,36.362669647352114,36.70196112772394,20.905969171115494,769600,25.02025
5386,2001-07-10,36.73705969849014,36.748761148005634,36.14037677323944,36.14037677323944,20.58608669915493,1400400,25.109346
5387,2001-07-11,36.05847818219155,36.47966825361127,35.97658103558873,36.2690710512338,20.659395175369013,487500,25.441439000000003
5388,2001-07-12,36.315872515960564,36.85405974919437,35.94148102037747,36.748761148005634,20.932633627115496,326500,25.846428
5389,2001-07-13,36.62006398112113,37.48584124521127,36.42116678381409,37.33374551263098,21.265851215966197,522400,25.619635
5390,2001-07-16,37.15825121435493,37.49754269472676,36.86575686537465,37.00615548177465,21.079259246214082,447400,26.008423
5391,2001-07-17,37.02955404747042,37.67303699300282,36.85405974919437,37.56773839181408,21.399133051504226,325300,26.186619
5392,2001-07-18,37.34544551770141,37.965529897538026,37.2167483508169,37.825132725583096,21.545751448377462,549800,25.951725
5393,2001-07-19,37.90703276107606,38.02402847844507,37.25184836602817,37.48584124521127,21.352487586845072,779200,25.668232
5394,2001-07-20,37.19334978512113,37.415642659233804,37.06465261823662,37.07635117886198,21.11924004131831,450800,25.627733
5395,2001-07-23,37.041251163650706,37.31034694693521,36.88915543107043,37.017852597954935,21.0859051379831,683400,25.441439000000003
5396,2001-07-24,37.00615548177465,37.181649780050705,36.643462546816906,36.748761148005634,20.932633627115496,455000,25.255144
5397,2001-07-25,36.760461153076065,36.84235829967888,36.11697531865352,36.47966825361127,20.77935200513239,869700,25.635834
5398,2001-07-26,36.47966825361127,37.14654976483944,36.210573914771835,37.02955404747042,21.092579918653524,746800,25.911226
5399,2001-07-27,36.959354017047886,37.48584124521127,36.94765690086761,37.42734266430423,21.319168572405633,461300,25.886927
5400,2001-07-30,37.20504834574648,37.67303699300282,37.181649780050705,37.392244093538025,21.299168785960564,822300,25.919327
5401,2001-07-31,37.392244093538025,37.64963842730704,37.24014836095775,37.43904411381972,21.32583179751549,878900,26.097521
5402,2001-08-01,37.474142684585914,37.73153412946479,37.12315119914366,37.69643555869859,21.47243286104789,628900,26.032722
5403,2001-08-02,37.68473699807324,37.90703276107606,37.392244093538025,37.602836962580284,21.419118393498596,320200,26.202818
5404,2001-08-03,37.53264126549296,37.848531291278874,37.42734266430423,37.848531291278874,21.559073565261976,501700,25.992224
5405,2001-08-06,37.848531291278874,38.02402847844507,37.54433982611831,37.54433982611831,21.385806601284504,480000,26.154221
5406,2001-08-07,37.556039831188734,37.965529897538026,37.49754269472676,37.77833559419155,21.51909854793803,532100,25.919327
5407,2001-08-08,37.53264126549296,37.74323557898028,37.38054553291268,37.43904411381972,21.32583179751549,400500,25.911226
5408,2001-08-09,37.38054553291268,37.49754269472676,37.09975263344789,37.42734266430423,21.319168572405633,546100,25.919327
5409,2001-08-10,37.38054553291268,37.848531291278874,36.80725828446761,37.43904411381972,21.32583179751549,440500,25.943626000000002
5410,2001-08-13,37.450741230000006,37.614538412095776,37.3220440631155,37.474142684585914,21.34582291729014,441700,25.854528
5411,2001-08-14,37.602836962580284,37.836832730653526,37.14654976483944,37.34544551770141,21.272512996630986,278500,25.635834
5412,2001-08-15,37.20504834574648,37.63793697779155,36.92425544628169,37.02955404747042,21.092579918653524,299200,25.822128
5413,2001-08-16,36.877458314890134,37.3220440631155,36.8189597339831,37.29864549741972,21.245855762856337,270500,25.579136
5414,2001-08-17,36.85405974919437,37.3220440631155,36.748761148005634,36.94765690086761,21.045924342878873,541400,25.506237
5415,2001-08-20,37.017852597954935,37.26354692665352,36.73705969849014,36.84235829967888,20.98594665021972,500800,25.449539
5416,2001-08-21,36.73705969849014,37.3220440631155,36.4445682384,36.760461153076065,20.93929396333521,334200,25.587234
5417,2001-08-22,36.795558279397184,37.16994833053521,36.748761148005634,36.959354017047886,21.052591901323943,252900,25.311842000000002
5418,2001-08-23,36.94765690086761,37.181649780050705,36.561565400214086,36.561565400214086,20.826000358681693,245100,24.98785
5419,2001-08-24,36.62006398112113,36.795558279397184,35.9063810051662,36.09357675295775,20.559436687605636,538600,24.347967
5420,2001-08-27,36.09357675295775,36.38607110193803,35.157600902890145,35.16930090796057,20.032949459442253,518600,24.331768
5421,2001-08-28,35.21609803935211,35.52029239340282,35.099102321983096,35.14590234226479,20.019627342557744,571000,23.975376
5422,2001-08-29,35.21609803935211,35.21609803935211,34.537516523053526,34.63111367472676,19.726391993256335,539000,23.870079
5423,2001-08-30,34.79491085682254,35.19269947365634,34.33862221463662,34.47901794214648,19.639754177932396,840800,23.813381
5424,2001-08-31,34.3269222095662,34.853407993284506,34.24502506296338,34.397120795543664,19.59310004660282,397600,24.145472
5425,2001-09-04,34.24278710717331,35.127974803056645,33.46242411864835,34.72032204491307,19.777206128008977,1256900,23.983477
5426,2001-09-05,34.4757301024341,34.743618501385306,34.12631632852496,34.48737904965227,19.644519428143578,664800,23.529888
5427,2001-09-06,34.40584936080202,34.4757301024341,33.52065878899046,33.83513434902972,19.272986890364553,635300,22.922403
5428,2001-09-07,33.76525073146943,33.7768982407235,32.90335805409423,32.961592724436336,18.775403857066745,529500,22.938604
5429,2001-09-10,32.938299143892316,33.41583695756029,32.41417560710039,32.98488918090859,18.788677703724062,857800,22.242022
5430,2001-09-17,32.40252665988222,32.54229533296691,30.25944247569826,31.983229268412785,18.400033393090297,990300,22.792807
5431,2001-09-18,32.12299650353337,33.217832176169374,31.855109542546266,32.77523832822771,18.855679641217048,910300,22.614613000000002
5432,2001-09-19,32.75194474768367,33.48571769919237,31.587224019523276,32.51900175242288,18.70826099909142,691100,22.023327
5433,2001-09-20,32.577236422765,32.588882494054964,31.45910429365676,31.668753708373526,18.21911593916433,1254800,21.747934
5434,2001-09-21,30.504032980213125,31.82016701478407,29.968260496203026,31.272748459484017,17.991286344262477,1417500,22.31492
5435,2001-09-24,31.55228149176108,32.40252665988222,31.540633982507014,32.088053975771174,18.460343045636566,769400,22.711809
5436,2001-09-25,32.216173701637686,32.90335805409423,32.09970004706113,32.65876611161525,18.788666200011214,800200,22.711809
5437,2001-09-26,32.85676945504206,32.90335805409423,32.40252665988222,32.65876611161525,18.788666200011214,894200,22.817106
5438,2001-09-27,32.65876611161525,32.90335805409423,32.472410277442506,32.8101794180258,18.875779503482896,1120800,23.375992
5439,2001-09-28,32.90335805409423,33.85842792957375,32.74029867639372,33.61383742505889,19.338129540269207,1233600,23.667585
5440,2001-10-01,33.774081128238606,34.18310743099043,32.932650520669675,34.148049806218346,19.645460126944293,1080300,23.537989000000003
5441,2001-10-02,34.171422037006195,34.40515155898143,33.6104682986269,33.96106618863816,19.537886401215534,1099600,23.618986
5442,2001-10-03,34.112990738626905,34.3233480298143,33.78576652222286,34.0779302282161,19.60512466895892,1179200,23.1087
5443,2001-10-04,33.8558861002251,34.15973520020259,33.18975515907147,33.34167970906021,19.181556189893076,1052100,22.493114000000002
5444,2001-10-05,33.774081128238606,34.00781065021385,31.950982199915593,32.45350031145752,18.67058459972988,1701100,21.334845
5445,2001-10-08,32.535308169082725,32.54699356306697,30.677150173168265,30.782327375942607,17.709151820478336,1121300,21.666937
5446,2001-10-09,30.980999273145756,31.53026473190209,30.794014212746205,31.261476142335404,17.98481400146877,1495800,21.853231
5447,2001-10-10,31.1446106599381,31.810741601091735,30.817386443534048,31.53026473190209,18.13943950929657,1007000,22.096226
5448,2001-10-11,31.553638405509286,32.20808395267867,31.495205664310642,31.88086262191334,18.34114421279122,929400,21.731735
5449,2001-10-12,31.869174342290382,31.950982199915593,31.179671170348904,31.354967951125495,18.03859797869443,1035000,22.015228
5450,2001-10-15,31.54195301152505,32.04447400870569,31.08617936155881,31.763997139516043,18.273914601963988,532700,22.258221
5451,2001-10-16,31.92760708348903,32.722293229482275,31.740622023089475,32.11459214388858,18.475603434445695,793900,21.893729999999998
5452,2001-10-17,32.14965121148003,32.50024910149128,31.413400692324146,31.588697473100734,18.173054314710186,295300,21.618338
5453,2001-10-18,31.37834018191334,31.857490391125495,31.167984333545306,31.191356564333148,17.944465558109176,481700,21.796534
5454,2001-10-19,31.56532524231289,31.822429880714687,31.08617936155881,31.44846120273495,18.09237907028137,1085900,22.169123000000003
5455,2001-10-22,31.28484837312324,32.13796726031514,31.28484837312324,31.986039824687683,18.401647399769274,469500,22.242022
5456,2001-10-23,32.19639855869443,32.39506901307823,31.822429880714687,32.09121991310073,18.46216068648284,743700,22.387817000000002
5457,2001-10-24,32.173023442267876,32.36000850266741,31.91592168950479,32.301575761468776,18.583184374271244,765500,22.679410999999998
5458,2001-10-25,32.102906749904335,32.79240992184581,31.3900284615363,32.722293229482275,18.82522309293191,617100,22.792807
5459,2001-10-26,32.59374091028138,33.01445549265616,32.21977223230164,32.88590317345526,18.919345413781656,514500,22.363518
5460,2001-10-29,32.839157269060216,33.07288679103546,31.91592168950479,32.26651669387733,18.56300943118177,816400,22.031426999999997
5461,2001-10-30,32.11459214388858,32.26651669387733,31.413400692324146,31.78736937030388,18.28735446428813,553500,21.796534
5462,2001-10-31,32.02109889227913,32.231459069105235,31.436772923111988,31.44846120273495,18.09237907028137,536600,22.266320999999998
5463,2001-11-01,31.443111936950398,32.309377237829764,31.197279110885002,32.18060752462795,18.513586652807216,647900,22.363518
5464,2001-11-02,32.18060752462795,32.566913773714774,31.67723671741826,32.321082392908686,18.59440121714205,468400,22.906204000000002
5465,2001-11-05,32.29767063749154,33.36294380834273,32.29767063749154,33.105404381939124,19.04562995928974,502100,23.294994
5466,2001-11-06,33.01175446975197,33.796076458782416,32.66056513116122,33.66730674558061,19.368885326110483,568000,23.359793
5467,2001-11-07,33.66730674558061,34.2292091092221,33.269293896155574,33.76095810302706,19.422768928630216,578400,23.351692
5468,2001-11-08,33.56194878779594,34.17067899804961,33.55024507797633,33.749250057429535,19.416031129768886,612300,23.416491
5469,2001-11-09,33.784369858444194,33.92484617198422,33.30441225191094,33.84290141487599,19.469904615473506,378000,23.294994
5470,2001-11-12,33.77266470336527,33.913139571646,32.9063994024859,33.66730674558061,19.368885326110483,395400,23.610885999999997
5471,2001-11-13,33.655600145242396,34.25262230989854,33.655600145242396,34.12385259669673,19.63153518940248,588200,23.724283
5472,2001-11-14,34.15897095245209,34.39309862343856,33.983377728416016,34.28774066565389,19.725823906200674,730600,23.594687
5473,2001-11-15,34.27603406531566,34.52186544612176,33.99508288349493,34.10044084127959,19.61807404427283,499000,23.448891
5474,2001-11-16,33.94825792740136,34.077027640603156,33.49171352154454,33.889727816228856,19.496852920400222,438500,23.643286
5475,2001-11-19,33.86631606081173,34.357978822423895,33.854608015214204,34.17067899804961,19.658477713291994,215500,23.610885999999997
5476,2001-11-20,34.15897095245209,34.2292091092221,33.655600145242396,34.12385259669673,19.63153518940248,355100,23.286894
5477,2001-11-21,34.06532104026494,34.135559197034944,33.50341867662345,33.655600145242396,19.362150417767754,357900,23.618986
5478,2001-11-23,33.50341867662345,34.217502508883875,33.49171352154454,34.135559197034944,19.638278769301014,90000,23.789082
5479,2001-11-26,34.17067899804961,34.475041935287486,34.06532104026494,34.38139202310034,19.779698837164602,244900,23.610885999999997
5480,2001-11-27,34.29944871125141,34.55698524713642,34.006789483833145,34.12385259669673,19.63153518940248,433200,23.46509
5481,2001-11-28,34.217502508883875,34.29944871125141,33.913139571646,33.913139571646,19.510312620270575,570300,23.602787
5482,2001-11-29,33.99508288349493,34.18238270786922,33.831196259797075,34.11214744161781,19.624804616837654,891600,23.303095000000003
5483,2001-11-30,34.05361588518602,34.14726724263247,33.655600145242396,33.67901479117813,19.375623124971813,813400,23.060101
5484,2001-12-03,33.718413862665535,33.812434770543305,33.11902658473685,33.45985418952463,19.249541021528014,474500,23.448891
5485,2001-12-04,33.4951116672326,34.20027137828523,33.4951116672326,34.02398253876061,19.574090028743633,574900,23.991577
5486,2001-12-05,34.20027137828523,34.96419597049236,33.96521910859084,34.81141163244482,20.027090360254668,605300,23.967278
5487,2001-12-06,34.823163157691006,35.093472905093385,34.541098983073006,34.776154154736844,20.00681284879457,811600,23.951076999999998
5488,2001-12-07,34.470581125687616,34.776154154736844,34.411819146502545,34.75264675129032,19.993288220220716,402300,23.708084
5489,2001-12-10,34.776154154736844,34.776154154736844,34.34130419108659,34.40006762125637,19.790443458353142,355000,23.983477
5490,2001-12-11,34.40006762125637,35.01120497344652,34.24728328320883,34.79965865621393,20.02033312441426,445100,23.886278
5491,2001-12-12,34.68213179587437,34.776154154736844,34.21202435451613,34.658624392427846,20.12954439132428,402900,23.46509
5492,2001-12-13,34.541098983073006,34.68213179587437,33.91820720366724,34.0474870402377,19.774598705212227,460900,23.651384
5493,2001-12-14,34.02398253876061,34.376560217809846,33.70665943544992,34.31779678764007,19.93159234993209,794800,23.764782
5494,2001-12-17,34.31779678764007,34.658624392427846,34.15326237533108,34.48233555290323,20.027162909490666,674200,24.056373999999998
5495,2001-12-18,34.588110887996606,34.96419597049236,34.259034808455006,34.90543108933786,20.272885720814944,601800,24.21027
5496,2001-12-19,34.776154154736844,35.26976464658744,34.55285195930391,35.128731833786084,20.40258634295416,789000,24.372267
5497,2001-12-20,35.04646390213922,35.55182882120543,35.04646390213922,35.36378700544992,20.539100789337862,1135800,24.250769000000002
5498,2001-12-21,35.57533477366724,35.57533477366724,34.79965865621393,35.18749526395587,20.436709150611208,1122400,24.250769000000002
5499,2001-12-24,35.26976464658744,35.3990444831579,34.99945199721562,35.18749526395587,20.436709150611208,213000,24.096874
5500,2001-12-26,35.16399076247878,35.3990444831579,34.96419597049236,34.96419597049236,20.307014332410866,352200,24.088774
5501,2001-12-27,34.975947495738545,35.18749526395587,34.87017506261461,34.95244299426147,20.300188900288628,239100,24.258869
5502,2001-12-28,34.94068856704584,35.31677510052632,34.94068856704584,35.19924824018676,20.44353748470289,447200,24.250769000000002
5503,2001-12-31,35.37553707971138,35.598839275144314,35.17574373870968,35.18749526395587,20.436709150611208,634500,24.283169
5504,2002-01-02,35.15492612501976,35.178377538972335,34.63897764557313,35.15492612501976,20.417792087667983,789100,24.380365
5505,2002-01-03,35.061116126086965,35.61224389802371,35.061116126086965,35.2956375041502,20.499516624308303,995500,24.590961
5506,2002-01-04,35.21355683146245,35.84676817150198,35.21355683146245,35.60051891490119,20.6765857298419,563100,24.704357
5507,2002-01-07,35.58879248407115,35.928850291897234,35.58879248407115,35.7646831556917,20.771941880395257,608200,24.477564
5508,2002-01-08,35.928850291897234,35.928850291897234,35.35426821059289,35.43635322640316,20.581241160948615,645300,24.542362
5509,2002-01-09,35.389447503083005,35.835040292964436,35.26046255478261,35.530161777628464,20.635724185375494,756800,24.639559
5510,2002-01-10,35.40117393391305,35.811588879011865,35.11974683252965,35.670874604466405,20.717451617430832,573700,24.307468
5511,2002-01-11,35.7295053109091,35.811588879011865,35.143198246482214,35.19010396980237,20.43823082229249,481100,24.339867
5512,2002-01-14,35.33081679664031,35.4129018124506,34.93212828237154,35.237008245415026,20.465465095968383,703400,24.809654000000002
5513,2002-01-15,35.389447503083005,35.917122413359685,35.22528326229249,35.917122413359685,20.860467746916996,652800,24.582860999999998
5514,2002-01-16,35.917122413359685,35.928850291897234,35.40117393391305,35.58879248407115,20.669775713715417,745400,24.931151999999997
5515,2002-01-17,35.50671036367589,36.409622374268785,35.34254467517787,36.09301598039526,20.96262957047431,813100,24.947351
5516,2002-01-18,35.237008245415026,36.632415873794464,34.826593300316205,36.116467394347836,20.97624815501976,789400,25.085048999999998
5517,2002-01-22,36.2923595136759,36.45652520217392,35.999207429169964,36.31581382304348,21.09203001083004,696900,25.328041
5518,2002-01-23,36.17509810079052,36.74968018209487,36.163371669960476,36.667595166284585,21.296352210237156,766300,25.441439000000003
5519,2002-01-24,36.515155908616606,36.92557085371541,36.50342803007906,36.83176230249013,21.39168954059289,448200,25.554835999999998
5520,2002-01-25,36.83176230249013,37.03110728347826,36.526882339446644,36.99592799098814,21.487031214071145,315600,25.490038000000002
5521,2002-01-28,36.866940147272736,36.93729873225297,36.702774458774705,36.90211943976285,21.43255687588933,419600,24.809654000000002
5522,2002-01-29,36.85521371644269,37.054558697430835,35.741231741739135,35.917122413359685,20.860467746916996,1364400,25.076948
5523,2002-01-30,35.8819474639921,36.43307378822134,35.15492612501976,36.304085944505935,21.085211308458497,1264700,25.328041
5524,2002-01-31,36.2923595136759,36.67932304482214,36.0461102570751,36.667595166284585,21.296352210237156,589700,25.34424
5525,2002-02-01,36.45315441472441,36.581634432283465,36.11443541716536,36.546593640944884,21.22607182996063,429000,24.858253
5526,2002-02-04,36.55827534673228,36.581634432283465,35.799078389173225,35.84579656027559,20.819047803425196,851000,24.971651
5527,2002-02-05,35.91587814295276,36.20787464338582,35.50707900472441,36.00931736917323,20.914021326023622,567100,24.777256
5528,2002-02-06,35.810757210944885,35.9976371053937,35.448679127834644,35.72899824850394,20.751209985,670300,24.842054
5529,2002-02-07,35.72899824850394,36.8502747311811,35.62387731649606,35.82243747472441,20.805478509330708,1280100,25.279442
5530,2002-02-08,35.92755552271654,36.47651638429134,35.635559022283466,36.45315441472441,21.17178888555118,457400,25.311842000000002
5531,2002-02-11,36.441475592952756,36.581634432283465,36.09107633161417,36.49987546984252,21.198930357755906,606300,25.279442
5532,2002-02-12,36.289636489842515,36.67507365850393,36.20787464338582,36.45315441472441,21.17178888555118,639000,25.587234
5533,2002-02-13,36.429795329173224,36.908674608070875,36.37139545228346,36.89699290228346,21.429576633188976,608400,25.911226
5534,2002-02-14,36.88531552251968,37.387551002952755,36.616673781614175,37.36419191740157,21.700923580866142,1388400,25.676332000000002
5535,2002-02-15,37.36419191740157,37.46931284940945,36.908674608070875,37.02547291984252,21.50419621464567,536400,25.36854
5536,2002-02-19,36.8502747311811,37.013792656062996,36.27795622606299,36.581634432283465,21.246421445078738,588400,25.660133
5537,2002-02-20,36.59331469606298,37.22403452007874,36.441475592952756,37.002113834291336,21.490634130590546,817400,25.384741
5538,2002-02-21,36.95539277917323,37.282432954960626,36.546593640944884,36.60499640185039,21.259986413149605,460500,25.579136
5539,2002-02-22,36.56995561051181,37.002113834291336,36.34803636673229,36.88531552251968,21.422793428149607,634400,25.951725
5540,2002-02-25,36.80355367606299,37.492671934960626,36.745153799173224,37.422591794291336,21.734833838031495,509100,26.12182
5541,2002-02-26,37.30579348251968,37.94819068629921,37.282432954960626,37.667870123622045,21.877299889960632,545300,26.340515000000003
5542,2002-02-27,37.772991055629916,38.18179019385826,37.56275207562992,37.98323003562992,22.06045796208661,1171700,26.324315999999996
5543,2002-02-28,37.99491174141731,38.25186889251968,37.6912306511811,37.95987095007873,22.0468843419685,813600,26.688807
5544,2002-03-01,37.67787922770133,38.31668360595638,37.503660894681204,38.27022672216443,22.227145342852346,664700,27.199092999999998
5545,2002-03-04,37.97985900994966,39.10648074322147,37.96824550597315,39.00194773588925,22.65211871401007,864400,27.134295
5546,2002-03-05,38.95548798421141,39.47814585115772,38.73481133345637,38.90903110041946,22.59814940308725,653700,27.693179999999998
5547,2002-03-06,38.90903110041946,39.78012850129194,38.73481133345637,39.710440307718116,23.063620191124162,855300,27.555483000000002
5548,2002-03-07,39.93111839241611,40.05887984164429,39.396844153607375,39.51299066491611,22.948937735570468,1109900,27.668879999999998
5549,2002-03-08,39.59429523035235,39.84981526092282,39.37361571171141,39.675595493959726,23.04338869,658700,27.992872
5550,2002-03-11,39.466533781124156,40.24471454652684,39.37361571171141,40.14018153919463,23.31320513181208,1073400,27.952374
5551,2002-03-12,40.01242008996644,40.18663842298658,39.5013771609396,40.08210971748322,23.279465888070465,587600,27.604082000000002
5552,2002-03-13,40.198254794849,40.198254794849,39.40846052546979,39.582678858489935,23.184232000788587,765000,27.450186
5553,2002-03-14,39.31554389,39.47814585115772,39.11809281325503,39.36200077379195,23.054969213288587,409800,28.171067999999998
5554,2002-03-15,39.08324943343959,40.47700613520134,39.03679111570469,40.395704437651005,23.660441587600673,1335300,27.887575
5555,2002-03-18,40.221483236744966,40.48862250706376,39.78012850129194,39.98919164807047,23.422323888708057,853900,28.07387
5556,2002-03-19,39.84981526092282,40.33763118199665,39.84981526092282,40.256328050503356,23.57879861162752,476800,27.668879999999998
5557,2002-03-20,39.977576710151006,40.15179791105704,39.675595493959726,39.675595493959726,23.238658739513422,458700,27.668879999999998
5558,2002-03-21,39.547834044731545,39.78012850129194,39.23423932456376,39.675595493959726,23.238658739513422,408000,27.725578000000002
5559,2002-03-22,39.675595493959726,39.896275012600675,39.28069907624162,39.75689719151006,23.286272815268454,453200,27.352989
5560,2002-03-25,39.896275012600675,39.942731896392615,39.11809281325503,39.22262582058725,22.97333627491611,619700,27.66078
5561,2002-03-26,39.23423932456376,39.75689719151006,39.22262582058725,39.663980556040265,23.231851812315433,684300,28.065771
5562,2002-03-27,39.431688967365766,40.36086105783557,39.42007402944631,40.24471454652684,23.571998854144297,608700,27.822777000000002
5563,2002-03-28,40.035648531862414,40.326016244077174,39.82658681902685,39.896275012600675,23.36790862152684,690200,27.887575
5564,2002-04-01,39.84763186983871,40.00933375983871,39.06223022709678,39.766782350806444,23.29205512403226,839600,27.960471999999996
5565,2002-04-02,39.94003172758065,40.00933375983871,39.57043087064516,39.87073112129031,23.35294109467742,787900,27.450186
5566,2002-04-03,40.020884098548386,40.020884098548386,38.94672969193549,39.143079746129025,22.926743578064514,814500,27.514984000000002
5567,2002-04-04,38.85432983419354,39.31633197483871,38.81967881806451,39.23547960387097,22.98087046161291,747000,27.539284000000002
5568,2002-04-05,39.18928110096773,39.55888195790322,39.01602887225806,39.27013062,23.00116626048387,761800,27.636482
5569,2002-04-08,39.15463008483871,39.53577985451613,38.94672969193549,39.40873183258065,23.08234660403226,840100,27.838976000000002
5570,2002-04-09,39.31633197483871,39.83608295709677,39.18928110096773,39.69748174451613,23.251467804193545,747100,28.049570000000003
5571,2002-04-10,39.69748174451613,40.17103422387096,39.54733161919355,39.99778199516129,23.427355221290323,1085400,27.830877
5572,2002-04-11,40.055532262741934,40.136384633709675,39.6512832416129,39.685932831774196,23.244714420967743,991200,28.130569
5573,2002-04-12,39.824532618387096,40.17103422387096,39.70903208322581,40.113283956290324,23.495011686774195,467200,27.798477000000002
5574,2002-04-15,40.17103422387096,40.228784491451606,39.53577985451613,39.63973147693549,23.217643849354843,602400,28.227766
5575,2002-04-16,39.81298085370967,40.41358563290323,39.605081886774194,40.251883742903225,23.576192030322577,701100,28.324963
5576,2002-04-17,40.378934616774195,40.42513311967741,39.84763186983871,40.390483529516125,23.657379503709674,1480100,28.324963
5577,2002-04-18,40.378934616774195,44.352147037258064,40.09018185290323,40.390483529516125,23.657379503709674,1663200,28.478859000000003
5578,2002-04-19,40.49443372596774,40.736985135000005,40.26343550758064,40.609934261129034,23.78591481,659300,28.162968
5579,2002-04-22,40.67923486741936,40.67923486741936,40.07863436612903,40.15948388516129,23.522082258387098,450800,28.179167
5580,2002-04-23,40.17103422387096,40.459784135806444,39.74368309935484,40.1825831366129,23.535599006612905,699100,28.171067999999998
5581,2002-04-24,39.96313097903226,40.42513311967741,39.95158349225806,40.17103422387096,23.52884847532258,455800,28.187267
5582,2002-04-25,40.29808509774193,40.29808509774193,39.605081886774194,40.19413347532258,23.542376631290324,397400,27.968573
5583,2002-04-26,40.07863436612903,40.309634010483876,39.824532618387096,39.88228288596774,23.359717293387096,359200,28.187267
5584,2002-04-29,39.87073112129031,40.33273326193548,39.59353297403225,40.19413347532258,23.542376631290324,1096800,28.405962
5585,2002-04-30,40.147932120483866,40.81783750596774,40.06708260145161,40.50598549064516,23.725025987419357,1042000,28.511259000000003
5586,2002-05-01,40.33273326193548,40.77163615112904,40.251883742903225,40.65613561596774,23.81297112193548,970600,28.770452000000002
5587,2002-05-02,40.48288338725806,41.06038748903226,40.42513311967741,41.025736472903226,24.02945584064516,1287000,28.786652
5588,2002-05-03,41.1181377566129,41.18743551096773,40.77163615112904,41.04883715032258,24.04298114467742,601300,28.673253999999996
5589,2002-05-06,41.337588488225805,41.337588488225805,40.85248424419354,40.88713526032257,23.948279774999996,411300,28.810951
5590,2002-05-07,40.88713526032257,41.47618827483871,40.80628574129032,41.08348674048387,24.063276943548388,573700,28.85955
5591,2002-05-08,41.00263436951612,41.406887668548386,41.00263436951612,41.1527873467742,24.103872819193548,459100,28.584156
5592,2002-05-09,41.1527873467742,41.17588802419355,40.76008438645161,40.76008438645161,23.873851388709678,342100,28.308764
5593,2002-05-10,40.81783750596774,40.81783750596774,40.26343550758064,40.36738427806451,23.643848495806452,366500,28.648953999999996
5594,2002-05-13,40.54063650677419,40.94488552790323,40.27498299435484,40.85248424419354,23.927971142419356,222300,29.078243
5595,2002-05-14,40.85248424419354,41.510837865,40.829384992741936,41.464636510161284,24.286519323387097,410000,28.981046999999997
5596,2002-05-15,41.1181377566129,41.76493961274194,41.1181377566129,41.32603814951612,24.205346109677418,479300,29.134943
5597,2002-05-16,41.67253975499999,41.70718791919355,41.44153725870968,41.54548888112903,24.333881415967742,324300,29.240240000000004
5598,2002-05-17,41.08348674048387,41.75338927403226,41.08348674048387,41.695639006451614,24.42182655048387,360700,28.802851
5599,2002-05-20,41.695639006451614,41.695639006451614,41.01418613419356,41.07193640177419,24.056520708387094,261600,28.82715
5600,2002-05-21,41.24518863048387,41.54548888112903,41.025736472903226,41.10658599193548,24.076805099516125,346100,28.729954
5601,2002-05-22,41.10658599193548,41.337588488225805,40.55218399354839,40.96798763129032,23.995626181935478,470800,29.086344
5602,2002-05-23,41.1181377566129,41.52238677774193,40.99108688274194,41.47618827483871,24.29328839225806,395300,28.981046999999997
5603,2002-05-24,41.55703779387096,41.718738257903226,41.32603814951612,41.32603814951612,24.205346109677418,611100,28.738052000000003
5604,2002-05-28,41.1181377566129,41.198987275645166,40.78318648983871,40.979535118064526,24.00239525080645,510800,28.87575
5605,2002-05-29,41.44153725870968,41.44153725870968,41.025736472903226,41.17588802419355,24.11740382709677,313700,28.883847999999997
5606,2002-05-30,41.00263436951612,41.510837865,41.00263436951612,41.18743551096773,24.124157210322576,362400,29.199740999999996
5607,2002-05-31,41.1181377566129,41.8688883832258,41.1181377566129,41.637888738870956,24.388004021612904,538400,28.778551
5608,2002-06-03,41.787898218910506,41.787898218910506,40.97984246603113,41.01447422089494,24.02285547747082,501600,28.624657
5609,2002-06-04,40.86440755867704,41.21071655626459,40.36803189887159,40.79514832447471,23.894397320077825,830800,28.85145
5610,2002-06-05,40.51810141143969,41.44158779614786,40.51810141143969,41.11836806031128,24.08371330447471,307600,28.430262
5611,2002-06-06,41.11836806031128,41.22226189972763,40.40266222856032,40.51810141143969,23.732131159027237,349200,28.778551
5612,2002-06-07,40.529642479377436,41.199172637976645,40.44883790171206,41.01447422089494,24.02285547747082,602700,28.843349
5613,2002-06-10,40.922125724941644,41.33769680708172,40.51810141143969,41.10682271684825,24.076945147937742,438200,28.414061
5614,2002-06-11,40.86440755867704,41.522395224163425,40.49501214968871,40.49501214968871,23.718604822178985,473400,28.171067999999998
5615,2002-06-12,39.92937583050583,40.818234735875485,39.92937583050583,40.14870457727626,23.711778233463033,887300,27.676981
5616,2002-06-13,39.91783048704281,40.26414090980544,39.3752820044358,39.44454408898832,23.29590216385214,489200,28.049570000000003
5617,2002-06-14,39.44454408898832,40.13716065898833,38.9827987588716,39.97554865330739,23.60951336918288,581700,28.713753000000004
5618,2002-06-17,39.99863791505837,41.049105975758756,39.99863791505837,40.922125724941644,24.168562529066147,582300,28.754251
5619,2002-06-18,40.922125724941644,41.32615288879377,40.818234735875485,40.97984246603113,24.202652717392994,551400,28.689453000000004
5620,2002-06-19,40.86440755867704,41.360783218482496,40.86440755867704,40.88749397007783,24.14811554194553,590300,28.551758000000003
5621,2002-06-20,40.899039313540854,41.1529998151751,40.529642479377436,40.691254485058366,24.032207476459146,578500,28.349262
5622,2002-06-21,40.40266222856032,40.80668939241245,40.206422743540855,40.40266222856032,23.861769361400782,792300,28.227766
5623,2002-06-24,40.40266222856032,40.691254485058366,39.61769716260701,40.22950915494163,23.759498796420235,668200,28.106270000000002
5624,2002-06-25,40.4603803948249,40.67970914159533,40.02172432645914,40.05635608132296,23.657235357315177,584200,27.903774
5625,2002-06-26,40.114074247587546,40.114074247587546,39.098235091400774,39.7677638248249,23.48679866743191,819200,28.025270000000003
5626,2002-06-27,39.7677638248249,40.26414090980544,39.66387283575876,39.94091689844359,23.589069232412452,883200,28.47076
5627,2002-06-28,39.7677638248249,40.691254485058366,39.74467741342412,40.57581815252918,23.96402852498054,844500,28.252065999999996
5628,2002-07-01,40.41544937828429,40.58841301360911,40.01187373142699,40.21942781606885,23.753548257534707,658100,28.551758000000003
5629,2002-07-02,40.21942781606885,40.71525225359801,40.04646560433648,40.64606708418657,24.005519850166575,920000,28.268265000000003
5630,2002-07-03,40.64606708418657,40.77290632417546,39.850441194936145,40.24248859014437,23.767176308045528,909600,28.87575
5631,2002-07-05,40.24248859014437,41.107299648806226,40.184834519566905,41.107299648806226,24.277922841621322,388500,28.989146999999996
5632,2002-07-08,41.107299648806226,41.49934562042199,40.99199150765131,41.26873076170461,24.37325940431427,555600,28.397861
5633,2002-07-09,41.3379145075236,41.464752323920045,40.33473453363132,40.42698047711827,23.876128108917275,630600,27.822777000000002
5634,2002-07-10,40.184834519566905,40.61147378768462,39.389208630316496,39.608295237384795,23.392619169661305,778500,27.944273
5635,2002-07-11,39.61982633621877,40.01187373142699,39.07787750335369,39.78125602552471,23.494754809888953,801300,27.498784999999998
5636,2002-07-12,39.72360195494725,39.83891009610216,38.90491671521377,39.14706267276513,23.120210483836757,673400,27.393488
5637,2002-07-15,39.03175595520267,39.03175595520267,37.18682569672404,38.997162658700724,23.031687234602998,911300,27.207193
5638,2002-07-16,38.76654495279845,39.21624784217658,38.0516367553859,38.7319545034814,22.875053628256527,781000,27.296289
5639,2002-07-17,39.020223432776234,39.79278854795114,38.22459754352582,38.8587908962854,22.94996021571904,689400,26.14612
5640,2002-07-18,38.8587908962854,39.23930861625209,37.12917304973904,37.22141899322599,21.98293521924486,801600,25.76543
5641,2002-07-19,35.74547535588007,36.89855819102166,35.74547535588007,36.67947158395336,21.66285469309273,1222500,24.906852999999998
5642,2002-07-22,36.67947158395336,36.89855819102166,34.47708865036091,35.45720785017768,20.94098512860633,1817500,23.772882
5643,2002-07-23,35.45720785017768,35.6301686383176,33.785242650616325,33.84289529760134,19.987572523126044,1422200,25.328041
5644,2002-07-24,32.286238239194894,36.149053849922275,32.228584168617445,36.05680790643531,21.295113715352585,1668800,26.283817
5645,2002-07-25,35.976093061782336,37.41744340262632,35.74547535588007,37.41744340262632,22.09870318076069,1440900,26.648308
5646,2002-07-26,37.41744340262632,37.93633003782343,37.140704148573015,37.93633003782343,22.405157079994453,896000,28.268265000000003
5647,2002-07-29,38.91644781404775,40.24248859014437,38.8587908962854,40.24248859014437,23.767176308045528,999500,28.284464
5648,2002-07-30,40.12718044898945,40.300142660721825,39.37767753148251,40.26554936421988,23.78078300466963,1086200,28.535559000000003
5649,2002-07-31,40.15024122306497,40.79596709825097,39.804316799600215,40.62300631011105,23.991891799655743,1001300,27.741778999999998
5650,2002-08-01,39.76408937482015,40.051403967758716,38.98259952775318,39.361853768848924,23.247067308776984,891600,27.514984000000002
5651,2002-08-02,39.18946444553957,39.59170288924184,38.488421435893756,39.0400621625678,23.057006015379084,630200,26.648308
5652,2002-08-05,39.0400621625678,39.07454059477588,37.71842439956282,37.81036546658551,22.330762535179858,864900,27.417788
5653,2002-08-06,38.04021458697842,39.74110517221362,38.04021458697842,38.902154109197575,22.975565972091868,792800,27.741778999999998
5654,2002-08-07,39.132001810724965,39.534241673292755,38.902154109197575,39.361853768848924,23.247067308776984,764000,28.657055
5655,2002-08-08,39.534241673292755,40.74095416666852,39.47677903847815,40.66050732924737,24.01404925587161,971300,28.754251
5656,2002-08-09,39.879017482180416,41.189163853314895,39.879017482180416,40.7984153826176,24.095502068948534,689000,28.754251
5657,2002-08-12,40.56856768109021,40.7984153826176,39.90200168478694,40.7984153826176,24.095502068948534,616300,28.114368
5658,2002-08-13,40.51110504627561,41.14319261037079,39.86752325257886,39.89050745518539,23.55928724824018,767100,28.940548
5659,2002-08-14,39.89050745518539,41.08572997555617,39.22394287774765,41.06274577294964,24.25161132924737,716900,29.078243
5660,2002-08-15,41.08572997555617,41.41901297370781,40.82140242295519,41.25811646113448,24.366987798112895,835900,28.972946000000004
5661,2002-08-16,40.223790453337024,41.28110350147206,40.223790453337024,41.10871417816271,24.278759902163813,1393600,29.264540000000004
5662,2002-08-19,41.09722420515772,41.61438649962369,40.97080612479248,41.522446851466526,24.52310982820144,587500,28.997246
5663,2002-08-20,41.37304456849474,41.37304456849474,40.74095416666852,41.14319261037079,24.299130554477035,511700,28.81905
5664,2002-08-21,40.98229609779745,41.30408770407859,40.54558205961816,40.890356449640294,24.149797795915887,618400,29.005346000000003
5665,2002-08-22,40.74095416666852,41.28110350147206,40.6834915318539,41.15468542110682,24.305919826004434,542600,28.422161
5666,2002-08-23,40.924833462982846,40.924833462982846,40.23528468293858,40.32722433109574,23.817205785273938,637500,28.786652
5667,2002-08-26,40.33871856069729,40.97080612479248,40.223790453337024,40.844388044427234,24.122649222999453,547700,28.867649
5668,2002-08-27,40.844388044427234,41.46498421665191,40.70647573446045,40.95931189519093,24.190530587349198,631100,28.551758000000003
5669,2002-08-28,40.95931189519093,41.05125154334809,39.99394133294411,40.51110504627561,23.925811427863866,527700,28.689453000000004
5670,2002-08-29,40.33871856069729,41.09722420515772,39.95946431960155,40.70647573446045,24.041206341981187,513400,28.932446999999996
5671,2002-08-30,40.71796996406198,41.43050578444383,40.55707345148866,41.05125154334809,24.244823476585506,470100,27.944273
5672,2002-09-03,40.753742639933705,40.753742639933705,39.49166141312155,39.583448675121545,23.37793006221547,531800,28.616556
5673,2002-09-04,39.583448675121545,40.650481616055245,39.37692662736464,40.53574683029834,23.940363953900555,584400,28.592257
5674,2002-09-05,40.04238781814918,40.570168115933704,39.53755646063536,40.5013269611768,23.92004406326519,627400,28.964847999999996
5675,2002-09-06,40.707847592419895,41.18973284269061,40.53574683029834,41.02910725896132,24.231750760657455,622200,29.070145
5676,2002-09-09,41.02910725896132,41.57983366398895,40.53574683029834,41.17826191383978,24.319832422524865,680000,28.673253999999996
5677,2002-09-10,41.01763208056906,41.01763208056906,40.214488580270725,40.616060330419884,23.987798751928178,626800,28.446461
5678,2002-09-11,40.4554333301768,40.55869293754144,40.11122897290608,40.294804913419895,23.994623515475137,435000,27.288190999999998
5679,2002-09-12,40.09975521102763,40.09975521102763,38.436103650580115,38.65409946021547,23.017622775928178,840500,27.668879999999998
5680,2002-09-13,38.65409946021547,39.23924715087845,38.21810642443094,39.19335068685083,23.338740791088394,649100,27.830877
5681,2002-09-16,39.19335068685083,39.45724012748619,38.5737831270663,39.422821674878456,23.47538904551934,706500,27.045196999999998
5682,2002-09-17,39.98502042527072,40.03091547278453,38.298422757580106,38.30989510294475,22.812657476850823,792600,26.575409000000004
5683,2002-09-18,38.3213688648232,38.3213688648232,37.529699126403315,37.644433912160224,22.416396236983424,841200,25.692532
5684,2002-09-19,37.070761399889506,37.2543359238895,36.14141218498343,36.393826447226516,21.671686764464088,1057500,25.935526
5685,2002-09-20,36.14141218498343,37.63295873376796,36.14141218498343,36.738030804497235,21.876652063541435,2334200,26.162319
5686,2002-09-23,36.65771730437569,37.34612460240332,36.313512947104975,37.05928622149724,22.067948004331495,1084200,25.522436
5687,2002-09-24,36.71508469725414,37.17402384028176,36.049623506469615,36.15288311383426,21.52820808043094,951500,26.437712
5688,2002-09-25,36.37087892346962,37.63295873376796,36.14141218498343,37.44938420976796,22.300244937414366,826600,26.948
5689,2002-09-26,37.46085797164641,38.264001471944745,37.231389816646406,38.172214209944755,22.730676739972374,834800,26.324315999999996
5690,2002-09-27,38.18368655530939,38.367261079309394,37.1854947691326,37.28875720952486,22.204603341331495,789000,26.462010999999997
5691,2002-09-30,37.28875720952486,37.80506374543094,36.428246316348066,37.4838040788895,22.320740475762435,998900,27.620281
5692,2002-10-01,37.51341582509652,39.197225481081084,37.28432737471043,39.05976958250965,23.259201384903477,1303900,26.097521
5693,2002-10-02,39.174317343127406,39.174317343127406,36.65433166135135,36.906328249691114,21.976870316525098,1419700,24.461365
5694,2002-10-03,37.020874596139,37.08960042416989,34.558161380501936,34.59252570868726,20.599053083397685,1811700,22.987202
5695,2002-10-04,34.741433554980695,35.05070543779923,32.20999309714285,32.50780878972973,19.357656576486484,2834300,21.950429999999997
5696,2002-10-07,32.27872033934363,32.6796276023166,31.041637050579148,31.041637050579148,18.484580615907337,1479700,22.857605
5697,2002-10-08,31.22490922505791,32.9087160527027,31.22490922505791,32.32453661525096,19.24851942984556,1514600,22.201523
5698,2002-10-09,32.32453661525096,32.32453661525096,31.339452743166017,31.39672520930502,18.696023054478765,962100,23.424591
5699,2002-10-10,31.625813659691115,33.35543959158301,31.259269310733586,33.126351141196906,19.725979951158298,1793900,25.068848000000003
5700,2002-10-11,34.64979676065637,36.53978390073359,34.546706604440146,35.451609872432435,21.11060924061776,1425800,25.433338
5701,2002-10-14,35.451609872432435,36.48251284876448,35.222521422046334,35.967060653513514,21.417546328957528,771100,26.640207
5702,2002-10-15,36.94069116370656,38.07468571042471,36.70014793725869,37.67377844745174,22.43386497127413,1265300,26.194719
5703,2002-10-16,37.65087030949807,37.90286689783784,36.9177830257529,37.043782734092666,22.058718226911196,844800,26.713106
5704,2002-10-17,38.0861390723166,38.26941124679537,37.559234929343624,37.77687001783784,22.495256914285715,896500,27.028996999999997
5705,2002-10-18,37.77687001783784,38.383957593243245,37.34159842667954,38.22359355671814,22.761270754517373,911000,27.385386999999998
5706,2002-10-21,38.0861390723166,38.73904575196911,37.53632679138996,38.72758956173745,23.061380230656372,724300,27.417788
5707,2002-10-22,38.567229767722004,38.77341008015444,38.26941124679537,38.77341008015444,23.088665224401545,768100,27.579782
5708,2002-10-23,38.77341008015444,39.151406376833975,38.13195817656371,39.002497116370655,23.225087364787644,755300,27.053296999999997
5709,2002-10-24,39.231588395096516,39.44922489776062,38.20068541876448,38.25795788490347,22.781732378571423,554400,27.757978
5710,2002-10-25,38.30377416081082,39.38049624138996,38.02886660617761,39.2544965330502,23.375150587876448,587200,27.482585999999998
5711,2002-10-28,39.51794931162162,39.747040590347495,38.70468142378378,38.86504546030888,23.14323804023166,428000,27.174792999999998
5712,2002-10-29,38.830681132123544,38.945226064401545,38.00595846822394,38.42977386915058,22.88404191301158,414000,27.539284000000002
5713,2002-10-30,38.544318801428574,39.09413391069498,38.42977386915058,38.945226064401545,23.190983243861,372700,27.433987
5714,2002-10-31,39.403405793513514,39.46067684548262,38.69322664772201,38.796318218108105,23.10231479212355,644400,28.268265000000003
5715,2002-11-01,38.73904575196911,40.090672558841696,38.498501111351345,39.976129040733596,23.80486449138996,391200,28.106270000000002
5716,2002-11-04,40.090672558841696,40.308309061505796,39.47213303571428,39.747040590347495,23.668445179343628,635400,28.235867
5717,2002-11-05,39.51794931162162,40.20522031945946,39.47213303571428,39.93031276482625,23.777579497644787,549100,27.887575
5718,2002-11-06,40.216672267181465,40.216672267181465,38.842137322355214,39.43776870752895,23.48428349200772,660100,26.729305
5719,2002-11-07,39.403405793513514,39.41486056957529,37.67377844745174,37.79977815579151,22.50890648200772,752300,26.518711
5720,2002-11-08,37.79977815579151,38.326685127104255,37.2499630465251,37.501962463204634,22.331548365984556,544800,26.048923000000002
5721,2002-11-11,37.4790514969112,37.51341582509652,36.75742040339768,36.837602421660236,21.93594848258687,782200,26.486310999999997
5722,2002-11-12,36.837602421660236,37.8570506219305,36.79178331741313,37.456143358957526,22.304267614749033,517200,26.308117
5723,2002-11-13,36.94069116370656,38.0861390723166,36.65433166135135,37.20414677061776,22.154212876679534,639300,27.134295
5724,2002-11-14,37.605051205250966,38.383957593243245,37.605051205250966,38.37250281718147,22.849937792084944,635800,27.579782
5725,2002-11-15,38.1892306427027,39.048317634787644,37.937231226023165,39.002497116370655,23.225087364787644,572400,27.085695
5726,2002-11-18,39.2544965330502,39.2544965330502,38.120503400501924,38.30377416081082,22.809013129806953,447600,27.012797999999997
5727,2002-11-19,38.395410955135134,38.4183190930888,37.879958759884175,38.20068541876448,22.747633914324325,413800,27.782278
5728,2002-11-20,38.02886660617761,39.38049624138996,38.02886660617761,39.28886086123553,23.39561504027027,353300,28.227766
5729,2002-11-21,39.403405793513514,40.033401506872586,39.32322518942085,39.91885657459459,23.77076037046332,708200,28.357363
5730,2002-11-22,39.861584108455595,40.308309061505796,39.815765004208494,40.10212874907336,23.879890446254826,586400,28.357363
5731,2002-11-25,40.17085599127413,40.6290357203861,39.88449224640926,40.10212874907336,23.879890446254826,500700,28.146769
5732,2002-11-26,39.861584108455595,40.04485628293437,39.506495949729725,39.804313056486485,23.702545057760616,634300,28.454559000000003
5733,2002-11-27,39.815765004208494,40.39994444166023,39.76994872830115,40.23958040513514,23.961741184980692,627000,28.138668
5734,2002-11-29,40.251036595366784,40.26249137142857,39.76994872830115,39.79285686625482,23.69574007227799,162400,27.936173999999998
5735,2002-12-02,40.12192201877281,40.24819891613598,39.3183359647927,39.593851385771146,23.577217800099508,620300,27.490685
5736,2002-12-03,39.43313417497513,39.547930967860694,38.962461229767825,38.962461229767825,23.20124579575456,451100,27.344889000000002
5737,2002-12-04,38.962461229767825,39.30685586031509,38.6065879120398,38.755825018358216,23.07821309087894,573200,26.9156
5738,2002-12-05,39.1690988584743,39.1690988584743,38.11295475787728,38.147395071310115,22.715903828159206,344300,27.239592
5739,2002-12-06,37.71116385683251,38.87062181124378,37.71116385683251,38.6065879120398,22.989330153582088,472300,26.802202
5740,2002-12-09,38.3769929089718,38.583627703084574,37.952240381674955,37.98667644321725,22.62019235464345,497900,27.30439
5741,2002-12-10,38.05555565278607,38.76730512283582,38.02111675665009,38.698425913267,23.044016552504146,499100,27.069496
5742,2002-12-11,38.0785158617413,38.54918880694859,37.883359754809284,38.365511387197344,23.04401371791045,454300,26.721204999999998
5743,2002-12-12,38.331072491061356,38.45735080572139,37.71116385683251,37.87187965033168,22.747520886268656,460300,26.494411
5744,2002-12-13,37.53896512426202,37.952240381674955,37.36676922628524,37.55044522873963,22.554455292189058,434000,27.150494000000002
5745,2002-12-16,37.66524343892207,38.64102680817579,37.61932585560531,38.48030959737977,23.11297513069652,533100,27.045196999999998
5746,2002-12-17,38.34255259553897,38.698425913267,38.28515349044776,38.331072491061356,23.023339608772805,497200,26.777905
5747,2002-12-18,38.34255259553897,38.3769929089718,37.8030018580597,37.952240381674955,22.795782678573797,423000,26.567308
5748,2002-12-19,37.883359754809284,38.365511387197344,37.53896512426202,37.6537619171476,22.61650738283582,304800,27.028996999999997
5749,2002-12-20,37.49304754094528,38.45735080572139,37.49304754094528,38.30811228210613,23.009536554759535,679400,26.956099
5750,2002-12-23,38.29663217762852,38.30811228210613,37.952240381674955,38.20479417640132,22.94748304681592,261700,26.9237
5751,2002-12-24,38.18183396744611,38.20479417640132,37.89484127658375,38.15887517578773,22.91989819824212,190200,26.988498999999997
5752,2002-12-26,38.18183396744611,38.778783810016584,38.15887517578773,38.250714594311766,22.97505939160862,349500,26.802202
5753,2002-12-27,38.31959380388059,38.51474849351575,37.76856296192372,37.98667644321725,22.81647096067993,410200,27.069496
5754,2002-12-30,37.71116385683251,38.48030959737977,37.71116385683251,38.365511387197344,23.04401371791045,494400,27.020896999999998
5755,2002-12-31,38.48030959737977,38.48030959737977,37.71116385683251,38.29663217762852,23.00264282288557,420500,27.968573
5756,2003-01-02,38.63090671117777,39.602393841051196,38.27659743239406,39.46524195320308,23.70456422929004,741700,27.652681
5757,2003-01-03,39.46524195320308,39.46524195320308,38.81377542462301,39.01950043428179,23.436837388811227,417000,28.567957
5758,2003-01-06,39.145222762966426,40.368153139152454,39.145222762966426,40.31100675439186,24.21256439134838,708600,28.268265000000003
5759,2003-01-07,40.25386036963127,40.25386036963127,39.78526255449643,39.88812435379747,23.958565721375894,524300,27.960471999999996
5760,2003-01-08,39.7395443178426,39.9909889752119,39.27094509165108,39.45381098298294,23.69769802745185,348200,28.462659999999996
5761,2003-01-09,39.682397933082,40.16242671843698,39.65954022581178,40.16242671843698,24.123329166472214,503200,28.146769
5762,2003-01-10,39.945270738558065,40.1052803336764,39.55667560439736,39.716686610572374,23.855591037539906,392100,28.187267
5763,2003-01-13,39.945270738558065,40.15099574821685,39.63667969642818,39.77383158427629,23.889916402504127,344900,28.430262
5764,2003-01-14,39.65954022581178,40.15099574821685,39.63667969642818,40.11671130389654,24.09587141440286,411100,28.025270000000003
5765,2003-01-15,40.11671130389654,40.15099574821685,39.293802798921305,39.54524463417722,23.752613531590537,436100,27.701280999999998
5766,2003-01-16,39.62525154832142,39.8766962056907,38.95092449035774,39.08807778926252,23.478026133500276,602300,27.68508
5767,2003-01-17,39.08807778926252,39.419525127605944,38.63090671117777,39.06521725987893,23.464283852427076,410600,27.263890999999997
5768,2003-01-21,39.259515532487626,39.33951962451844,38.470895705002754,38.470895705002754,23.107316142845352,516900,26.9723
5769,2003-01-22,38.3451733763181,38.53947164892681,38.013724626918,38.05944427462851,22.86017379731426,491000,27.288190999999998
5770,2003-01-23,38.23088201785361,38.68805309593837,38.12801739643918,38.50518438249313,23.1279076930765,385000,26.567308
5771,2003-01-24,38.2880284026142,38.3451733763181,37.43083263120528,37.4879776049092,22.5169300250688,803700,26.283817
5772,2003-01-27,37.4879776049092,37.693706847738035,37.04223749704458,37.08795573369841,22.276663758772706,497100,26.567308
5773,2003-01-28,37.3165398616841,37.4879776049092,36.93937569774354,37.4879776049092,22.5169300250688,549600,26.713106
5774,2003-01-29,37.259393476923506,37.91086141656027,36.927946138580076,37.693706847738035,22.640499081249317,540200,26.113722
5775,2003-01-30,37.54512681178317,37.762279969548715,36.756506984298305,36.84794204654926,22.13249327496423,457400,26.551109000000004
5776,2003-01-31,36.607926948343426,37.68227728857458,36.607926948343426,37.46511989763898,22.50320608773253,879800,26.575409000000004
5777,2003-02-03,37.246711036597496,37.59830703216276,37.087923489781545,37.212684533593674,22.351578540786456,564000,26.17042
5778,2003-02-04,37.212684533593674,37.212684533593674,36.52083050932824,36.64559155314036,22.010942439830696,601400,26.008423
5779,2003-02-05,36.861087137760784,37.292076906734025,36.316677092375755,36.41875240058438,21.874709003462588,388400,25.984125
5780,2003-02-06,36.36204296251229,36.80437769968869,36.02178913461496,36.38472869811579,21.85427349791371,624000,25.676332000000002
5781,2003-02-07,36.57753854713272,36.861087137760784,35.87434515573457,35.953736128607325,21.595390621294378,521100,26.057022
5782,2003-02-10,36.11252367542326,36.48680400632442,35.7382405439869,36.48680400632442,21.91558141482797,401300,25.652033
5783,2003-02-11,36.57753854713272,36.70229959094484,35.749584111922445,35.91971102587111,21.574957916280724,454900,25.222744
5784,2003-02-12,35.93105319353905,36.16923311349536,35.30724797447843,35.31859154241398,21.213910114325508,564400,25.263243
5785,2003-02-13,35.15980399559803,35.545430694969966,34.94431121151283,35.375300980486074,21.24797022375205,668400,25.627733
5786,2003-02-14,35.375300980486074,35.88568452286729,35.08041302272529,35.88568452286729,21.55452521126707,723100,25.822128
5787,2003-02-18,35.93105319353905,36.259967654303665,35.93105319353905,36.157889545559804,21.71801765726379,494200,25.716831
5788,2003-02-19,36.14655017842709,36.157889545559804,35.69287467385036,36.01044556667941,21.629453531256146,547000,25.546736
5789,2003-02-20,36.20325821623157,36.20325821623157,35.760923479055165,35.77226704699072,21.48640779294921,391600,25.951725
5790,2003-02-21,35.942393960939384,36.532172676996176,35.57945439743856,36.339360027444016,21.82701728882032,580100,25.336142000000002
5791,2003-02-24,36.35070359537958,36.35070359537958,35.43200901829055,35.477379089229935,21.309278140666304,421700,25.846428
5792,2003-02-25,35.48871845636264,36.271308421703985,35.14846462846533,36.19191604856363,21.73845176254506,642900,25.433338
5793,2003-02-26,36.214598983631895,36.23728471923539,35.51140419196614,35.61347950017477,21.391015962058983,543300,26.089422
5794,2003-02-27,35.86300158779902,36.55485561206445,35.64750600317859,36.532172676996176,21.942833423118515,725400,26.227118
5795,2003-02-28,36.47546323892409,37.110606424849806,36.46412107125615,36.72498392628073,22.058643956346263,628400,25.846428
5796,2003-03-03,36.78752468760587,37.09192746912053,35.97578625674267,35.97578625674267,21.608634732475576,399000,25.465738
5797,2003-03-04,35.98706069159609,35.99833373454398,35.4459017376873,35.4459017376873,21.29036857180782,405100,26.097521
5798,2003-03-05,35.51354834680782,36.32528399385994,35.40080399827362,36.32528399385994,21.818564709446257,594500,25.976025
5799,2003-03-06,36.13362556087948,36.37038173327362,35.87431773496743,36.156173038680784,21.716983443322476,858600,26.032722
5800,2003-03-07,35.70520677978828,36.438026950488606,35.70520677978828,36.235089906938114,21.764387570211728,568200,25.133646
5801,2003-03-10,36.099802256319215,36.235089906938114,34.94983773938111,34.98366104394137,21.01272795806189,453200,24.842054
5802,2003-03-11,34.82582452361564,35.242967477947886,34.54397061180782,34.577792524462545,20.768949622231272,593800,24.696259
5803,2003-03-12,34.250843657052116,34.408681569283395,33.63076644298046,34.37485965662867,20.85100384557003,957900,25.328041
5804,2003-03-13,34.89346834892509,35.25424052089576,34.442502090032576,35.25424052089576,21.38443076421824,672100,25.352341
5805,2003-03-14,35.32188573811075,35.58119078021173,34.961113566140064,35.28806382545603,21.404930748973943,665600,26.024624
5806,2003-03-17,35.28806382545603,36.22381825589577,34.83709756656352,36.22381825589577,21.972542867622153,984700,25.822128
5807,2003-03-18,36.30273651605864,36.483121906091206,35.68265930198697,35.941962952182415,21.80157371855049,914400,26.12182
5808,2003-03-19,36.07725477851792,36.359105906514664,35.95323877894137,36.359105906514664,22.054609618110753,649300,26.372913
5809,2003-03-20,36.24636573369707,36.90026625232899,35.79539947480456,36.708603643631925,22.26660935861564,748200,27.085695
5810,2003-03-21,36.90026625232899,37.70072885643323,36.663508688029324,37.70072885643323,22.86840528535831,952800,26.437712
5811,2003-03-24,37.486520161840396,37.497794596693815,36.58459042786645,36.79879773055375,22.32132098957655,1010200,26.551109000000004
5812,2003-03-25,36.708603643631925,37.10319912016287,36.62968677537459,36.95663564278503,22.41705764434854,758900,26.372913
5813,2003-03-26,36.84389546996743,36.93408816498371,36.562040166254064,36.708603643631925,22.26660935861564,638600,26.389114000000003
5814,2003-03-27,36.708603643631925,36.95663564278503,36.33655842871336,36.731153905244305,22.2802820467101,590800,26.429613
5815,2003-03-28,36.61841373242672,36.83261964320847,36.32528399385994,36.78752468760587,22.314476990048863,387400,26.243319
5816,2003-03-31,36.78752468760587,36.821347992166125,36.21254242913682,36.528221037410425,22.15719584003258,678700,26.624008
5817,2003-04-01,36.84498804159957,37.18394601705114,36.506027276278566,37.13875292226333,22.52751904970076,969000,27.182894
5818,2003-04-02,37.81667305797062,38.065244843846564,37.44381816902612,37.91836240351469,23.000415866294883,783900,26.486310999999997
5819,2003-04-03,37.99745241179542,37.99745241179542,36.890181136387376,36.9466745972742,22.4110099177802,837000,26.599709000000004
5820,2003-04-04,37.00316805816104,37.29693572869423,36.87888216522307,37.10485740370512,22.506960501920563,670200,26.14612
5821,2003-04-07,37.34212882348204,37.64719407024482,36.44953381539173,36.472130362785634,22.123169324836777,1055300,26.178520000000002
5822,2003-04-08,36.55122037106637,36.67550626400435,36.302651375059845,36.51732624744288,22.150579791920567,567500,25.571035000000002
5823,2003-04-09,36.70940317749727,36.73199972489118,35.61343226818825,35.669924334140376,21.63656308989663,705900,26.105621
5824,2003-04-10,35.83940471680087,36.460831391621326,35.7038212476333,36.4156369018988,22.088898568841127,674700,26.162319
5825,2003-04-11,36.60771662182263,37.00316805816104,36.313947556354734,36.494726910179544,22.136868978639825,573900,26.664507
5826,2003-04-14,36.66420868777475,37.217842930544066,36.66420868777475,37.19524638315016,22.56179120063112,542600,27.158594
5827,2003-04-15,37.19524638315016,37.91836240351469,37.025767395424374,37.88446549002176,22.979857318514686,621700,26.470112
5828,2003-04-16,37.89576306625136,38.121738304733405,36.84498804159957,36.9240780498803,22.39730886904244,450800,26.721204999999998
5829,2003-04-17,36.86758458899347,37.28563536259521,36.83368767550054,37.27433639143089,22.609764400299238,433500,26.761703000000004
5830,2003-04-21,37.28563536259521,37.6019981855876,37.059660124113165,37.33082845738303,22.644033761360173,475400,27.417788
5831,2003-04-22,37.17264983575625,38.268620745065284,36.9014815024864,38.24602419767138,23.199167558944502,806400,27.417788
5832,2003-04-23,37.90706203741566,38.291217292459194,37.760179597083784,38.24602419767138,23.199167558944502,648500,27.231491
5833,2003-04-24,38.13303727589771,38.21212728417845,37.760179597083784,37.98615204569641,23.04153854159412,557000,27.020896999999998
5834,2003-04-25,37.98615204569641,38.18953073678455,37.65849025153971,37.692387165032635,22.863344001789986,601900,27.409686999999998
5835,2003-04-28,37.737583049689874,38.2799197162296,37.70368613619695,38.23472383157235,23.192311454836776,561200,27.344889000000002
5836,2003-04-29,38.34771075334603,38.34771075334603,37.80537548174103,38.144334852127315,23.13749191560392,755800,27.30439
5837,2003-04-30,38.13303727589771,38.21212728417845,37.65849025153971,38.087841391240474,23.103219764673554,1662300,27.190991999999998
5838,2003-05-01,38.02562125661035,38.17274383172207,37.15420045510627,37.991668925820164,23.044887436234333,572800,27.498784999999998
5839,2003-05-02,37.991668925820164,38.47830782275749,37.84454635070845,38.421722001989096,23.305740538986374,826000,27.199092999999998
5840,2003-05-05,38.45567433277929,38.47830782275749,37.91245101228883,38.00298776663215,23.051746365940055,691600,27.320589000000002
5841,2003-05-06,38.048254746588555,38.19538011613079,37.77664588077384,38.17274383172207,23.154715541656678,750700,27.239592
5842,2003-05-07,38.08220707737875,38.17274383172207,37.73137610638692,38.05957358740054,23.086066164343325,598900,26.9723
5843,2003-05-08,37.85586519152044,38.11615801095368,37.53898375688829,37.68610912643052,22.859535654425066,482200,27.158594
5844,2003-05-09,37.69742377559673,37.94640194586376,37.380545135395096,37.94640194586376,23.017426567536784,463900,27.271991999999997
5845,2003-05-12,37.83323170154223,38.22932965249046,37.572934690463214,38.10484336178747,23.113525635825617,407600,27.263890999999997
5846,2003-05-13,38.09352452097548,38.25196593689918,37.901132171476846,38.09352452097548,23.106666706119892,358000,27.239592
5847,2003-05-14,38.206696162512266,38.240647096087194,37.93508450226704,38.05957358740054,23.086066164343325,361800,27.498784999999998
5848,2003-05-15,38.25196593689918,38.44435549196731,38.070891030997274,38.421722001989096,23.305740538986374,660500,27.458285999999998
5849,2003-05-16,38.365136181220706,38.48962526635423,38.11615801095368,38.365136181220706,23.271412357291556,595000,26.899401
5850,2003-05-19,38.17274383172207,38.206696162512266,37.51634886969482,37.58425353127521,22.79775079567848,449300,27.158594
5851,2003-05-20,37.60688702125341,38.05957358740054,37.572934690463214,37.94640194586376,23.017426567536784,601900,27.30439
5852,2003-05-21,38.05957358740054,38.34250269124251,37.901132171476846,38.150110341743876,23.140990696168938,510100,27.037097999999997
5853,2003-05-22,38.16142778534061,38.19538011613079,37.550301200485016,37.77664588077384,22.914451802959128,493200,27.174792999999998
5854,2003-05-23,37.68610912643052,37.991668925820164,37.58425353127521,37.96903543584196,23.031154207455042,245900,27.733679
5855,2003-05-27,37.79927937075204,38.74991948300272,37.58425353127521,38.74991948300272,23.504811577422345,595300,27.806578000000002
5856,2003-05-28,38.76123692659945,38.99889765326976,38.55752713350409,38.85177507815804,23.566599230599458,631600,27.604082000000002
5857,2003-05-29,38.86308972732426,38.98757881245776,38.297232916855585,38.56884457710082,23.394987663645775,612200,28.381662
5858,2003-05-30,38.58016341791281,39.74582936964033,38.58016341791281,39.65529121808174,24.054001007068123,743800,28.324963
5859,2003-06-02,39.56689676057704,39.97387277617855,39.47645857646163,39.532982790457275,23.97980496659772,763800,28.527458000000003
5860,2003-06-03,39.41993436246598,39.83821270861731,39.40863203191617,39.8156038604355,24.151238068775182,645900,29.086344
5861,2003-06-04,39.668641462324445,40.618246582618404,39.64603261414263,40.595637734436586,24.62438394006533,648500,29.159243
5862,2003-06-05,40.60694285637452,40.75390525448557,40.346930634578115,40.697382436184,24.68610432307023,784900,29.118741999999997
5863,2003-06-06,40.86695368247687,41.194793844512795,40.50519815462712,40.64085543080022,24.651814911246603,776300,28.632755
5864,2003-06-09,40.58433121680458,40.75390525448557,39.83821270861731,39.962566258546545,24.24037965310289,460200,28.867649
5865,2003-06-10,40.21127335840501,40.29040642058248,39.84951922624933,40.29040642058248,24.439247913543827,337000,28.916248
5866,2003-06-11,40.233882206586834,40.358235756516066,39.73647079825803,40.358235756516066,24.688193677087646,407100,28.835251
5867,2003-06-12,40.39215112232989,40.39215112232989,39.88343319636909,40.24518872421884,24.61904401456723,463400,28.665155
5868,2003-06-13,40.358235756516066,40.38084460469788,39.72516567632009,40.007786746298315,24.473822046956997,414400,29.143041999999998
5869,2003-06-16,40.15474914440937,40.79912434654329,40.07561468653785,40.67477079661405,24.881833667555803,434000,28.778551
5870,2003-06-17,40.67477079661405,40.67477079661405,40.1095286566576,40.166052870653246,24.570639948649976,434800,28.891949
5871,2003-06-18,40.12083517428961,40.50519815462712,39.92865228842678,40.324321786396304,24.66745087187262,541200,28.292564000000002
5872,2003-06-19,40.4147599705117,40.43736881869353,39.329496178350574,39.48776369839957,24.155715455340232,443000,28.316864000000002
5873,2003-06-20,39.73647079825803,39.951263927996735,39.39732551428416,39.521679064213394,24.176466634719656,895000,27.855175
5874,2003-06-23,39.46515485021775,39.532982790457275,38.74164519021231,38.87730246638541,23.78227098968427,309000,27.944273
5875,2003-06-24,38.87730246638541,39.25036311617311,38.82077825238977,39.00165601631465,23.858337711997823,396500,27.814676000000002
5876,2003-06-25,39.02426486449646,39.453849728279806,38.82077825238977,38.82077825238977,23.74769964765923,464500,27.895676
5877,2003-06-26,38.843389891959724,38.967740650500815,38.2668440257594,38.933829471769194,23.81685210156778,674300,27.587883
5878,2003-06-27,38.82077825238977,38.8546936182036,38.436415272052265,38.504244607985854,23.55406803135547,612300,27.361088
5879,2003-06-30,38.4477203939902,38.80947592183996,38.187708172193794,38.187708172193794,23.36043083227545,710000,27.757978
5880,2003-07-01,38.146177222577485,38.77855880893964,37.60413825285482,38.69951180773246,23.673513105122353,701100,27.790377000000003
5881,2003-07-02,38.82373011725938,38.99311834092985,38.50753792990212,38.74468172187603,23.701152647944532,466100,27.636482
5882,2003-07-03,38.74468172187603,39.015702600913535,38.417198101615014,38.53012497823817,23.56990071957586,326900,28.098169
5883,2003-07-07,38.90277711846656,39.34318622117455,38.76726877021208,39.173797997504074,23.963648139624794,316300,28.284464
5884,2003-07-08,38.959239859690044,39.45611309779772,38.9479484267863,39.43352604946167,24.122536822463292,401600,28.373562
5885,2003-07-09,39.48998879068515,39.738425409738994,39.35447904825448,39.55774435898858,24.19852221277324,898900,27.992872
5886,2003-07-10,39.12862947753671,39.41094178947798,38.733390288972274,39.02699542799347,23.873845069168027,449600,28.292564000000002
5887,2003-07-11,39.19638225748776,39.56903718606851,39.1850922187602,39.4448188765416,24.129444965448617,505100,28.916248
5888,2003-07-14,39.77230249680262,40.65312209639478,39.61420710021208,40.314344254877646,24.661344091794454,833400,28.956746999999996
5889,2003-07-15,40.314344254877646,40.67570635637846,40.19012594535074,40.37080699610114,24.69588759507341,954800,29.143041999999998
5890,2003-07-16,40.314344254877646,40.630535048058725,40.111078944143564,40.630535048058725,24.854773489559545,916900,29.134943
5891,2003-07-17,40.37080699610114,40.65312209639478,40.20142016660685,40.61924361515498,24.84786952910277,753700,29.264540000000004
5892,2003-07-18,40.90155592709625,40.90155592709625,40.48373247854812,40.799924665905394,24.9583886634584,599300,29.167340999999997
5893,2003-07-21,40.65312209639478,40.93543301415986,40.495025305628054,40.66441213512235,24.875496524339315,721600,29.394136
5894,2003-07-22,40.67570635637846,41.0935298049266,40.51760956561174,40.98060432247961,25.068920345399672,645500,29.475134000000004
5895,2003-07-23,41.10481984365416,41.1838696332137,40.69829061636215,41.0935298049266,25.138003169429037,585000,29.18354
5896,2003-07-24,41.1274082861664,41.50006042639478,40.686996395106036,40.686996395106036,24.889314204486134,841300,29.677628000000002
5897,2003-07-25,40.686996395106036,41.38713494394781,40.686996395106036,41.375842116867865,25.310692802300164,806600,29.475134000000004
5898,2003-07-28,41.47747477223491,41.47747477223491,40.878971667112566,41.0935298049266,25.138003169429037,655300,29.321238
5899,2003-07-29,41.21774811445351,41.285500894404564,40.65312209639478,40.878971667112566,25.006740087650897,452300,29.280739
5900,2003-07-30,40.93543301415986,41.04835849660685,40.585365133915175,40.82250892588907,24.972197978548127,595000,29.240240000000004
5901,2003-07-31,41.364550683964104,41.45489051225122,40.65312209639478,40.76604618466558,24.93765726362153,926400,28.786652
5902,2003-08-01,40.40896751200433,40.498966162118094,39.76773251189057,39.981478437854825,24.45771893255688,733900,28.908147999999997
5903,2003-08-04,39.835232541143014,40.26272161529252,39.340243437741066,40.15022295542795,24.560952310628387,669000,28.381662
5904,2003-08-05,39.92522980236729,40.16147296030336,39.362744836381374,39.418992082979415,24.11364378344529,551000,28.632755
5905,2003-08-06,39.37399206347779,39.99272844273023,39.22774616676599,39.76773251189057,24.32697026478332,672800,28.802851
5906,2003-08-07,39.88022978286567,40.01522706359155,39.430240698965335,40.003977058716146,24.471492549637052,704800,28.778551
5907,2003-08-08,40.03772568445287,40.082725703954495,39.76773251189057,39.970227044089924,24.45084809624594,443300,28.543657
5908,2003-08-11,39.90273118150596,40.17272435406826,39.553987974815826,39.64398523604009,24.25126745419827,491700,28.835251
5909,2003-08-12,39.655236629804996,40.04897707821777,39.50899073309318,40.04897707821777,24.499016172676058,367900,28.681355
5910,2003-08-13,40.071475699079095,40.071475699079095,39.59898799431745,39.835232541143014,24.368264727123513,474300,29.102543
5911,2003-08-14,39.835232541143014,40.42021612799025,39.74523389102925,40.42021612799025,24.726107937757313,353400,28.997246
5912,2003-08-15,40.42021612799025,40.42021612799025,40.071475699079095,40.27397023127845,24.63664956565547,226500,29.143041999999998
5913,2003-08-18,40.27397023127845,40.588963423342356,40.26272161529252,40.47646476347779,24.760524619339115,300900,28.786652
5914,2003-08-19,40.47646476347779,40.47646476347779,39.666486634680396,39.981478437854825,24.45771893255688,661700,28.85145
5915,2003-08-20,39.91397840860239,40.071475699079095,39.70023387152763,40.071475699079095,24.512775900861325,518600,28.657055
5916,2003-08-21,40.071475699079095,40.19522297492958,39.74523389102925,39.80148252651679,24.347620273732396,522700,28.211567
5917,2003-08-22,39.7902311327519,39.94772842322861,39.01400162969123,39.182748925043335,23.96912010970206,469000,28.300665000000002
5918,2003-08-25,39.26149618139221,39.351493442616466,38.92400297957747,39.30649620089383,24.044818753618635,349100,28.389761
5919,2003-08-26,39.08150027005417,39.56523797969123,38.777757082865655,39.430240698965335,24.120518786424707,484700,28.292564000000002
5920,2003-08-27,39.37399206347779,39.430240698965335,39.160250304182014,39.29524480712893,24.037946528418207,294600,28.430262
5921,2003-08-28,39.25024756540628,39.553987974815826,38.98025439284399,39.48649211223185,24.15492991244854,333500,28.559858000000002
5922,2003-08-29,39.317744816879745,39.666486634680396,39.20524754590466,39.666486634680396,24.26504246016793,386900,28.810951
5923,2003-09-02,39.818308136760265,39.9528680612851,39.39220263202485,39.88558809902268,24.399079214319656,776500,28.891949
5924,2003-09-03,39.896800272408214,40.12106727474622,39.717387501171714,39.997720907996765,24.467660503039962,485000,28.997246
5925,2003-09-04,39.919228772348816,40.15470656368251,39.818308136760265,40.14349300590713,24.55683320637149,421800,28.972946000000004
5926,2003-09-05,39.80709319459503,40.23319869933046,39.80709319459503,40.109852332581006,24.536258404438446,394000,29.191640999999997
5927,2003-09-08,39.9304395613445,40.42382502834233,39.9304395613445,40.41261147056695,24.72146207841253,416600,28.891949
5928,2003-09-09,40.30047866159288,40.30047866159288,39.8519488100864,39.997720907996765,24.467660503039962,357400,28.033371000000002
5929,2003-09-10,39.997720907996765,39.997720907996765,38.77547356705724,38.80911424038338,23.740566494935205,824900,28.057671000000003
5930,2003-09-11,38.663342142473006,38.97731206945465,38.663342142473006,38.84275491370951,23.982876250172787,550300,28.025270000000003
5931,2003-09-12,38.84275491370951,38.93246060713283,38.39422367781317,38.79789929821815,23.955184300027,626900,27.936173999999998
5932,2003-09-15,38.80911424038338,38.80911424038338,38.40543723558855,38.674555700248376,23.8790220924946,464400,28.211567
5933,2003-09-16,38.685767873633914,39.0782327050432,38.685767873633914,39.05580697388229,24.114423742386613,411600,27.976672999999998
5934,2003-09-17,39.05580697388229,39.067019147267814,38.685767873633914,38.73062210473542,23.91364706700324,331400,28.405962
5935,2003-09-18,38.8763942026458,39.35856611186825,38.85396847148488,39.324925438542124,24.280578212041032,753500,28.349262
5936,2003-09-19,39.13429910953025,39.268859034055076,39.089447647208424,39.246430534114474,24.23211902977322,503300,28.081970000000002
5937,2003-09-22,39.13429910953025,39.13429910953025,38.62970146914687,38.8763942026458,24.003654557413608,519700,28.243965000000003
5938,2003-09-23,39.0782327050432,39.246430534114474,38.99974056939524,39.10065843620411,24.14211430814255,840800,28.081970000000002
5939,2003-09-24,39.15672484069115,39.15672484069115,38.685767873633914,38.8763942026458,24.003654557413608,702200,27.919973
5940,2003-09-25,38.93246060713283,39.12308693614471,38.64091641131209,38.652127200307774,23.865179578396333,912200,27.782278
5941,2003-09-26,38.62970146914687,38.62970146914687,38.349372215491364,38.461503640075605,23.747478753450327,1070100,27.855175
5942,2003-09-29,38.40543723558855,38.64091641131209,38.29330304222462,38.56242150688445,23.809787371765662,772600,27.741778999999998
5943,2003-09-30,38.551209333498925,38.77547356705724,38.25966513767819,38.40543723558855,23.712867622840175,754000,28.559858000000002
5944,2003-10-01,38.503083644010815,39.58072125817298,38.446956627194595,39.58072125817298,24.438528278594596,716800,28.527458000000003
5945,2003-10-02,39.64807256964325,39.64807256964325,39.221509182081085,39.535818536010815,24.41079391822703,415800,28.543657
5946,2003-10-03,39.535818536010815,40.06341166255135,39.43478879703244,39.55826851120541,24.424663870183785,568100,28.948646999999998
5947,2003-10-06,39.62562259444865,40.119538679367565,39.58072125817298,40.119538679367565,24.77120894378919,331900,29.272638
5948,2003-10-07,40.018511712162166,40.568553428010816,39.91748197318379,40.568553428010816,25.048448605978383,819100,29.264540000000004
5949,2003-10-08,40.52365347762163,40.557330519243244,40.29914402447027,40.557330519243244,25.04152194531892,486300,29.377934999999997
5950,2003-10-09,40.557330519243244,40.95021686518378,40.54610345281622,40.71448311737837,25.13855063001081,613500,29.353638
5951,2003-10-10,40.69203314218378,40.9053169147946,40.489976436000006,40.68081023341622,25.117754017394596,328000,29.556131
5952,2003-10-13,40.9053169147946,40.97266961215135,40.80428717581622,40.96144254572433,25.29103556245946,318400,29.685728000000005
5953,2003-10-14,40.96144254572433,41.141049276713524,40.80428717581622,41.141049276713524,25.4019244979027,457500,29.442734
5954,2003-10-15,41.08492225989729,41.141049276713524,40.75938722542703,40.80428717581622,25.19399440478919,434500,29.580431
5955,2003-10-16,40.81551285635676,41.08492225989729,40.748160159,40.99511958734595,25.311822473870272,597100,29.572329999999997
5956,2003-10-17,40.97266961215135,41.02879662896757,40.77061290596757,40.983892520918914,25.304888883778382,718400,29.345537
5957,2003-10-20,40.97266961215135,40.99511958734595,40.38894808290811,40.66958316698919,25.11082874262162,632100,29.215940000000003
5958,2003-10-21,40.57978049443784,40.59100617497838,40.29914402447027,40.489976436000006,24.99993149185946,496300,28.932446999999996
5959,2003-10-22,40.32159677143784,40.355271041286485,39.91748197318379,40.09708731828648,24.757347307151353,392400,29.110643
5960,2003-10-23,40.018511712162166,40.38894808290811,39.88380493156216,40.34404674663243,24.90982946782703,393000,28.956746999999996
5961,2003-10-24,40.34404674663243,40.34404674663243,39.86135495636758,40.130764359908106,24.77813976210811,448000,29.572329999999997
5962,2003-10-27,40.130764359908106,41.09614932632432,40.130764359908106,40.983892520918914,25.304888883778382,621100,29.791025
5963,2003-10-28,40.983892520918914,41.37678302451892,40.78183720062162,41.28697896608108,25.492023750162165,473300,29.580431
5964,2003-10-29,41.28697896608108,41.28697896608108,40.82673992278378,40.99511958734595,25.311822473870272,744700,29.791025
5965,2003-10-30,41.197176293529736,41.42168574668108,40.983892520918914,41.28697896608108,25.492023750162165,503000,29.766726000000002
5966,2003-10-31,41.28697896608108,41.365555958091896,41.05124660416216,41.25330331034595,25.471231295205406,530600,30.155516
5967,2003-11-03,41.36510088029269,41.90537990094309,41.308821757739835,41.90537990094309,25.8738523782439,515300,30.212215000000004
5968,2003-11-04,41.70277561560976,42.029194248487805,41.60147208330082,41.98417122837399,25.922499585414634,439800,30.163615999999998
5969,2003-11-05,41.98417122837399,41.98417122837399,41.43263610528455,41.916636003382116,25.880796420699188,593800,30.390409000000002
5970,2003-11-06,41.927890716178865,42.23179714417887,41.669007308292684,42.23179714417887,26.075388028666666,359200,30.544306
5971,2003-11-07,42.23179714417887,42.65951930936586,42.153008596032514,42.4456589215935,26.20744295491057,581000,30.503807000000002
5972,2003-11-10,42.43440142951219,42.558215777056915,42.29933375881301,42.389379799040654,26.17268661193496,558900,30.293213
5973,2003-11-11,42.153008596032514,42.29933375881301,41.567703775983745,42.096729473479684,25.991994206016262,338400,30.657703
5974,2003-11-12,42.20928632894309,42.61449489960976,42.051705063723574,42.60324018681301,26.3047276417561,366400,30.617205
5975,2003-11-13,42.54696245390244,42.58072659229269,42.20928632894309,42.54696245390244,26.269987974487805,331100,30.536205
5976,2003-11-14,42.53570496182114,42.637008494130086,42.17551941126829,42.43440142951219,26.20049057460163,355100,30.285111999999998
5977,2003-11-17,42.37812369660163,42.37812369660163,41.7928216558374,42.08547198139837,25.98504460499187,313500,29.823425
5978,2003-11-18,42.08547198139837,42.08547198139837,41.43263610528455,41.44389220772358,25.58890345017886,446500,29.807223999999998
5979,2003-11-19,41.55645045282927,41.669007308292684,41.38761447481301,41.42137861320325,25.575009806699185,525100,29.499434
5980,2003-11-20,41.230031819951215,41.54519296074797,40.914867899869925,40.99366061694309,25.310919409203255,593100,29.499434
5981,2003-11-21,40.98240312486179,41.19626351263415,40.90361318707316,40.99366061694309,25.310919409203255,503000,29.782927
5982,2003-11-24,41.13998577972358,41.59021737050406,41.13998577972358,41.38761447481301,25.554155445056914,364400,29.847723
5983,2003-11-25,41.308821757739835,41.55645045282927,41.19626351263415,41.4776577357561,25.60975781182114,640800,30.050219
5984,2003-11-26,41.646496493056915,41.759054738162604,41.308821757739835,41.759054738162604,25.783500616715447,355100,30.058319
5985,2003-11-28,41.759054738162604,41.81533247107317,41.669007308292684,41.77031084060163,25.790455776308946,118300,30.236513000000002
5986,2003-12-01,41.72549569001085,42.063534083326104,41.72549569001085,42.063534083326104,25.97150038679869,454200,30.00972
5987,2003-12-02,41.917050130352685,41.962123400021696,41.63535054182311,41.74803093369506,25.77670456626153,749800,30.131216
5988,2003-12-03,41.57901173703743,42.08607210931091,41.4888665888497,41.917050130352685,25.881056141296796,700300,29.807223999999998
5989,2003-12-04,41.77056617737928,41.804371129631036,41.26350441395551,41.466328562864895,25.602763479848075,490800,29.450834000000004
5990,2003-12-05,40.564889601340205,41.30857907477481,40.564889601340205,40.970536508008685,25.296639465529033,796900,30.187915999999998
5991,2003-12-08,41.240969170271285,42.07480379189365,41.12829016954964,41.99592835227346,25.929756139793813,913400,29.872023
5992,2003-12-09,42.17621725749864,42.17621725749864,41.40998975807922,41.556473711052625,25.658419229837218,506500,29.556131
5993,2003-12-10,41.52266875880086,41.556473711052625,40.90292799465545,41.1170204609821,25.387094840233313,417500,30.082619
5994,2003-12-11,41.28604104879002,41.849444399300054,41.28604104879002,41.849444399300054,25.839307720841017,418600,30.050219
5995,2003-12-12,41.804371129631036,41.86070993441671,41.63535054182311,41.804371129631036,25.811480541421595,412700,29.515633
5996,2003-12-15,41.804371129631036,41.97339032628866,41.060681656196415,41.060681656196415,25.352295215518172,666500,29.742426000000002
5997,2003-12-16,41.12829016954964,41.52266875880086,41.1170204609821,41.37618480582746,25.54710355640803,597700,29.321238
5998,2003-12-17,41.07194997361368,41.10575214356484,40.41840564836679,40.79024899393381,25.4067323178459,605200,29.645228999999997
5999,2003-12-18,40.846587798719476,41.25223887883885,40.700103845746064,41.240969170271285,25.687470621519264,406300,29.596629999999998
6000,2003-12-19,41.443793319180685,41.443793319180685,40.846587798719476,41.17336065691807,25.645368848887685,589000,29.863924
6001,2003-12-22,41.962123400021696,41.962123400021696,41.3649178795605,41.54520678478568,25.87696198596853,477500,29.855824
6002,2003-12-23,41.69169073775909,41.7142259814433,41.22970085285404,41.53393846736842,25.869958935366256,369000,29.580431
6003,2003-12-24,41.398722831812265,41.40998975807922,41.12829016954964,41.15082541323386,25.631325186625062,165100,29.637128999999998
6004,2003-12-26,41.240969170271285,41.398722831812265,41.207165609169834,41.22970085285404,25.680449485963106,107500,29.969221
6005,2003-12-29,41.29730936620727,41.74803093369506,41.29730936620727,41.69169073775909,25.968214489793812,462100,30.066418
6006,2003-12-30,41.52266875880086,41.849444399300054,41.50013351511666,41.826906373315246,26.052431946559956,511000,30.131216
6007,2003-12-31,41.826906373315246,41.97339032628866,41.7142259814433,41.917050130352685,26.10858016375475,493200,29.693828999999997
6008,2004-01-02,41.713349562764584,41.9376165651026,40.995699862208426,41.1078354399622,25.60454498151188,975500,30.01782
6009,2004-01-05,41.332099673520524,41.59000319601512,40.98448907321275,41.55636529146869,25.8839273125108,1033800,29.969221
6010,2004-01-06,41.61243169595573,41.61243169595573,41.05176903547517,41.48908532920627,25.842019063007562,788600,29.936821000000002
6011,2004-01-07,41.48908532920627,41.52272600253241,41.26481832686825,41.44423109810476,25.814083460248384,1008700,29.872023
6012,2004-01-08,41.48908532920627,41.61243169595573,41.28724682680886,41.354525404681425,25.75820394839093,567900,29.920621999999998
6013,2004-01-09,41.354525404681425,41.713349562764584,41.26481832686825,41.42180536694385,25.800101122775384,727400,29.685728000000005
6014,2004-01-12,41.37695390462203,52.332311898077755,40.9284226687257,41.09662049779699,25.59756073472463,669400,29.410335999999997
6015,2004-01-13,41.040554093309936,41.19754113338553,40.33411933491901,40.71537060855292,25.360093575178187,597900,29.402234999999997
6016,2004-01-14,40.59202424180346,40.9284226687257,40.58080929963823,40.70415566638769,25.35310517522138,348100,29.758627
6017,2004-01-15,41.48908532920627,41.62364386934125,40.76022207087473,41.19754113338553,25.66042034019979,883100,29.718128000000004
6018,2004-01-16,41.19754113338553,41.455444655880136,40.77143562865012,41.141474728898494,25.62550325943305,532900,29.758627
6019,2004-01-20,40.939633457721385,41.208753306771065,40.7490098974892,41.19754113338553,25.66042034019979,485800,30.528107000000002
6020,2004-01-21,41.1078354399622,42.38614780099893,41.040554093309936,42.26280143424947,26.3239293225486,1096000,30.576706
6021,2004-01-22,42.330081396511886,42.54313068790497,42.16188079866091,42.330081396511886,26.36584726278078,785800,32.196663
6022,2004-01-23,43.675670951031314,46.994798220372566,43.675670951031314,44.57273342282398,27.762700773401733,6422200,31.791674
6023,2004-01-26,44.52788196050217,44.67365405841253,43.619605930934135,44.01207076234341,27.41349812476782,2136100,31.572978999999997
6024,2004-01-27,44.00085582017819,44.01207076234341,43.24956959946545,43.709311624357454,27.22491238639309,1158700,30.957396000000003
6025,2004-01-28,43.91115012675486,43.92236368453025,42.789823421403895,42.85710476805616,26.694099939832615,1153300,30.293213
6026,2004-01-29,43.08136761722463,43.092582559389854,41.533936791528085,41.9376165651026,26.121395856447084,1654200,30.374209999999998
6027,2004-01-30,41.9376165651026,42.173094356436295,41.65728315827754,42.04974798968683,26.19123278676026,1226900,30.090716999999998
6028,2004-02-02,41.92429553921053,42.01352083894737,41.266265322067675,41.433559833045116,25.807435147330832,773300,29.847723
6029,2004-02-03,41.433559833045116,41.433559833045116,40.92052158857144,41.09896805718046,25.59902751733083,1481000,29.645228999999997
6030,2004-02-04,40.931673546203015,41.04320276120301,40.60823510492482,40.82014295424812,25.425353574360905,846400,29.685728000000005
6031,2004-02-05,40.70861373924813,40.909368253984965,40.574775101165415,40.87590825022558,25.46008726139098,553900,30.00972
6032,2004-02-06,41.02089746898497,41.71238768988723,40.965132173007525,41.32203061804512,25.737969150225567,1040600,29.872023
6033,2004-02-09,41.433559833045116,41.589703763345874,40.931673546203015,41.13242806093985,25.619867729548876,563500,30.001619
6034,2004-02-10,40.931673546203015,41.34433591026316,40.898213542443614,41.31087590650377,25.731014151090232,787600,30.212215000000004
6035,2004-02-11,41.266265322067675,41.79045827808271,40.94282688078948,41.60085709793234,25.911637585375946,1163800,30.01782
6036,2004-02-12,41.54509042500001,41.656622393909785,41.18819197996241,41.33318395263158,25.744915887631578,505300,29.993521
6037,2004-02-13,41.28857061428572,41.48932512902256,40.28479666364662,41.299725325827076,25.72407016759399,498400,29.961121000000002
6038,2004-02-17,41.48932512902256,41.54509042500001,41.19934669150376,41.25511198748121,25.696283217969924,514300,29.928721999999997
6039,2004-02-18,41.266265322067675,41.299725325827076,41.09896805718046,41.21050002609023,25.66848938357143,439000,29.839624
6040,2004-02-19,41.21050002609023,41.266265322067675,41.04320276120301,41.087816099548874,25.592082156879698,552200,29.645228999999997
6041,2004-02-20,41.087816099548874,41.121276103308276,40.574775101165415,40.82014295424812,25.425353574360905,781200,29.645228999999997
6042,2004-02-23,40.85360295800752,40.94282688078948,40.66400040090227,40.82014295424812,25.425353574360905,465100,29.604731
6043,2004-02-24,40.82014295424812,41.06551080733083,40.54131647436091,40.76437903522557,25.390615756466165,543300,29.499434
6044,2004-02-25,40.652848443270685,40.80898961966165,40.563624520488716,40.61938981646617,25.300312301052635,431300,29.507532
6045,2004-02-26,40.61938981646617,40.74207236605263,40.55246980894738,40.63054039714286,25.307260415413538,344200,29.888223999999997
6046,2004-02-27,40.63054039714286,41.411254540827066,40.429785882406016,41.15473610706767,25.6337612043609,815900,29.888223999999997
6047,2004-03-01,40.946612085688365,41.05742850096051,40.78038609464247,40.89120524618996,25.46961758939167,512700,29.750526
6048,2004-03-02,40.89120524618996,40.97985783115261,40.702815424834576,40.702815424834576,25.35227515741729,456600,30.082619
6049,2004-03-03,40.702815424834576,41.190406010266805,40.56983791552828,41.157164369215586,25.63527443516542,1077100,30.115016999999998
6050,2004-03-04,41.00202029332444,41.267979416350045,40.9687745478602,41.20148929355923,25.662886189690504,360800,30.617205
6051,2004-03-05,41.16824354809498,41.93287653984525,41.04634521766809,41.8885516155016,26.090823236286024,489000,30.641502000000003
6052,2004-03-08,41.99936666263608,42.176673200699035,41.83314340786553,41.92179325655283,26.11153820879936,643800,30.617205
6053,2004-03-09,41.8885516155016,42.16558991740662,41.51177334092849,41.8885516155016,26.090823236286024,859000,30.115016999999998
6054,2004-03-10,41.7777324639541,41.92179325655283,41.190406010266805,41.20148929355923,25.662886189690504,611400,29.426534999999998
6055,2004-03-11,41.14608108592316,41.256897501195304,40.22630538641942,40.25955113188367,25.076189079332977,657400,29.888223999999997
6056,2004-03-12,40.3371204335539,40.89120524618996,40.3260412546745,40.89120524618996,25.46961758939167,524400,29.685728000000005
6057,2004-03-15,41.16824354809498,41.16824354809498,40.1265722544397,40.61416283987194,25.297055752780153,757600,29.483232
6058,2004-03-16,40.14873471661153,40.55875463223585,40.1265722544397,40.3371204335539,25.410144644727858,683200,29.442734
6059,2004-03-17,40.44793958510139,40.62524612316435,40.2817135940555,40.2817135940555,25.375244820816437,592800,29.645228999999997
6060,2004-03-18,40.44793958510139,40.8690400477428,40.29279550921025,40.55875463223585,25.549764462438635,574900,29.288839000000003
6061,2004-03-19,40.3371204335539,40.42577438665422,39.96034626339382,40.07116404680363,25.24260250524013,518600,29.070145
6062,2004-03-22,39.89385887687834,40.03791966947706,39.43950993249733,39.771960546451446,25.054115546109923,488400,28.956746999999996
6063,2004-03-23,39.84952984812166,40.1265722544397,39.616816470560295,39.616816470560295,24.95639084023479,446900,28.786652
6064,2004-03-24,39.561408262924225,39.93818380122198,39.28436722474387,39.38410309299893,24.809796256664892,560500,29.224040999999996
6065,2004-03-25,39.716552338815376,40.11549033928496,39.38410309299893,39.98251146184098,25.186761966099255,416300,29.110643
6066,2004-03-26,40.026836386184634,40.11549033928496,39.816285470795094,39.82736738594984,25.08902494698506,324400,29.580431
6067,2004-03-29,39.91602133905016,40.658490500490934,39.86061313141409,40.470102047273215,25.493914346334044,461800,29.62903
6068,2004-03-30,40.2041429242476,40.658490500490934,40.08224459382071,40.53659217006403,25.53580261748132,453000,29.580431
6069,2004-03-31,40.55875463223585,40.713898708127005,40.08224459382071,40.470102047273215,25.493914346334044,550800,29.872023
6070,2004-04-01,40.451403529212776,40.915346243569154,40.31885041621277,40.73860694120744,25.663053753079787,893400,29.604731
6071,2004-04-02,41.10313482081383,41.10313482081383,40.153154933648935,40.37408178914362,25.433420581755318,734300,29.062044
6072,2004-04-05,40.29675595776064,40.30780250510107,39.35782534547872,39.6339808463617,24.967204460680854,735900,29.361735999999997
6073,2004-04-06,39.247361235845744,40.075831829808514,39.247361235845744,40.04269218778723,25.224668112446807,477400,29.102543
6074,2004-04-07,39.93223080569681,39.93223080569681,39.49037982224999,39.68921221929256,25.00199835726064,335300,29.062044
6075,2004-04-08,39.79967360138298,39.91013907478724,39.446196360430854,39.6339808463617,24.967204460680854,398000,28.794752000000003
6076,2004-04-12,39.73339840865425,39.83281324340426,39.269455694297875,39.269455694297875,24.737582199526596,323500,28.349262
6077,2004-04-13,39.29154742520745,39.3025926087766,38.330523718244685,38.661909228287236,24.354858883547877,805400,28.000973
6078,2004-04-14,38.463076831244685,38.72818714855851,37.734023799574466,38.18692269413298,24.05564201037766,690000,27.709379
6079,2004-04-15,38.23110615595213,38.47412474235638,37.18171143403723,37.78925517250532,23.80512677326596,1122000,28.316864000000002
6080,2004-04-16,38.440985100335105,39.04852883880319,38.22005824484043,38.61772576646809,24.32702976687766,1218900,27.952374
6081,2004-04-19,38.562494393537236,38.562494393537236,38.109596862749996,38.1206447738617,24.013892880287237,595500,27.782278
6082,2004-04-20,38.1206447738617,38.72818714855851,37.88867273479787,37.88867273479787,23.86775796914362,623500,28.519358
6083,2004-04-21,38.05436548981915,38.89388126735106,37.94390410772873,38.89388126735106,24.500988339606387,1706300,28.891949
6084,2004-04-22,38.89388126735106,39.545611195180854,38.70609541764893,39.40201017106915,24.821080459707446,692400,28.956746999999996
6085,2004-04-23,39.18108604311702,39.545611195180854,38.96015918762234,39.49037982224999,24.8767427843617,622800,28.762352000000003
6086,2004-04-26,39.545611195180854,39.60084256811171,39.04852883880319,39.22526950493618,24.709736717601064,776100,28.835251
6087,2004-04-27,39.33573088702659,39.83281324340426,39.21422159382447,39.32468706722872,24.772359730851065,423300,28.227766
6088,2004-04-28,39.2363160522766,39.33573088702659,38.485169925925526,38.49621647326595,24.25047583003724,341900,27.992872
6089,2004-04-29,38.551447846196815,38.90492781469149,37.97704238597873,38.17587478302128,24.048681321781913,689500,28.114368
6090,2004-04-30,38.37470718006383,38.41889336942553,37.99913548065958,38.341567538042554,24.153053465122344,582200,28.146769
6091,2004-05-03,38.11853356505553,38.34915621626653,37.909875492374404,38.16246407795346,24.040228489275517,555300,28.365463000000002
6092,2004-05-04,38.10755398746695,38.65665353649392,37.909875492374404,38.45897775307775,24.227022315452142,525600,28.252065999999996
6093,2004-05-05,38.66763446992068,39.07396832601798,38.195409589910106,38.30522977088313,24.130163947488104,619100,28.365463000000002
6094,2004-05-06,38.32719299357483,38.65665353649392,38.2173728126018,38.45897775307775,24.227022315452142,478100,27.944273
6095,2004-05-07,38.39308537332629,38.404066306753045,37.690236486266535,37.88791226968271,23.867277770925437,724400,27.539284000000002
6096,2004-05-10,37.88791226968271,37.92085913747753,37.08622684675305,37.338812720655746,23.52137769006346,733300,27.806578000000002
6097,2004-05-11,37.44863154579059,37.99773109481756,37.393721455304075,37.70122013136965,23.749677790470653,707400,28.308764
6098,2004-05-12,37.88791226968271,38.426032241121106,37.28390263016922,38.38210308406134,24.178597198984665,595900,28.324963
6099,2004-05-13,38.2173728126018,39.00807730210472,38.195409589910106,38.404066306753045,24.192422680914863,529200,28.365463000000002
6100,2004-05-14,38.32719299357483,38.76647371746695,37.942822360169224,38.45897775307775,24.227022315452142,331800,28.292564000000002
6101,2004-05-17,38.129517210158646,38.52486877699101,37.82202260160762,38.36013850553147,24.16475951451084,556900,28.576057000000002
6102,2004-05-18,38.546834711359075,38.96414814504496,38.546834711359075,38.744509138937076,24.406882385171865,733700,28.835251
6103,2004-05-19,39.161823928461125,39.50226811648334,38.8982557652935,39.095934260386045,24.628258219989426,655600,28.940548
6104,2004-05-20,39.095934260386045,39.271646821110515,38.96414814504496,39.2386999533157,24.718199101554735,491400,29.321238
6105,2004-05-21,39.40342886893707,39.83172594772607,39.260663176007405,39.75485399038604,25.043344011544157,647400,29.507532
6106,2004-05-24,39.86467281552089,40.06234859893707,39.66699703210471,40.007438508450555,25.20246111293496,588400,29.766726000000002
6107,2004-05-25,40.007438508450555,40.35886362989953,39.59012371892649,40.35886362989953,25.423838303590696,607200,30.034019
6108,2004-05-26,40.38082956426759,41.11662125160762,40.28199031672131,40.72126968477526,25.652135692321526,958100,30.495707
6109,2004-05-27,41.01778471573771,41.46804637305659,40.853053088439985,41.34724390281861,26.046462245489163,1209500,30.795399
6110,2004-05-28,41.56688426476468,42.23678763986779,41.27037058964041,41.753577758915924,26.302429579814916,3569800,30.528107000000002
6111,2004-06-01,41.62151583664207,41.79667128653137,41.10699433738008,41.26025738335794,25.99166666579336,1189500,30.682003
6112,2004-06-02,41.68719980612546,41.76382997756458,41.22741472284134,41.46825549376384,26.122699420405905,1027500,30.495707
6113,2004-06-03,41.54488566520296,41.54488566520296,41.01941661243543,41.2164671693358,25.96408018250923,728500,30.649603000000003
6114,2004-06-04,41.40257152428044,41.58867317612547,41.304044894280445,41.4244652797417,26.09511158557196,515900,30.941196
6115,2004-06-07,41.54488566520296,41.81856774509226,41.41351637468635,41.81856774509226,26.343362904132846,510600,30.981695000000002
6116,2004-06-08,41.76382997756458,41.906146821586724,41.522991909741705,41.87330416107012,26.377857158523987,647000,30.495707
6117,2004-06-09,41.87330416107012,41.87330416107012,41.2164671693358,41.2164671693358,25.96408018250923,1173400,30.746801
6118,2004-06-10,41.38067776881919,41.58867317612547,41.293098692324726,41.55583321870849,26.177871035424353,389100,30.293213
6119,2004-06-14,41.56677942066421,41.58867317612547,40.8333136090406,40.942786440996315,25.79169270664207,461100,30.066418
6120,2004-06-15,40.82236605553506,40.931837535940964,40.41731738822879,40.63626170059041,25.88441848483395,543100,29.928721999999997
6121,2004-06-16,40.72383942553506,40.75668208605166,40.28594809771218,40.45015869719557,25.76587269896679,405800,29.572329999999997
6122,2004-06-17,40.28594809771218,40.384474727712174,39.95753230494466,39.968477155350556,25.45905332070111,509200,29.539932
6123,2004-06-18,39.69479777856089,40.187424170811816,39.66195511804429,39.92468964442805,25.43116138715867,685900,29.507532
6124,2004-06-21,40.17647661730628,40.209317926273066,39.869954580000005,39.88089943040591,25.403273508265684,542600,30.082619
6125,2004-06-22,39.93563584638377,40.84425981099631,39.738585289483396,40.6581581591513,25.898362424280446,1097300,30.074517999999998
6126,2004-06-23,40.789523395018456,40.8333136090406,40.4939475596679,40.64720925409594,25.89138977878229,573100,30.01782
6127,2004-06-24,40.64720925409594,40.77857584151292,40.351633418745394,40.57057908265683,25.842585314944646,623400,29.483232
6128,2004-06-25,40.57057908265683,40.6581581591513,39.848056769889304,39.848056769889304,25.382351517121773,746000,30.050219
6129,2004-06-28,40.340684513690036,40.88805002501846,40.340684513690036,40.61436794512915,25.87046913918819,982400,29.766726000000002
6130,2004-06-29,40.62531549863469,40.62531549863469,40.23121303328414,40.23121303328414,25.626411679704802,590200,29.604731
6131,2004-06-30,40.23121303328414,40.50489511317343,40.01226872092251,40.01226872092251,25.486949308892996,2180700,30.219998999999998
6132,2004-07-01,40.434739632465686,41.36878344039599,40.25875850052798,40.90852863574974,26.057846935929252,1788600,30.549999
6133,2004-07-02,41.28756335797255,41.598912196409714,41.01682388390179,41.35524653437698,26.342394054139383,1190000,30.700001
6134,2004-07-06,41.219880181568115,41.558302832043296,40.90852863574974,41.558302832043296,26.471735130079196,1045200,30.82
6135,2004-07-07,41.558302832043296,41.95087175290391,41.3958586061246,41.72074435058078,26.5752180081415,1224000,30.51
6136,2004-07-08,41.72074435058078,41.72074435058078,41.19280501583949,41.30110026399156,26.307907432365365,1027700,30.280001000000002
6137,2004-07-09,41.23341438020591,41.23341438020591,40.54303488061774,40.98975277924499,26.109594466568108,927200,30.24
6138,2004-07-12,40.74608711721225,40.93560380147835,40.38059065469905,40.93560380147835,26.07509430788807,770900,30.200001
6139,2004-07-13,40.93560380147835,41.084509767687436,40.70547639915523,40.88145753109293,26.040611747185853,714200,29.91
6140,2004-07-14,40.74608711721225,40.74608711721225,40.299369218585,40.48888590285111,25.790549897059133,789600,30.200001
6141,2004-07-15,40.38059065469905,40.93560380147835,40.24522159450898,40.88145753109293,26.040611747185853,1376600,30.02
6142,2004-07-16,40.475348996832096,40.94914070749736,40.42120272644668,40.637791869060194,25.885402997534317,1386100,30.02
6143,2004-07-19,40.475348996832096,40.88145753109293,40.475348996832096,40.637791869060194,25.885402997534317,970800,30.07
6144,2004-07-20,40.610718057022176,40.89499172973073,40.35351548897043,40.70547639915523,25.928511274751852,1538000,29.76
6145,2004-07-21,40.88145753109293,41.0303607899208,40.27229540654699,40.285832312566,25.661208821119324,892800,29.59
6146,2004-07-22,39.93387275607181,40.24522159450898,39.798503695881735,40.05570491024287,25.51461766583949,1064400,29.67
6147,2004-07-23,40.00155593247624,40.339978582951424,39.93387275607181,40.164000158394934,25.583594970459345,854800,29.629998999999998
6148,2004-07-26,39.98802173383844,40.20461223014255,39.94740966209082,40.1098511806283,25.549117824519534,917100,29.879998999999998
6149,2004-07-27,40.01509283849525,40.502422808870115,39.94740966209082,40.448273831103485,25.764670040131996,1100900,29.809998999999998
6150,2004-07-28,40.475348996832096,40.637791869060194,39.97448482781944,40.35351548897043,25.70432251309926,1535100,29.57
6151,2004-07-29,39.93387275607181,40.24522159450898,39.81204060190074,40.028631098204855,25.785764600781416,966300,29.690001000000002
6152,2004-07-30,40.04216800422387,40.475348996832096,39.93387275607181,40.19107532412355,25.89040894538015,958300,29.82
6153,2004-08-02,40.21045289504485,40.42692909557256,39.9263292348285,40.34575187335092,25.990055515709763,890200,29.950001
6154,2004-08-03,40.44045885810554,40.656935058633245,40.29163417619525,40.521640139255936,26.10335645311346,1154100,30.139999
6155,2004-08-04,40.5486969583694,41.089890165641165,40.38634116094987,40.778702921430074,26.26895668758839,1312200,29.969998999999998
6156,2004-08-05,40.62987823951979,40.8463544400475,40.5486969583694,40.5486969583694,26.120781434279685,890100,30.0
6157,2004-08-06,40.56222807387863,40.85988420258048,39.56102564643799,40.589287598944594,26.14693311227968,1008500,29.959999
6158,2004-08-09,40.64340800205277,40.805763799472295,40.535167195836415,40.535167195836415,26.112053384469657,770400,30.379998999999998
6159,2004-08-10,40.5486969583694,41.15753762532982,40.5486969583694,41.10341722222164,26.478129522300794,966600,30.67
6160,2004-08-11,41.18459850337203,41.50931145118734,40.8463544400475,41.495781688654354,26.730877663203163,647200,30.549999
6161,2004-08-12,41.26577572559367,41.57696026385224,41.21165532248549,41.33342318528233,26.626287186918212,783500,30.66
6162,2004-08-13,41.53637232922955,41.61754955145119,41.292835250659635,41.48225192612137,26.72216584910818,652400,31.08
6163,2004-08-16,41.65814019202639,42.077561477572566,41.4281342289657,42.05050195250659,27.08822845717678,1034100,31.120001000000002
6164,2004-08-17,42.06403171503958,42.19933069334565,41.80696622691293,42.10462235561478,27.123077066532982,1155500,31.549999
6165,2004-08-18,41.90167321166754,42.699929201113456,41.90167321166754,42.68639943858048,27.49785554762533,862400,31.42
6166,2004-08-19,42.348155375255935,42.80816730137731,42.226387512459105,42.510513878627975,27.384558669150397,782700,31.629998999999998
6167,2004-08-20,42.59169245382586,42.848757941952506,42.30756744063325,42.79463753884433,27.567590649672827,554400,31.32
6168,2004-08-23,42.17226981530344,42.83522817941952,42.158740052770455,42.375216253298156,27.297394527007917,981400,31.4
6169,2004-08-24,42.40227577836412,42.86228770448549,42.18579957783641,42.48345435356201,27.367114746316624,557300,31.629998999999998
6170,2004-08-25,42.415805540897104,42.82169841688654,42.375216253298156,42.79463753884433,27.567590649672827,558900,31.719998999999998
6171,2004-08-26,42.80816730137731,42.91640540164116,42.56463157578364,42.91640540164116,27.646030800934035,655600,31.68
6172,2004-08-27,42.781110482263855,42.86228770448549,42.415805540897104,42.86228770448549,27.611156485029024,418100,31.870001000000002
6173,2004-08-30,42.61875197889182,43.2952401055409,42.61875197889182,43.11935454558839,27.776763484385224,803900,32.290001000000004
6174,2004-08-31,43.132881602168865,43.795839966284966,43.10582478305541,43.68760457197362,28.14281797459631,1177200,32.610001000000004
6175,2004-09-01,43.55507439295418,44.027622677140606,43.55507439295418,44.027622677140606,28.36184433872038,1208500,32.77
6176,2004-09-02,44.027622677140606,44.243641548183255,43.8926059885308,44.243641548183255,28.50099916469194,732700,32.619999
6177,2004-09-03,44.284143989526065,44.378652836287515,43.906109952606634,44.0411212407109,28.37053915262243,847800,33.16
6178,2004-09-07,44.14913405154818,44.783689400853085,43.98712023579779,44.770190837282776,28.840199516477092,908100,32.939999
6179,2004-09-08,44.55417061611375,44.608177021532384,44.18963649289099,44.47316168304898,28.64885420507109,817200,32.970001
6180,2004-09-09,44.54067205254345,44.68918055409163,44.16263261511848,44.513668174770935,28.67494539740916,815700,33.029999
6181,2004-09-10,44.513668174770935,44.70268586829385,44.378652836287515,44.59467305745655,28.727126431958922,986600,33.419998
6182,2004-09-13,44.59467305745655,45.1212209964297,44.243641548183255,45.1212209964297,29.066329483996842,822800,33.240002000000004
6183,2004-09-14,45.1212209964297,45.148224874202214,44.74318695951026,44.87820364812007,28.90977962971564,590500,33.25
6184,2004-09-15,44.95920718067931,45.08071855508688,44.75669227371248,44.891702211690365,28.91847849399684,943700,33.48
6185,2004-09-16,44.86469968404423,45.202231279620854,44.83769580627172,45.202231279620854,29.118506468167457,539400,33.200001
6186,2004-09-17,45.229233807266986,45.35074518167457,44.6486794628752,44.82419724270142,28.874994973601893,1224700,33.209998999999996
6187,2004-09-20,44.82419724270142,44.999715022527646,44.297647953601896,44.83769580627172,28.883685737124804,777900,33.110001000000004
6188,2004-09-21,44.851199770347556,44.851199770347556,44.297647953601896,44.70268586829385,28.796720046461296,656300,33.029999
6189,2004-09-22,44.82419724270142,44.82419724270142,44.41916067813587,44.59467305745655,28.727126431958922,846400,32.740002000000004
6190,2004-09-23,44.59467305745655,44.729688395939974,43.77109461412322,44.20314045696683,28.474912022733015,736900,32.689999
6191,2004-09-24,44.081629082559246,44.20314045696683,43.77109461412322,44.13563008747236,28.431420401579782,557800,32.580002
6192,2004-09-27,44.0006187993681,44.081629082559246,43.43356301854661,43.98712023579779,28.33575584663507,1885100,32.580002
6193,2004-09-28,43.98712023579779,44.20314045696683,43.514573301737755,43.98712023579779,28.33575584663507,708400,33.16
6194,2004-09-29,44.0006187993681,44.770190837282776,43.62258476244865,44.770190837282776,28.840199516477092,1317100,33.060001
6195,2004-09-30,44.79719336492891,44.82419724270142,44.27064542595577,44.63517954917851,28.75322572505529,1818700,33.700001
6196,2004-10-01,44.468517791456264,45.35493205866947,44.34764159245679,45.2609196248769,29.15631667334206,1510100,33.619999
6197,2004-10-04,45.34149883301204,45.39522233426401,44.965446411733886,45.153472622372966,29.0871023877737,849400,33.599998
6198,2004-10-05,45.153472622372966,45.34149883301204,45.046030992084866,45.126610200220014,29.069806538941855,671600,33.52
6199,2004-10-06,45.30120990047145,45.31464312612887,44.80428128019382,45.01916856993191,29.00058956726559,663800,33.400002
6200,2004-10-07,45.01916856993191,45.099754493336825,44.52224129270823,44.85800478144578,28.896772839601887,642600,33.360001000000004
6201,2004-10-08,44.87143263488738,45.126610200220014,44.629682922996324,44.80428128019382,28.86216771139864,941800,33.779999
6202,2004-10-11,44.81770913363542,45.38179448082243,44.81770913363542,45.368361255165006,29.225528272802514,379300,33.810001
6203,2004-10-12,45.046030992084866,45.59668311361446,44.925156136139336,45.40865555992142,29.251493534913568,787700,33.540001000000004
6204,2004-10-13,45.368361255165006,45.502669336767944,44.79084671148245,45.046030992084866,29.01789213136721,1168000,33.279999
6205,2004-10-14,45.05945884552646,45.328070979570455,44.25362915866422,44.69683427768989,28.79294402445259,1229000,34.220001
6206,2004-10-15,44.69683427768989,46.61740143326872,44.226766736511266,45.95930768145103,29.606210201063384,1854500,34.040001000000004
6207,2004-10-18,45.636973389209004,45.824999599848084,45.24748639921949,45.71755796955999,29.45048175193295,964200,34.150002
6208,2004-10-19,45.70412474390256,46.03988823264012,45.59668311361446,45.86529524765846,29.54565055518072,1108500,34.299999
6209,2004-10-20,45.730985823001575,46.214486589837605,45.5295317589209,46.06674931173913,29.675413742200107,1187000,34.389998999999996
6210,2004-10-21,45.972736877946566,46.56367793201676,45.85186067894709,46.187624167684646,29.75328669661603,1024000,34.029999
6211,2004-10-22,46.20105873639602,46.46966415517024,45.59668311361446,45.70412474390256,29.441831141409114,1153900,33.91
6212,2004-10-25,45.51609719020953,45.6772623217496,45.126610200220014,45.542959612362495,29.338003669313775,854000,34.400002
6213,2004-10-26,45.39522233426401,46.26821009108958,45.328070979570455,46.20105873639602,29.761931934924043,800800,34.810001
6214,2004-10-27,45.932446602352016,46.77857193702462,45.75784824515453,46.75170951487166,30.11665397328968,683600,34.919998
6215,2004-10-28,46.44280844828707,46.939737068564696,46.16076308858565,46.89944142075432,30.503989390843376,947200,35.080002
6216,2004-10-29,46.76513871136721,47.194914633897326,46.68455278796228,47.11433542576218,30.643746242341546,786600,34.919998
6217,2004-11-01,46.982277486910995,47.11650988074346,46.71380598749215,46.8748867393822,30.488018715769634,666000,34.959998999999996
6218,2004-11-02,46.70038516434032,47.19705361256544,46.64668979057592,46.9285821131466,30.52294131380105,1073200,35.119999
6219,2004-11-03,47.19705361256544,47.31786518324607,46.96885666375917,47.14335823880105,30.662623651821992,938700,35.700001
6220,2004-11-04,47.29101816753927,47.97561975276441,47.15678443135602,47.921924379000004,31.16902280089005,1380900,35.5
6221,2004-11-05,47.97561975276441,48.109852146596864,47.45209757707854,47.65345287958115,30.994399071926704,855600,35.360001000000004
6222,2004-11-08,47.65345287958115,47.77426445026179,47.371560557010476,47.465525111984306,30.872174005869116,562600,35.27
6223,2004-11-09,47.73399526905236,47.73399526905236,47.250748986329846,47.344712198952884,30.793583394439793,745700,35.380001
6224,2004-11-10,47.344712198952884,47.64003205642933,47.10308905759163,47.4923721276911,30.889632620183246,1394500,35.48
6225,2004-11-11,47.4923721276911,47.90849818644502,47.4923721276911,47.626605863874346,30.976936430560208,930600,35.439999
6226,2004-11-12,47.720569076497384,47.747417434554976,47.38498138016231,47.57291049010995,30.94200175137173,865700,35.720001
6227,2004-11-15,47.80111280831938,48.28435909104189,47.45209757707854,47.94877139470681,31.186484099905762,1220800,35.669998
6228,2004-11-16,47.96219356020942,48.17696834351309,47.720569076497384,47.88164982838744,31.142830852366494,996900,35.509997999999996
6229,2004-11-17,47.841380647178006,48.04273594968063,47.43867675392671,47.666873702732985,31.003139117890054,845300,35.580002
6230,2004-11-18,47.65345287958115,47.88164982838744,47.5192204857487,47.760843627109956,31.06424963739267,892800,34.84
6231,2004-11-19,47.58633668266493,47.626605863874346,46.71380598749215,46.76750136125655,30.418152042094246,1213400,35.060001
6232,2004-11-22,46.70038516434032,47.0628198763822,46.660110613727745,47.0628198763822,30.6102464665288,618500,34.77
6233,2004-11-23,46.78092218440838,46.94200830570158,46.49902986183769,46.673536806282726,30.357057630801048,931400,35.060001
6234,2004-11-24,46.673536806282726,47.21047443571728,46.64668979057592,47.0628198763822,30.6102464665288,487000,35.080002
6235,2004-11-26,47.0896682344398,47.31786518324607,47.0896682344398,47.0896682344398,30.627702396141366,178000,35.049999
6236,2004-11-29,47.10308905759163,47.30444436009425,46.70038516434032,47.049393683827226,30.601510447617805,511500,34.990002000000004
6237,2004-11-30,46.982277486910995,47.10308905759163,46.740654345549736,46.96885666375917,30.549133262324602,722300,35.790001000000004
6238,2004-12-01,47.35719318327903,48.21945647077772,47.168567405265364,48.21945647077772,31.362543934004204,659400,35.580002
6239,2004-12-02,48.07125338938518,48.20598089128218,47.70748549658433,47.93652723477667,31.17851645161324,484400,35.490002000000004
6240,2004-12-03,47.82874146085129,47.923051655281135,47.38413356396216,47.815271270509726,31.09965291974251,574700,35.450001
6241,2004-12-06,47.82874146085129,47.82874146085129,47.58622953231739,47.761378383547026,31.064591084030475,655600,34.740002000000004
6242,2004-12-07,47.613175302154495,47.73443126642144,46.8048049016185,46.8048049016185,30.442421342222804,717800,34.919998
6243,2004-12-08,46.88563816926432,47.28982336953232,46.85869239942721,47.04731144099842,30.60016592071466,799400,34.810001
6244,2004-12-09,47.2359358717236,47.2359358717236,46.31977969726222,46.899113748759845,30.503764734545452,1324800,34.900002
6245,2004-12-10,47.7479028040515,47.7479028040515,46.49492315933788,47.02037106031529,30.582640392012614,888800,35.25
6246,2004-12-13,47.155097214923806,47.491919337887545,46.966478173352606,47.491919337887545,30.889331755144504,500200,35.169998
6247,2004-12-14,47.45150203042039,47.680538379458746,47.22246029222806,47.38413356396216,30.819232334913295,596300,35.34
6248,2004-12-15,47.182042984760905,47.66706818911718,47.14162702458224,47.613175302154495,30.968200676169207,642800,35.049999
6249,2004-12-16,47.42455626058329,47.59970511181293,47.033841250656856,47.22246029222806,30.71407512083552,617100,35.310001
6250,2004-12-17,46.48145296899632,47.66706818911718,46.48145296899632,47.572757994687336,30.94191911955859,2260300,35.450001
6251,2004-12-20,47.572757994687336,47.77484857388859,47.28982336953232,47.761378383547026,31.064591084030475,899200,35.400002
6252,2004-12-21,47.694015306242775,47.89610453815554,47.572757994687336,47.694015306242775,31.020779956852337,774400,35.41
6253,2004-12-22,47.694015306242775,48.04430761954808,47.64012241928008,47.70748549658433,31.029550804934313,845700,35.450001
6254,2004-12-23,47.694015306242775,47.9634676154598,47.694015306242775,47.761378383547026,31.064591084030475,402700,35.23
6255,2004-12-27,47.815271270509726,47.99041473258539,47.45150203042039,47.464973568050446,30.871803531865474,312700,35.5
6256,2004-12-28,47.47844914754598,47.909580117651075,47.464973568050446,47.82874146085129,31.10840894765108,439600,35.560001
6257,2004-12-29,47.59970511181293,48.00389031208093,47.59970511181293,47.909580117651075,31.160990922911193,489200,35.48
6258,2004-12-30,48.00389031208093,48.16556358381503,47.73443126642144,47.801795691014185,31.090882071660534,472200,35.59
6259,2004-12-31,47.82874146085129,48.03083742920652,47.613175302154495,47.949997425118234,31.18728460511823,460600,35.25
6260,2005-01-03,47.72841898269534,47.75530823282644,47.12340951028317,47.39230335605664,30.824540288432093,762300,35.130001
6261,2005-01-04,47.48641573151547,47.67463913797063,47.04274579327741,47.23096919973257,30.719619778883068,950600,34.919998
6262,2005-01-05,47.23096919973257,47.40574529219717,46.94862803996855,46.94862803996855,30.53598098957525,843300,35.07
6263,2005-01-06,46.9620753539591,47.28474366660724,46.92174416768748,47.15030010487677,30.667150785102262,602500,34.98
6264,2005-01-07,47.177189355007876,47.39230335605664,46.72007210277924,47.02929847928684,30.58842981641846,985000,34.779999
6265,2005-01-10,46.78729388364447,47.056187729417935,46.62595972732041,46.76040463351337,30.413552889265866,831000,34.669998
6266,2005-01-11,46.77385194750394,46.800741197635034,46.06128278564237,46.61251241332984,30.317359285846884,887800,34.34
6267,2005-01-12,46.58562854104877,46.62595972732041,45.98061906863661,46.16884247509178,30.028805364840064,965700,33.389998999999996
6268,2005-01-13,46.07473009963294,46.16884247509178,44.77060012381227,44.8916017494022,29.19805257080231,1380200,33.580002
6269,2005-01-14,44.90505040785528,45.496611221814376,44.77060012381227,45.147053659035144,29.364210658599898,1022500,33.16
6270,2005-01-18,44.86471249927111,44.878159813261675,42.632904738390145,44.58237671735711,28.99693307998427,3409800,33.25
6271,2005-01-19,44.5017062780388,44.97227218872051,44.46137509176718,44.70337834294704,29.075640604043002,1823400,33.009997999999996
6272,2005-01-20,44.5017062780388,44.67648909281594,44.09836887053488,44.38070465244887,28.86576597338228,1679400,32.869999
6273,2005-01-21,44.31348287158364,44.609265967488206,43.97736724494494,44.19248124599371,28.743343250922916,1563400,32.939999
6274,2005-01-24,44.19248124599371,44.555486122763504,44.05803633980074,44.286593621452546,28.804551250996333,1482300,32.709998999999996
6275,2005-01-25,44.555486122763504,44.75715818767175,43.97736724494494,43.97736724494494,28.60343713802832,1127100,33.150002
6276,2005-01-26,44.05803633980074,44.70337834294704,44.031147089669645,44.568934781216576,28.988198107079185,851700,32.84
6277,2005-01-27,44.595818653497645,44.824379968536974,44.15214871525958,44.15214871525958,28.71711413188254,1263700,31.799999
6278,2005-01-28,43.85636561935501,43.85636561935501,42.56568295752491,42.75390636398007,28.098591466816995,3049800,32.0
6279,2005-01-31,43.07658005447825,43.34547390025171,42.84802142836393,43.02280020975354,28.27531165206608,1211900,32.259997999999996
6280,2005-02-01,42.90973090313869,43.35086167883211,42.49534184770073,43.12361119510948,28.34155954368613,914100,31.969998999999998
6281,2005-02-02,43.08351131386861,43.37759805208029,42.57554562043796,42.73595450266423,28.086788013394155,2012700,32.040001000000004
6282,2005-02-03,42.84289464864963,43.12361119510948,42.58891447543796,42.82952980390512,28.148285281094893,885300,32.299999
6283,2005-02-04,42.90973090313869,43.270655232591245,42.73595450266423,43.177082604854014,28.37670943291971,1142700,32.25
6284,2005-02-07,43.177082604854014,43.511270561058396,42.90973090313869,43.11024635036496,28.332786441459852,893000,32.220001
6285,2005-02-08,43.05677494062043,43.19045279660584,42.86963102189781,43.07014513237226,28.306427032226278,1035300,32.290001000000004
6286,2005-02-09,43.15034756835766,43.270655232591245,42.776058394160586,43.16371776010949,28.36792028967153,1162100,32.32
6287,2005-02-10,43.35086167883211,43.37759805208029,43.07014513237226,43.20381897810219,28.394273015145988,855800,32.77
6288,2005-02-11,43.31076179759124,43.96576618149635,43.096881505620445,43.80535729927007,28.789606673321167,1290200,32.790001000000004
6289,2005-02-14,43.80535729927007,43.912294771751824,43.52464075281022,43.832093672518255,28.807186296569345,747300,32.98
6290,2005-02-15,44.04597396448905,44.51383442967153,43.832093672518255,44.08607518248175,28.97411986445255,1385100,32.75
6291,2005-02-16,44.1529114369708,44.23311788321168,43.60484318879562,43.77862226277372,28.772047101350363,806000,32.630001
6292,2005-02-17,43.88556508226277,43.979137709999996,43.5513771260584,43.618213380547445,28.66662149518248,955500,32.650002
6293,2005-02-18,43.68504963503649,43.7652574180292,43.49790571631387,43.644949753795615,28.684194434671532,1106900,32.259997999999996
6294,2005-02-22,43.56474197080292,43.698415816532844,43.12361119510948,43.12361119510948,28.34155954368613,1198200,32.07
6295,2005-02-23,42.776058394160586,43.24391885934306,42.776058394160586,42.86963102189781,28.174648700583944,1636700,32.220001
6296,2005-02-24,42.97657384138686,43.270655232591245,42.74932335766423,43.07014513237226,28.306427032226278,937800,32.389998999999996
6297,2005-02-25,43.19045279660584,43.738521044781024,42.776058394160586,43.29739026908758,28.45578097686131,1026700,32.259997999999996
6298,2005-02-28,43.33749148708029,43.41769927007299,42.7894232389051,43.12361119510948,28.34155954368613,1267100,32.82
6299,2005-03-01,42.90834783870667,43.690912589813756,42.77571262286602,43.531748473874806,28.60979062617175,1186200,32.689999
6300,2005-03-02,43.37258435793585,43.8368142452716,42.974672078520435,43.35931791831868,28.496467483998966,1001700,33.110001000000004
6301,2005-03-03,43.41237439213657,44.354101932803935,43.26647141030005,43.91639961918779,28.86259309820486,1612900,33.700001
6302,2005-03-04,44.16840891676668,44.924444767775476,44.04903483502845,44.698963043916194,29.3769096974806,1411500,33.93
6303,2005-03-07,44.83159825975686,45.13666535753232,44.7520195177341,45.004028815312985,29.57741173154682,1518700,33.77
6304,2005-03-08,44.84486469937403,45.070347749612,44.65916770420072,44.79180822555614,29.4379324016865,1719800,33.330002
6305,2005-03-09,44.63264543599586,44.64590657009828,43.98271722710812,44.208204256482155,29.054368886896015,1316100,33.549999
6306,2005-03-10,44.30105076450078,44.76528065183653,44.221465390584584,44.50000358826177,29.246152633859285,966100,33.09
6307,2005-03-11,44.60611653589756,44.698963043916194,43.70417902943094,43.8898707190895,28.845169787785824,1253400,33.610001000000004
6308,2005-03-14,44.12861888256596,44.592850096280394,44.12861888256596,44.579588962177965,29.298450419068807,1154700,33.299999
6309,2005-03-15,44.672434143817895,44.80507068603725,44.10209130884635,44.16840891676668,29.02822331023797,849300,32.900002
6310,2005-03-16,44.03577370092602,44.19493781686498,43.545014913491976,43.63786142151061,28.67954620764615,995500,33.240002000000004
6311,2005-03-17,43.70417902943094,44.23472652468701,43.29299898401965,44.08883017474393,28.97592817778583,986200,32.869999
6312,2005-03-18,44.23472652468701,44.28778299850491,43.37258435793585,43.59806608179513,28.653382061686496,2220300,32.759997999999996
6313,2005-03-21,43.505219573776515,43.63786142151061,43.279737849917225,43.45216309995861,28.557487535447493,1176800,32.25
6314,2005-03-22,43.319527884117946,43.59806608179513,42.77571262286602,42.77571262286602,28.112925191267458,1753000,32.389998999999996
6315,2005-03-23,42.78897375696843,43.173624902281425,42.682866114847386,42.96140431252457,28.234965294164507,1273600,32.110001000000004
6316,2005-03-24,42.77571262286602,43.33278901822038,42.59002093320745,42.59002093320745,27.990878456476977,1430500,32.209998999999996
6317,2005-03-28,42.55023089900672,43.133834868080704,42.52370199890843,42.722656149048106,28.078048063719603,743600,32.150002
6318,2005-03-29,42.53696445938955,42.974672078520435,42.457379085473356,42.64307740702535,28.02574497299534,835200,32.580002
6319,2005-03-30,42.64307740702535,43.22668137609933,42.52370199890843,43.2134202419969,28.400588874304187,1181400,32.400002
6320,2005-03-31,43.133834868080704,43.33278901822038,42.88182557050181,42.974672078520435,28.24367562299534,1281400,32.330002
6321,2005-04-01,42.92473860625899,43.26729064748202,42.18692589928058,42.59535910985612,27.99439027510791,979700,32.299999
6322,2005-04-04,42.463604676258996,42.70075791366906,42.06834928057554,42.555829617733814,27.968411455467628,946700,32.419998
6323,2005-04-05,42.753459950611514,43.0169648652518,42.48995503597123,42.71393045848921,28.07232014643885,533300,32.73
6324,2005-04-06,42.8193345323741,43.24094028776979,42.80616198755396,43.12236366906475,28.34074467323741,651200,32.740002000000004
6325,2005-04-07,43.12236366906475,43.399041128525184,42.779810310323754,43.13554148395684,28.349399448884892,663800,32.560001
6326,2005-04-08,43.08283944701439,43.18823825082733,42.84568489208634,42.89838692902878,28.193542341258993,549500,32.27
6327,2005-04-11,42.80616198755396,42.88520911413669,42.51630539568346,42.51630539568346,27.942431318309353,714400,32.849998
6328,2005-04-12,42.424080454208635,43.46492098035972,42.23962793622302,43.280463192302165,28.444645459100723,900500,31.98
6329,2005-04-13,43.148714028776986,43.16188657359712,42.13422517985612,42.13422517985612,27.691328200467627,1122000,31.59
6330,2005-04-14,42.06834928057554,42.14740035971223,41.238311632122304,41.62039316546763,27.353625942949645,1240200,32.599998
6331,2005-04-15,42.79298417266187,43.47809352517986,42.424080454208635,42.95108369589928,28.228175936546762,2678500,32.27
6332,2005-04-18,42.88520911413669,43.069661632122305,42.22645012133094,42.51630539568346,27.942431318309353,1079500,32.299999
6333,2005-04-19,42.476782491151084,42.7271082733813,42.331854195215826,42.555829617733814,27.968411455467628,1227500,31.959999
6334,2005-04-20,42.48995503597123,42.555829617733814,41.962947841726624,42.10787350262591,27.674006791510795,1319000,32.389998999999996
6335,2005-04-21,42.34502674003596,42.79298417266187,41.8575464028777,42.67440623643885,28.04634527935252,1225400,32.48
6336,2005-04-22,42.67440623643885,43.00378573284172,42.503127580791364,42.79298417266187,28.12427251564748,1064300,32.93
6337,2005-04-25,42.88520911413669,43.42539148823741,42.779810310323754,43.385867266187056,28.513917919748206,886800,32.73
6338,2005-04-26,43.280463192302165,43.62302182111512,43.12236366906475,43.12236366906475,28.34074467323741,904100,33.25
6339,2005-04-27,42.95108369589928,43.88652541823741,42.88520911413669,43.80747302158273,28.791007762338133,927400,32.860001000000004
6340,2005-04-28,43.37268945129497,43.715246762589935,43.04330995489209,43.29364232471224,28.74727407032374,851100,33.490002000000004
6341,2005-04-29,43.54396810694245,44.12367997316548,43.22776642543166,44.12367997316548,29.29842082910072,1415900,33.700001
6342,2005-05-02,44.18226080246914,44.51197916666667,43.77340871199074,44.44603681270062,29.512460357808642,886800,33.610001000000004
6343,2005-05-03,44.32733820158951,44.736185016574076,44.07674828817901,44.32733820158951,29.433643161157406,979000,34.400002
6344,2005-05-04,44.31414551040123,45.43519190529321,44.20863827160495,45.369249551327165,30.12548197263889,1136900,33.939999
6345,2005-05-05,45.23735824902778,45.47475679012345,44.32733820158951,44.76256380458333,29.72264130737654,1091200,33.349998
6346,2005-05-06,43.39093936614198,44.35371567072531,43.39093936614198,43.98442714620371,29.205955485324072,1465000,33.709998999999996
6347,2005-05-09,43.98442714620371,44.4592229095216,43.93167616455247,44.4592229095216,29.521224271929015,1081100,33.25
6348,2005-05-10,44.08993966049383,44.47241428183642,43.77340871199074,43.852542438271605,29.118380968919755,1172900,33.52
6349,2005-05-11,44.023997306527775,44.35371567072531,43.74702992398148,44.20863827160495,29.35482332675926,819300,33.029999
6350,2005-05-12,44.19544689929012,44.393280555555556,43.52282407407408,43.56238895890432,28.925708064490742,776000,32.869999
6351,2005-05-13,43.852542438271605,43.89210732310185,43.14034945273148,43.351369205817896,28.785606774922837,923200,33.630001
6352,2005-05-16,43.54920154320988,44.49879306984568,43.496446604938264,44.35371567072531,29.45116571390432,1302600,33.830002
6353,2005-05-17,44.31414551040123,44.841697530864195,43.93167616455247,44.61749168095679,29.62631079009259,1150400,34.34
6354,2005-05-18,44.78894127371913,45.32967939100308,44.749376388888884,45.29011450617284,30.072940691867288,1522900,34.290001000000004
6355,2005-05-19,45.29011450617284,45.30330060299382,44.577921520632714,45.2241721522068,30.029144860987653,1090400,33.889998999999996
6356,2005-05-20,45.23735824902778,45.23735824902778,44.49879306984568,44.69662013174382,29.678861302978394,1062400,33.759997999999996
6357,2005-05-23,44.81532006172839,44.85488362768518,44.52516526348765,44.52516526348765,29.565009551820985,949400,33.599998
6358,2005-05-24,44.44603681270062,44.44603681270062,44.11631844850309,44.31414551040123,29.424893754645062,1132300,33.400002
6359,2005-05-25,44.12950454532407,44.18226080246914,43.786600084305555,44.050376094537036,29.249746040709876,1062200,33.540001000000004
6360,2005-05-26,44.11631844850309,44.366901767546295,43.97124104938272,44.23501705961421,29.37234324175926,829900,33.73
6361,2005-05-27,44.18226080246914,44.577921520632714,44.08993966049383,44.48560169753086,29.538734954814814,1007900,33.68
6362,2005-05-31,44.53835663580247,44.72299891975308,44.27458194444445,44.41965802469136,29.49495626929012,855400,34.07
6363,2005-06-01,44.29136188803085,45.10864697372237,44.26500325335733,44.910916349614396,29.821138459125965,1213900,33.970001
6364,2005-06-02,44.89773571408226,44.89773571408226,44.42318537989203,44.779098130534706,29.733628741110543,914500,33.599998
6365,2005-06-03,44.6736398643239,44.81864267352186,44.12000044415939,44.29136188803085,29.409765274565554,953100,33.650002
6366,2005-06-06,44.29136188803085,44.43636469722878,44.014542177948584,44.357276929449874,29.4535280427455,717600,33.5
6367,2005-06-07,44.449549287347054,44.70000508997429,44.10681585404113,44.15954498714653,29.322221283470437,935300,33.5
6368,2005-06-08,44.30454779634448,44.46272992287918,44.05408672093573,44.15954498714653,29.322221283470437,613200,33.48
6369,2005-06-09,44.43636469722878,44.43636469722878,44.00136286061183,44.13318107969152,29.304719603506427,829000,33.380001
6370,2005-06-10,44.15954498714653,44.15954498714653,43.75090310339846,44.00136286061183,29.217200658123396,762100,33.369999
6371,2005-06-13,43.82999614395887,44.29136188803085,43.82999614395887,43.98817827049358,29.208438613480723,786100,33.419998
6372,2005-06-14,43.84317546129563,44.27818257069409,43.84317546129563,44.05408672093573,29.252198745269926,717300,33.610001000000004
6373,2005-06-15,44.29136188803085,44.344091021136244,44.027728086262215,44.30454779634448,29.41851018266838,718100,33.669998
6374,2005-06-16,44.26500325335733,44.528638373321336,44.12000044415939,44.383635564123395,29.471027086318767,697900,33.959998999999996
6375,2005-06-17,44.68682577263753,44.92410093973265,44.22545343758869,44.76591354041645,29.724857469100257,1648900,34.09
6376,2005-06-20,44.48909383033419,45.08228306626736,44.357276929449874,44.93728025706942,29.83865991202057,797800,33.93
6377,2005-06-21,44.81864267352186,44.87137180662726,44.55500228077635,44.72636899742931,29.69861615381491,580900,34.209998999999996
6378,2005-06-22,44.976824800056555,45.174555424164524,44.88455112396401,45.09546238360411,29.94368317375836,687600,33.810001
6379,2005-06-23,45.055917840616964,45.14819151670951,44.42318537989203,44.56818687089461,29.593559937192804,791800,33.799999
6380,2005-06-24,44.58136750642674,44.99000939017481,44.50227314767095,44.55500228077635,29.584822938262214,1463400,33.900002
6381,2005-06-27,44.42318537989203,44.88455112396401,44.42318537989203,44.68682577263753,29.672352429208228,734800,34.259997999999996
6382,2005-06-28,44.910916349614396,45.25364978292031,44.84500658097687,45.16137083404627,29.987456487501284,791000,34.299999
6383,2005-06-29,45.25364978292031,45.46456104256042,45.13501219937276,45.214099967151675,30.022462483820053,568500,33.880001
6384,2005-06-30,45.25364978292031,45.477740359897176,44.660460546987146,44.660460546987146,29.654840203681236,1203000,34.110001000000004
6385,2005-07-01,44.638453326509726,44.95336042590583,44.4416334371085,44.75654578500001,29.718646006351076,729200,34.5
6386,2005-07-05,44.809032051064484,45.33387765409928,44.67781572984135,45.268272773797335,30.058432286038897,618200,34.049999
6387,2005-07-06,45.13706301319345,45.268272773797335,44.66469711560389,44.67781572984135,29.666377552845447,566800,34.16
6388,2005-07-07,44.12672633771239,44.82215066530194,43.92990644831116,44.82215066530194,29.762203269626408,829900,34.580002
6389,2005-07-08,44.79590687620777,45.5044550665302,44.585968372569084,45.373245305926304,30.128154610977482,1195000,34.860001000000004
6390,2005-07-11,45.39948253440122,45.740638671386904,45.25515415955988,45.740638671386904,30.372084995035827,1065300,35.0
6391,2005-07-12,45.66190861622825,46.094912110486185,45.57006125895598,45.924334698055276,30.494065276489255,1373500,35.150002
6392,2005-07-13,45.924334698055276,46.63288288837769,45.924334698055276,46.12115589958035,30.624752811801436,1333200,35.310001
6393,2005-07-14,46.40981920988229,46.54103421898158,46.1342745138178,46.33109440321903,30.764159410087004,1063800,34.790001000000004
6394,2005-07-15,46.226123183213915,46.422943072615155,45.36012144319346,45.6487900019908,30.31108960581372,1962800,34.259997999999996
6395,2005-07-18,45.07145157227226,45.347001516832144,44.743420610143296,44.95336042590583,29.84933616591095,1196000,34.560001
6396,2005-07-19,44.95336042590583,45.347001516832144,44.94024181166837,45.347001516832144,30.110708612287613,1016900,34.669998
6397,2005-07-20,45.15018162743091,45.77999976259468,45.032090481064486,45.491331203797344,30.206552698802458,1787200,34.459998999999996
6398,2005-07-21,45.45196880046571,45.53069885562436,45.11081922409928,45.21578650773285,30.02357440387922,715700,34.25
6399,2005-07-22,45.347001516832144,45.347001516832144,44.90087940833675,44.94024181166837,29.840619727185263,1547800,34.200001
6400,2005-07-25,44.95336042590583,45.18954403076254,44.87463693136643,44.87463693136643,29.797062463909928,1866100,34.330002
6401,2005-07-26,44.94024181166837,45.21578650773285,44.743420610143296,45.04521434379734,29.91031580964688,837100,34.240002000000004
6402,2005-07-27,45.123937838336744,45.17642410440123,44.848393142272265,44.92712319743092,29.831899352088026,950300,34.029999
6403,2005-07-28,44.79590687620777,45.097695361366426,44.49411970317298,44.65157325287103,29.946317863802452,989400,33.639998999999996
6404,2005-07-29,44.559724583474924,44.67781572984135,44.04799759467758,44.13984495194984,29.603100380250766,1104000,33.630001
6405,2005-08-01,44.01953837265276,44.12397119964868,43.79761045626782,43.902048505035644,29.44362660076375,924600,33.790001000000004
6406,2005-08-02,44.045648537566194,44.176190224032595,43.849829480651735,44.110919380799395,29.583711075366597,787900,33.799999
6407,2005-08-03,43.902048505035644,44.21535220779531,43.823720621181266,44.12397119964868,29.592457543289207,943300,33.41
6408,2005-08-04,43.94121048879837,44.03259149694501,43.497359877800406,43.61484974541751,29.25100587913442,643200,32.900002
6409,2005-08-05,43.39292705080448,43.51041691842159,42.766309201741336,42.94907643980652,28.804502608014257,837900,32.950001
6410,2005-08-08,43.07961812627291,43.24932701827393,42.97518007750509,43.01434728303972,28.84827541635947,465200,33.169998
6411,2005-08-09,43.17099913441955,43.45819789403768,43.053509266802436,43.30154082088595,29.040886999887984,739800,33.220001
6412,2005-08-10,43.56263072103361,43.95426230764766,43.27543718318738,43.36681688589104,29.084659808233194,880300,33.439999
6413,2005-08-11,43.51041691842159,43.70623075356415,43.14488896950611,43.65401172918025,29.27727661353361,873700,33.16
6414,2005-08-12,43.65401172918025,43.70623075356415,43.092669945122196,43.288489002036656,29.032132699307535,662200,33.360001000000004
6415,2005-08-15,43.353759845269856,43.6931776292719,42.92296627489307,43.54957890218432,29.207244819775966,1655000,32.959998999999996
6416,2005-08-16,43.61484974541751,43.70623075356415,43.01434728303972,43.027399101888996,28.857025800610998,850200,33.060001
6417,2005-08-17,42.87074725050917,43.353759845269856,42.83158526674644,43.15794601012729,28.944576639073322,592400,32.939999
6418,2005-08-18,43.07961812627291,43.11878011003564,42.805476407275975,43.001290242418534,28.839493701476577,558500,33.080002
6419,2005-08-19,43.27543718318738,43.32765098579939,43.027399101888996,43.18405617504073,28.962083934791245,650800,33.279999
6420,2005-08-22,43.34070802642057,43.58873958050407,43.18405617504073,43.4451408534165,29.13719344437373,905100,32.880001
6421,2005-08-23,43.43208772912424,43.471249712886966,42.88379906935845,42.92296627489307,28.78698878508147,792700,32.639998999999996
6422,2005-08-24,42.85769543165988,43.13183715065683,42.596605531512225,42.6096573503615,28.576865989506114,721900,32.709998999999996
6423,2005-08-25,42.531334688279024,42.740205564042775,42.41384482066192,42.70103835850814,28.63815784255601,734200,32.169998
6424,2005-08-26,42.6096573503615,42.648819334124234,41.87861320151731,41.99609784736253,28.165373393492874,1078800,32.439999
6425,2005-08-29,41.80028401221996,42.4921674827444,41.7089043095163,42.34856875565682,28.40176300713849,996700,32.73
6426,2005-08-30,42.41384482066192,42.77936624236253,42.19191690427699,42.72714852342158,28.655657305616092,1269000,32.720001
6427,2005-08-31,42.648819334124234,42.71409539912933,41.983046028513236,42.71409539912933,28.646912143136458,1700000,32.41
6428,2005-09-01,42.108155748380284,42.262915140845074,41.69545715683098,41.79862922535211,28.032928418450705,2445700,32.529999
6429,2005-09-02,41.91470070422535,42.13394425161972,41.70835140845071,41.9533899075,28.136732431690138,940700,32.799999
6430,2005-09-06,42.14684366197183,42.55954225352112,41.785734973732396,42.30160434411972,28.37025535035211,764400,32.669998
6431,2005-09-07,42.12105,42.237121478873235,41.66966220517605,42.13394425161972,28.257816908767605,889300,32.310001
6432,2005-09-08,41.8760115009507,42.01787793147887,41.5406913159507,41.66966220517605,27.946434531760566,1156300,32.560001
6433,2005-09-09,41.85021783897887,42.22422722725352,41.77283427369718,41.99208297982394,28.1626795659507,785700,32.529999
6434,2005-09-12,41.85021783897887,42.14684366197183,41.83731842862676,41.9533899075,28.136732431690138,739200,32.18
6435,2005-09-13,41.90180645260563,41.90180645260563,41.41172558545775,41.50200211267606,27.833993510809858,911200,32.040001000000004
6436,2005-09-14,41.51489765397887,41.51489765397887,40.870058684049305,41.32144776855635,27.712898716267606,1314900,32.220001
6437,2005-09-15,41.26985915492958,41.55359072630282,41.06350985915493,41.55359072630282,27.868589259929575,1119400,32.650002
6438,2005-09-16,41.91470070422535,42.108155748380284,41.46331419908451,42.108155748380284,28.240522258415492,2072600,32.16
6439,2005-09-19,41.91470070422535,41.91470070422535,41.34724143052817,41.47620845070422,27.81669499140845,868900,32.110001000000004
6440,2005-09-20,41.51489765397887,42.09525504834507,41.30854835820422,41.41172558545775,27.77344030996479,1106700,31.57
6441,2005-09-21,41.26985915492958,41.28275340654929,40.560534740387325,40.715295422535206,27.306381575809862,995900,31.559998999999998
6442,2005-09-22,40.534739788732395,40.93454154929577,40.17362852112676,40.70239730186619,27.297730381584504,938600,31.76
6443,2005-09-23,40.779780867147885,41.14089084507042,40.392874647887325,40.960335211267605,27.47071170654929,811400,31.32
6444,2005-09-26,40.960335211267605,41.17958133802817,40.32839049295775,40.392874647887325,27.09013138288732,773800,31.190001000000002
6445,2005-09-27,40.44446326151409,40.599223943661976,39.92858744271126,40.22521713475352,26.977695520669013,1017900,30.969998999999998
6446,2005-09-28,40.315493661971836,40.43156514084507,39.58037558545775,39.94148427369718,26.787409227887323,967100,31.27
6447,2005-09-29,39.74803309859155,40.341288613626766,39.25795481080986,40.32839049295775,27.046881860176054,1511500,31.120001000000002
6448,2005-09-30,40.25100821735916,40.32839049295775,39.7867235915493,40.134939317852115,26.917151347605632,1155800,31.040001
6449,2005-10-03,39.77118524096386,40.10582951807229,39.462282831325304,39.95137960034639,26.794040560843374,1409600,30.23
6450,2005-10-04,39.95137960034639,40.157314540105425,38.80586521084337,38.908832680722895,26.094839956626508,1093700,30.08
6451,2005-10-05,38.76725369673193,39.14050948795181,38.65141529311747,38.7157686746988,25.965364798719882,1171700,30.1
6452,2005-10-06,38.65141529311747,38.92170361445783,37.84054518072289,38.74151054216868,25.98262729504518,1251200,30.299999
6453,2005-10-07,38.612801204819284,39.01179886350904,38.57418711652108,38.9989279297741,26.15526899051205,1118500,29.82
6454,2005-10-10,38.93457454819277,39.12763855421687,38.35538124302711,38.38112439759037,25.740922743343376,809400,29.59
6455,2005-10-11,38.291027861445784,38.49696280120482,37.91776949603916,38.08509292168675,25.542382155015062,1149800,29.57
6456,2005-10-12,38.046478833388555,38.677154586400604,37.7761905120482,38.05935105421687,25.525128668343378,953700,29.83
6457,2005-10-13,37.930640429774094,38.484091867469886,37.53164277108434,38.3939953313253,25.74955913987952,1474200,31.93
6458,2005-10-14,39.89989457831326,41.10976363649097,39.784056174698804,41.096891415662654,27.56229758582832,3779600,31.41
6459,2005-10-17,40.54344126506024,41.26421484131024,40.01573298192772,40.42760286144579,27.11343020728916,2357200,30.889999
6460,2005-10-18,40.247409789156634,40.37612041359941,39.68108870481928,39.758313020135546,26.66455768037651,2134300,31.639999
6461,2005-10-19,39.758313020135546,40.73650527108434,39.41080038347892,40.723633050256026,27.31195792468374,1709100,31.49
6462,2005-10-20,40.77511807228916,41.17411701807229,40.183053833388556,40.5305703313253,27.182487915150606,1296800,31.82
6463,2005-10-21,40.99392394578314,41.122634570225905,40.183053833388556,40.95531114457832,27.467348707665668,1576900,32.799999
6464,2005-10-24,41.17411701807229,42.46121296575302,41.1355029297741,42.21666136350904,28.31328696611446,1536500,32.32
6465,2005-10-25,41.959241401716874,42.15230798192772,41.26421484131024,41.598857831325304,27.898943293132533,1165600,32.310001
6466,2005-10-26,41.611731339246994,42.1780498493976,41.444407913599406,41.585988184683735,27.890317193343378,894800,32.18
6467,2005-10-27,41.392922891566265,41.68895308037651,41.238472973840366,41.41866475903615,27.778101957575302,1288400,32.43
6468,2005-10-28,41.31569471496988,41.83053463855422,41.31569471496988,41.74043810240964,28.29283247822289,1302000,32.549999
6469,2005-10-31,41.93350468262049,42.268146385542174,41.71469623493976,41.89488802013555,28.39752594031627,1391800,32.549999
6470,2005-11-01,42.26006948380567,42.402796153846154,42.065439611447374,42.234117882646764,28.627465421614374,973500,33.0
6471,2005-11-02,42.19519372469636,42.86990291694839,42.19519372469636,42.81800101214575,29.023234800000004,1218800,32.73
6472,2005-11-03,42.94774993533401,42.97370153649292,42.2730472306579,42.46767191295546,28.785772653962557,1294000,32.889998999999996
6473,2005-11-04,42.54552412140183,42.856925170096154,42.234117882646764,42.67527304459008,28.92649985310729,1424900,33.419998
6474,2005-11-07,42.80502845535426,43.44080829959514,42.6882520889575,43.362954793633605,29.392625694731784,1131700,33.369999
6475,2005-11-08,42.97370153649292,43.37593254048583,42.97370153649292,43.298080332039476,29.34865160769231,954700,33.43
6476,2005-11-09,43.37593254048583,43.59650752642713,43.22023201613867,43.37593254048583,29.401413765060727,880100,33.810001
6477,2005-11-10,43.42783444528847,44.05064173273786,43.337009680050606,43.86898960723178,29.735625130657898,1294200,34.0
6478,2005-11-11,44.01171238472672,44.11551619433199,43.4927089068826,44.11551619433199,29.9027295159413,662000,33.82
6479,2005-11-14,44.03766398588563,44.03766398588563,43.58353496963563,43.88196346153846,29.744420986077937,602000,33.509997999999996
6480,2005-11-15,43.99873982793522,44.11551619433199,43.401884141644736,43.47973116003036,29.471772823329964,1527100,33.459998999999996
6481,2005-11-16,43.726262937191294,43.778164841993934,43.064527599245956,43.41485669843624,29.427802628836037,734800,33.919998
6482,2005-11-17,43.337009680050606,44.11551619433199,43.27212873088057,44.01171238472672,29.832361375065794,832600,33.959998999999996
6483,2005-11-18,44.504769451472676,44.504769451472676,43.83006155673583,44.06361428952935,29.867544796745953,1265200,34.150002
6484,2005-11-21,43.98576727114373,44.413944686234814,43.92088632197368,44.31014606669029,30.03464009942308,844000,34.139998999999996
6485,2005-11-22,43.98576727114373,44.375020528284416,43.817087702429156,44.297167022322874,30.025861111700408,1090100,34.209998999999996
6486,2005-11-23,43.9338653663411,44.530721052631584,43.9338653663411,44.387993085075905,30.087423017034414,784400,34.369999
6487,2005-11-25,44.54369879948381,44.64749741902834,44.27121671867915,44.595595514225714,30.22814502611842,301000,34.330002
6488,2005-11-28,44.569643913066805,44.764273785425104,44.413944686234814,44.54369879948381,30.192973282074902,791300,34.130001
6489,2005-11-29,44.73832348178138,44.85509984817814,44.23229256072875,44.28419446553138,30.017063958765185,1117000,33.689999
6490,2005-11-30,44.154440352282386,44.36204278143219,43.63543687443826,43.71328519033907,29.630077460647776,1073600,34.200001
6491,2005-12-01,44.0864012195122,44.5684320813567,44.02126304059452,44.55540679059451,30.20090060931403,1223300,34.27
6492,2005-12-02,44.39907333728658,44.75082132734756,44.38604283536585,44.64660076219512,30.262724491402434,1015900,33.880001
6493,2005-12-05,44.39907333728658,44.51631919320122,43.904011973521335,44.13851410766768,29.918315115350605,669400,33.900002
6494,2005-12-06,44.13851410766768,44.5684320813567,44.07337592875,44.16457120314024,29.93597833721037,964600,33.52
6495,2005-12-07,44.229709382057926,44.229709382057926,43.31775533536585,43.66950853658537,29.600416205564027,956500,33.459998999999996
6496,2005-12-08,43.61739695121951,43.93006776620427,43.31775533536585,43.591339855746945,29.54742784277439,786800,33.799999
6497,2005-12-09,43.70859092282012,44.425123918810975,43.70859092282012,44.034288331356706,29.84767004464939,857200,33.720001
6498,2005-12-12,44.16457120314024,44.26879176829268,43.66950853658537,43.93006776620427,29.77702757952744,595500,34.189999
6499,2005-12-13,43.86492437612805,44.73779603658537,43.74767852021341,44.54237628867378,30.192071603963413,717900,34.360001000000004
6500,2005-12-14,44.29484756097561,44.855047103658535,44.28182227021342,44.76385313205793,30.342188145137193,896100,34.299999
6501,2005-12-15,44.842016601737804,44.86807369721036,44.38604283536585,44.685683148429874,30.2892049935061,870900,34.939999
6502,2005-12-16,45.14166342875,45.61066248588414,44.933217087286586,45.51946851428354,30.854372073064024,2400600,34.580002
6503,2005-12-19,45.4152479491311,45.428273239893294,44.95926766881097,45.050468154359756,30.536460135381095,815600,34.689999
6504,2005-12-20,44.99835526620427,45.37616556289634,44.92018658536585,45.19377110574695,30.63359873608232,757100,34.73
6505,2005-12-21,45.28496507734755,45.59763719512195,45.1025758313567,45.24588399390244,30.66891866585366,867700,34.720001
6506,2005-12-22,45.45432903257622,45.467360837286584,45.115606333277434,45.23285740035062,30.660100082820122,1617100,34.849998
6507,2005-12-23,45.33707796550304,45.50644192073171,45.31102217282012,45.40221614442073,30.774886271905483,487400,34.549999
6508,2005-12-27,45.31102217282012,45.59763719512195,45.011380556966465,45.011380556966465,30.5099666053811,587700,34.52
6509,2005-12-28,44.90715999181403,45.19377110574695,44.89412948989329,44.97229817073171,30.483478286539633,622100,34.330002
6510,2005-12-29,44.94624237804878,45.16771401027439,44.63357026027438,44.72477074582317,30.31570894582317,664400,34.16
6511,2005-12-30,44.451181014283534,44.72477074582317,44.13851410766768,44.50329390243902,30.165578073963413,1163000,34.490002000000004
6512,2006-01-03,44.21837648204236,44.65797436403934,43.5719090085174,44.59332890962179,30.226602971527985,1584300,34.549999
6513,2006-01-04,44.502818291588504,44.74847981033283,44.412312845295006,44.67090112763994,30.279180171149772,824100,34.869999
6514,2006-01-05,44.761406573933435,45.16221770045386,44.67090112763994,45.08464031069592,30.559634569319215,1638100,34.91
6515,2006-01-06,45.188077692329806,45.2010044559304,44.74847981033283,45.13635900151285,30.594689914538574,998700,35.119999
6516,2006-01-09,45.13635900151285,45.45959273827534,44.890702654508324,45.40787404745839,30.778726274901665,1258500,35.060001
6517,2006-01-10,45.14928576511347,45.44666597467474,45.04585355521937,45.33030053650529,30.726149075279878,1148700,34.759997999999996
6518,2006-01-11,43.98564689863843,45.123432237912255,43.97271496329803,44.94241617358547,30.46322170325265,1911700,34.240002000000004
6519,2006-01-12,44.92948940998487,44.92948940998487,44.140797799349464,44.270095172859314,30.007504801270805,1355900,34.709998999999996
6520,2006-01-13,44.3993860816944,44.87777071916792,44.24423518098336,44.87777071916792,30.41940672376702,1155000,34.380001
6521,2006-01-17,44.580396974281385,44.59332890962179,44.231303245642955,44.45110477251135,30.130201741875947,939100,34.610001000000004
6522,2006-01-18,44.34766739087746,44.838983963691376,44.270095172859314,44.74847981033283,30.33177935066566,1176900,34.869999
6523,2006-01-19,44.74847981033283,45.44666597467474,44.43817283717095,45.08464031069592,30.559634569319215,2337200,33.630001
6524,2006-01-20,45.17514575698941,45.2010044559304,43.4814035622239,43.4814035622239,29.472911109909223,2069400,33.540001000000004
6525,2006-01-23,43.442611635007566,43.7011999173525,43.31332072617246,43.36503941698942,29.394040785204236,1457200,33.59
6526,2006-01-24,43.377966180590015,43.610695763993945,43.352107481649014,43.42968487140696,29.437853178819967,1429700,33.549999
6527,2006-01-25,43.468471626883506,43.5719090085174,43.145237890121024,43.377966180590015,29.40279266186082,1183700,33.900002
6528,2006-01-26,43.830497290862326,43.921001444220884,43.546049016641454,43.830497290862326,29.70953372043873,1241300,34.099998
6529,2006-01-27,43.727059909228444,44.33474062727685,43.468471626883506,44.08907910853252,29.884824668819967,1295600,33.389998999999996
6530,2006-01-30,43.597767707458395,43.727059909228444,43.11937789824508,43.171096589062024,29.566037335340393,1210400,33.18
6531,2006-01-31,43.11937789824508,43.377966180590015,42.89958154311649,42.89958154311649,29.380095188865354,1855700,33.509997999999996
6532,2006-02-01,42.555154604932056,43.277741904323115,42.555154604932056,43.23902806855561,29.612555303673886,1610800,33.360001000000004
6533,2006-02-02,43.16161201001007,43.25193397081027,42.83902897025164,43.04548211569704,29.480020126290896,1039500,33.130001
6534,2006-02-03,42.70999188335179,43.13580407649724,42.6712844992451,42.74870571911928,29.27676184327127,907600,33.290001000000004
6535,2006-02-06,42.65838246798692,43.12289817424258,42.606767891293416,42.95515886456467,29.41815773159034,768200,33.130001
6536,2006-02-07,42.90354428787116,43.071288758877714,42.439023420286865,42.74870571911928,29.27676184327127,1255700,33.439999
6537,2006-02-08,42.697091142425776,43.17451275093609,42.56806050718672,43.148706107755416,29.55070968329139,756600,33.549999
6538,2006-02-09,43.148706107755416,43.574517010568705,42.90354428787116,43.29064264524912,29.647916856492202,850900,33.82
6539,2006-02-10,43.31645057876196,43.79387218727227,42.968059605490694,43.639033618520386,29.88650701469049,946100,33.799999
6540,2006-02-13,43.639033618520386,43.72935557932058,43.44548121400101,43.61322568500755,29.868830754443888,645200,34.369999
6541,2006-02-14,43.61322568500755,44.568074063356825,43.58741904182687,44.34871501565677,30.372545461358836,1000600,34.560001
6542,2006-02-15,44.25839176452442,44.82614178549573,44.21968309008557,44.5938807065375,30.540439610895827,1597900,34.889998999999996
6543,2006-02-16,44.90355784404127,45.0196877383543,44.542266129843995,45.0196877383543,30.832057259501767,923100,34.869999
6544,2006-02-17,45.03259493094112,45.07130231504781,44.83904252642175,44.99388109517363,30.81439390257675,830400,34.610001000000004
6545,2006-02-21,45.097110248560654,45.16162556618018,44.606782737795676,44.65839731448919,30.584641229335684,1203800,35.209998999999996
6546,2006-02-22,44.77452720880222,45.47130786501259,44.76162130654757,45.432594029245095,31.114838713482637,1363900,34.93
6547,2006-02-23,45.41969328831908,45.47130786501259,45.07130231504781,45.07130231504781,30.86740074766986,1080200,35.080002
6548,2006-02-24,45.05839641279316,45.41969328831908,44.86484916960242,45.26485471956719,30.999975925349773,819500,35.25
6549,2006-02-27,45.39388535480625,45.72937042582285,45.2261408837997,45.484208605938605,31.150189943643685,656800,34.779999
6550,2006-02-28,45.2261408837997,45.458401962757925,44.64549012190237,44.877751200860594,30.73484492497232,1392300,34.950001
6551,2006-03-01,44.643511343288296,44.91298798798799,44.59218093093093,44.84882785980481,30.71504802900901,834300,34.630001
6552,2006-03-02,44.20721374569069,44.60501064675675,44.143053617507505,44.43819482677177,30.433823429879876,938400,34.43
6553,2006-03-03,44.15588333333333,44.579351215105106,44.09172320515016,44.18154789789789,30.258058376231233,814200,34.290001000000004
6554,2006-03-06,44.20721374569069,44.27137387387388,43.64258947558558,44.001897229174176,30.135017320795793,897400,34.549999
6555,2006-03-07,43.937737100990994,44.38686441441442,43.83507627627627,44.33553400205706,30.363507655885886,650100,34.77
6556,2006-03-08,44.19437889695195,44.78466773162162,44.09172320515016,44.6178454954955,30.55685806917418,869100,34.509997999999996
6557,2006-03-09,44.59218093093093,44.77183159965465,44.245709309309305,44.2842035896997,30.32836260117117,866300,34.900002
6558,2006-03-10,44.27137387387388,44.91298798798799,44.22004346151651,44.78466773162162,30.671102595105104,730100,35.099998
6559,2006-03-13,44.91298798798799,45.16963491686186,44.87449242436937,45.04130824435435,30.84687149843844,1530700,35.560001
6560,2006-03-14,45.04130824435435,45.70858820626126,44.91298798798799,45.631597079024026,31.25113330331832,1108900,35.740002000000004
6561,2006-03-15,45.5546021021021,46.06789595984985,45.310790021966966,45.86257944333334,31.409321979924925,1183600,35.900002
6562,2006-03-16,46.093555391501496,46.196216216216214,45.81124903097597,46.06789595984985,31.54994454531531,1274300,36.02
6563,2006-03-17,46.2603763443994,46.350202320375374,46.05505982788288,46.221880780780786,31.65538997528528,1908100,36.310001
6564,2006-03-20,46.3887030169069,46.60684924924925,46.13205608803303,46.5940182501952,31.91025963306306,1505100,36.130001
6565,2006-03-21,46.452863145090085,46.46569286091591,46.13205608803303,46.36303716911411,31.752065823543543,1742600,36.119999
6566,2006-03-22,46.44002829635135,46.44002829635135,46.029395263318314,46.350202320375374,31.743265444354357,1190400,35.950001
6567,2006-03-23,46.350202320375374,46.350202320375374,45.95240413608108,46.13205608803303,31.59387843016517,879900,35.880001
6568,2006-03-24,45.92673957151652,46.11922123929429,45.772748334444444,46.042230112057055,31.532354052762763,570400,35.779999
6569,2006-03-27,45.92673957151652,46.05505982788288,45.836913595540544,45.91390472277777,31.444473450780784,603200,35.5
6570,2006-03-28,45.824078746801796,45.96523513513514,45.374951433378385,45.5546021021021,31.198405455420417,887100,35.470001
6571,2006-03-29,45.721423054999995,45.721423054999995,45.16963491686186,45.516106538483484,31.172037681786787,999900,35.119999
6572,2006-03-30,45.451941277387384,45.65726292681682,44.96431840034535,45.06697409214714,30.86444017611111,1472700,35.169998
6573,2006-03-31,45.13113422033033,45.49044197391892,45.06697409214714,45.13113422033033,30.908386893243243,1166400,35.16
6574,2006-04-03,45.06847576785112,45.31023596222829,44.72493232147891,44.737653796526054,30.63890793745906,1342100,35.540001000000004
6575,2006-04-04,44.78855114833251,45.42475214088834,44.72493232147891,45.22116782327048,30.97004546447643,1168700,35.25
6576,2006-04-05,45.361133314034745,45.37385478908188,44.69948300937469,44.85216997518611,30.7173337062134,1172000,35.16
6577,2006-04-06,44.72493232147891,44.77582458367742,44.35593447339455,44.737653796526054,30.63890793745906,1314100,34.860001000000004
6578,2006-04-07,44.85216997518611,45.10665164461043,44.292314374138954,44.35593447339455,30.37748404280397,1342000,35.459998999999996
6579,2006-04-10,44.406831825200996,45.195718511166255,44.406831825200996,45.11937311965757,30.900322925300248,1260300,35.060001
6580,2006-04-11,45.18299194651116,45.20844125861539,44.44500133995037,44.610414870416875,30.551775121920592,1297200,35.209998999999996
6581,2006-04-12,44.58496683071464,44.87761801488834,44.35593447339455,44.801272623379646,30.682473709027292,1033100,35.360001000000004
6582,2006-04-13,44.67403496967246,45.0812023325062,44.610414870416875,44.99213546595038,30.81319647177171,1100900,35.580002
6583,2006-04-17,45.0812023325062,45.67923381031266,44.890340762337466,45.27206517507693,31.00490164445658,1879900,35.849998
6584,2006-04-18,44.534069478908194,45.71740332506204,44.35593447339455,45.615608621449134,31.240173861111664,1978500,35.57
6585,2006-04-19,45.551989794595535,45.66650597325558,45.11937311965757,45.259338610421835,30.99619587007444,1373500,35.599998
6586,2006-04-20,45.00485694099752,45.488370967741936,44.95396467879901,45.29750812517121,31.02231955523077,1536000,35.709998999999996
6587,2006-04-21,45.488370967741936,45.526541754893294,45.195718511166255,45.43747361593548,31.118189955200997,1280300,35.68
6588,2006-04-24,45.38657626412903,45.57743910669976,45.0812023325062,45.39930282878412,31.09203191519107,1067500,35.490002000000004
6589,2006-04-25,45.412025576233255,45.42475214088834,44.890340762337466,45.15754899641688,30.926484782516127,949100,35.860001000000004
6590,2006-04-26,45.361133314034745,45.74285263716626,45.361133314034745,45.62833645850621,31.248896176719605,1425800,36.099998
6591,2006-04-27,44.85216997518611,46.16274274744912,44.85216997518611,45.93370911772705,31.768102351548382,1227000,36.509997999999996
6592,2006-04-28,45.78102342431762,46.5953594223871,45.76830067686849,46.45539393162283,32.12889956883871,1497800,35.98
6593,2006-05-01,46.15002126611852,46.365258882029636,45.42833371056297,45.5549442962963,31.506134996725926,1286300,35.990002000000004
6594,2006-05-02,45.5549442962963,45.78284562962963,45.35236533333334,45.56760801371853,31.51489906911111,863300,35.950001
6595,2006-05-03,45.42833371056297,45.5549442962963,45.12446273388147,45.51696200685926,31.479875698651853,861800,36.09
6596,2006-05-04,45.833491636488894,45.92211866666668,45.694217333333334,45.694217333333334,31.60246635808889,755300,36.34
6597,2006-05-05,45.934778585733326,46.1753436364889,45.871473925925926,46.01074696296297,31.821378249940746,1022200,36.419998
6598,2006-05-08,46.02340561591111,46.41590488888889,46.02340561591111,46.11203391220741,31.891419926385186,802900,36.490002000000004
6599,2006-05-09,46.15002126611852,46.327276592592604,46.11203391220741,46.20066727297779,31.952722852814816,661800,36.349998
6600,2006-05-10,46.1373575486963,46.25130821536296,45.808168,46.02340561591111,31.830129661140745,643200,35.869999
6601,2006-05-11,45.833491636488894,45.884137643348154,45.12446273388147,45.415669993140746,31.409813764311117,907000,35.68
6602,2006-05-12,45.44099236351111,45.668894962962966,45.09914036351111,45.17510874074075,31.243434395911116,898600,36.130001
6603,2006-05-15,45.390346356651854,45.99808831001482,45.07381672702222,45.744863340192595,31.63748846242963,1869800,36.169998
6604,2006-05-16,46.02340561591111,46.02340561591111,45.50429828943704,45.79550428257778,31.672519429600005,1088100,35.880001
6605,2006-05-17,45.45365734705185,45.79550428257778,45.32704169684445,45.42833371056297,31.41856770774815,2228500,35.57
6606,2006-05-18,44.795274451303705,45.60558903703704,44.795274451303705,45.035835703703704,31.14713848586667,1346800,35.759997999999996
6607,2006-05-19,45.51696200685926,45.58026666666667,45.16244502331852,45.27639568998518,31.313486201303704,1449800,35.779999
6608,2006-05-22,45.20043237722963,45.6182489561037,45.035835703703704,45.30171932647407,31.331009281600004,1084000,35.650002
6609,2006-05-23,45.390346356651854,45.54228437722964,45.09914036351111,45.137127717422224,31.217181428429633,1197900,35.529999
6610,2006-05-24,45.07381672702222,45.466316,44.54204948148148,44.985189696844444,31.112098655866667,2104500,34.439999
6611,2006-05-25,46.339935245540744,46.339935245540744,43.491168578874074,43.605120511659266,30.15762888008889,7443900,34.380001
6612,2006-05-26,43.68108888888889,44.04826452537778,43.27593096296297,43.52915593278519,30.105097622755558,2646900,33.779999
6613,2006-05-30,43.377217912207406,43.52915593278519,42.76948228943703,42.76948228943703,29.579690090533337,2107600,33.849998
6614,2006-05-31,43.022707259259256,43.12399800685926,42.28836105075556,42.85810931961481,29.640995549200003,3218700,34.310001
6615,2006-06-01,42.83680440008872,43.41806947456383,42.798891934997535,43.354888350857564,29.98457476948743,2661200,34.34
6616,2006-06-02,43.40542945895515,43.59497535731887,43.279069738787584,43.392795761458856,30.010789881335633,2441300,33.939999
6617,2006-06-05,43.316977149388855,43.392795761458856,42.87471054706752,42.8873455081863,29.66120240575653,1605400,33.830002
6618,2006-06-06,42.96316412025628,42.96316412025628,42.48298631646624,42.74835082689995,29.565074853282404,2568900,34.0
6619,2006-06-07,42.93789167077377,43.30434218827009,42.74835082689995,42.96316412025628,29.71364779292262,1615300,34.07
6620,2006-06-08,42.824164384480035,43.15271001862001,42.47035261896994,43.051617693445046,29.77481975689502,1466500,34.099998
6621,2006-06-09,42.96316412025628,43.36752331197635,42.74835082689995,43.08952384042385,29.80104497772302,1105200,33.919998
6622,2006-06-12,43.08952384042385,43.266436041291286,42.77361822189256,42.86207179508132,29.643731561429277,979800,33.66
6623,2006-06-13,42.86207179508132,43.10216385603253,42.44507890586496,42.53353247905372,29.41649812277476,1492400,33.27
6624,2006-06-14,42.432445208368655,42.760984524396264,41.472089600788564,42.040719714144906,29.075686505278462,1806300,33.77
6625,2006-06-15,42.10390083785116,42.6725309512075,41.93962865259241,42.6725309512075,29.512644629586003,1112100,33.77
6626,2006-06-16,42.62198605224248,42.798891934997535,42.49562506845244,42.6725309512075,29.512644629586003,1579700,33.540001000000004
6627,2006-06-19,42.71043836180877,42.8873455081863,42.3187191856974,42.381899045781175,29.311643993494332,1766600,33.59
6628,2006-06-20,42.48298631646624,42.81153068698374,42.3187191856974,42.44507890586496,29.355332476914736,1395300,33.529999
6629,2006-06-21,42.331352883193695,42.65989219922129,42.26817302310991,42.369260293794966,29.30290478046328,881700,33.369999
6630,2006-06-22,42.24289931000493,42.381899045781175,41.97753985406112,42.16708069793495,29.16306599936422,926500,32.889998999999996
6631,2006-06-23,41.86381383138985,41.92699369147363,41.3710023301035,41.56054191035485,28.743588828363727,1241700,33.040001000000004
6632,2006-06-26,41.63636178604731,41.76272150621488,41.421543438201084,41.75008780871858,28.874673232962046,947600,32.689999
6633,2006-06-27,41.77536025820108,41.88908754449482,41.26991000492853,41.30781741552982,28.568795722385413,825200,32.93
6634,2006-06-28,41.57318192596353,41.76272150621488,41.3836360275998,41.61108807294234,28.77854315324298,1049800,33.330002
6635,2006-06-29,41.61108807294234,42.19235314741744,41.44681588768359,42.11653958983736,29.128111674484966,1548800,33.119999
6636,2006-06-30,42.30608043371119,42.30608043371119,41.82590136629867,41.851175079403646,28.944578091853128,1440600,33.599998
6637,2006-07-03,42.01755595686486,42.370330842206386,41.75297888752334,42.33253015833907,29.277502133778874,988700,33.18
6638,2006-07-05,42.11835022113022,42.19394654927765,41.66478737100737,41.80337601965602,28.911529829395583,1345400,33.220001
6639,2006-07-06,41.80337601965602,41.866370859950855,41.65218966284521,41.8537731517887,28.94638613442752,1136800,33.279999
6640,2006-07-07,41.8537731517887,42.33253015833907,41.70258175539067,41.92936444034889,28.998663032594596,1143600,33.349998
6641,2006-07-10,41.992363060334156,42.18134506142506,41.904165244334145,42.01755595686486,29.05965715676167,893100,33.48
6642,2006-07-11,41.95456237646683,42.206542997542996,41.58919104285995,42.18134506142506,29.172925659302212,923300,32.73
6643,2006-07-12,42.206542997542996,42.206542997542996,41.16082612885504,41.236422457002455,28.519419705877155,1118300,32.450001
6644,2006-07-13,41.17342761670762,41.4128067499312,40.7828583469828,40.88365261124816,28.27543942951843,1413700,34.130001
6645,2006-07-14,42.71050423969533,43.02547844116954,41.91676673218674,43.00027924515479,29.7393084887027,6409000,35.419998
6646,2006-07-17,43.05067133770025,44.73893305760196,42.987677757302215,44.62554234507125,30.863369520471743,5717700,35.48
6647,2006-07-18,44.66334302893858,45.00351516653072,44.398765959597064,44.70113867321867,30.915648938432433,3343700,36.23
6648,2006-07-19,44.85232377013268,45.68385566202457,44.827130873601966,45.64606127764127,31.56916119134153,3140400,35.919998
6649,2006-07-20,45.68385566202457,45.68385566202457,45.2050986554742,45.25549074801966,31.29904309584767,2131000,35.82
6650,2006-07-21,44.47435598826044,45.54527205296315,44.47435598826044,45.12950358722359,31.211907372855038,2470800,36.279999
6651,2006-07-24,45.25549074801966,45.74685428200983,45.2050986554742,45.70905485803931,31.612723383302214,1692600,36.23
6652,2006-07-25,45.58306643734644,45.671259213759214,45.2806899440344,45.64606127764127,31.56916119134153,1808200,36.77
6653,2006-07-26,45.58306643734644,46.43979752525308,45.507471369095825,46.326405552825555,32.03970241082064,2472300,36.27
6654,2006-07-27,46.427194777503686,46.427194777503686,45.58306643734644,45.696457149877155,31.604006157302212,2173200,36.57
6655,2006-07-28,45.75945199017199,46.27600968058968,45.52007285694841,46.0744261916462,32.175895995641284,1974100,36.290001000000004
6656,2006-07-31,45.671259213759214,45.973636966968066,45.29329143188698,45.721656345891894,31.929558452358723,2231000,36.580002
6657,2006-08-01,45.732553573374204,46.072058379651786,45.35532726826876,45.99661663942128,32.1215770383178,1939400,36.740002000000004
6658,2006-08-02,46.05948664241785,46.19780467277097,45.78285183913683,46.19780467277097,32.26207167170672,1518700,36.84
6659,2006-08-03,46.16007814424227,46.36126617759196,45.97146687782737,46.32354467876411,32.34987515916135,2160800,37.040001000000004
6660,2006-08-04,46.424136180588526,46.97740704457578,46.31097294153016,46.575030977876416,32.525502252873956,2132300,36.830002
6661,2006-08-07,46.52473271211378,46.52473271211378,46.185227905836186,46.31097294153016,32.341099588631685,1299900,36.389998999999996
6662,2006-08-08,46.52473271211378,46.71334900822953,45.745130340308975,45.75770207754291,31.95473305968612,1709900,36.25
6663,2006-08-09,46.27324641300147,46.39899270612065,45.53136554002452,45.58166380578715,31.831789567356545,1574900,36.549999
6664,2006-08-10,45.58166380578715,46.10977987847965,45.393047509671405,45.9588901108926,32.09522895050025,1856200,36.450001
6665,2006-08-11,45.9588901108926,45.9588901108926,45.455923799794014,45.83315010489946,32.007407859092694,1186700,36.060001
6666,2006-08-14,46.27324641300147,46.27324641300147,45.16671097215301,45.342754273609614,31.664950618425703,1865800,36.77
6667,2006-08-15,45.90859184512996,46.39899270612065,45.694832074546355,46.235524914173624,32.28842981892594,1898200,36.790001000000004
6668,2006-08-16,46.52473271211378,46.52473271211378,46.00918837665523,46.26067467576754,32.305978445134876,1191000,36.860001000000004
6669,2006-08-17,46.285823179936244,46.38641468176066,45.82057333796469,46.348694440358024,32.3674413893232,1702600,36.720001
6670,2006-08-18,46.52473271211378,46.52473271211378,46.04690987548308,46.172654911177055,32.244494124718,1399300,36.639998999999996
6671,2006-08-21,46.04690987548308,46.210376410004905,45.89602010789603,46.072058379651786,32.17424680802355,1079100,36.900002
6672,2006-08-22,46.210376410004905,46.46186270911721,46.072058379651786,46.39899270612065,32.402575107072096,1600900,36.810001
6673,2006-08-23,46.4367129475233,46.4367129475233,46.02176011388916,46.285823179936244,32.32354467529671,2054600,37.040001000000004
6674,2006-08-24,46.248097908832754,46.58760271511035,46.147506407008336,46.575030977876416,32.525502252873956,2234600,36.68
6675,2006-08-25,46.32354467876411,46.39899270612065,46.0972081412457,46.12235664541442,32.20938304062285,1394800,36.400002
6676,2006-08-28,45.89602010789603,46.16007814424227,45.68226033731241,45.77028010190289,31.963518689617462,2227700,36.130001
6677,2006-08-29,45.8457218421334,45.8457218421334,45.30502900250613,45.4307740382001,31.726416077464442,1747900,36.110001000000004
6678,2006-08-30,45.393047509671405,45.55651530161844,45.04097096615988,45.405625534031394,31.708862421554684,1177900,35.990002000000004
6679,2006-08-31,45.5439423069593,45.5439423069593,45.11641773609122,45.25473576644434,31.603483901961745,1217700,36.130001
6680,2006-09-01,45.46513661902415,45.73049607496797,45.41459045643666,45.654681253765396,31.882780868383435,1546400,36.25
6681,2006-09-05,45.55358892859044,45.907407012212914,45.30086317014293,45.806314687037954,31.988673695337603,1611000,36.299999
6682,2006-09-06,45.61676878867422,46.299126188324294,45.578862641695416,45.86949454712173,32.03278422866437,2283800,36.07
6683,2006-09-07,45.856860849625434,45.86949454712173,45.45250165790538,45.578862641695416,31.82983382309512,1241100,36.150002
6684,2006-09-08,45.806314687037954,45.83158713652046,45.30086317014293,45.67995496687038,31.900434937969447,1490200,36.130001
6685,2006-09-11,45.59150139368162,45.856860849625434,45.326136883247905,45.654681253765396,31.882780868383435,1706800,36.389998999999996
6686,2006-09-12,45.856860849625434,46.07167414298176,45.45250165790538,45.983220569793,32.11222311912272,1905400,36.639998999999996
6687,2006-09-13,45.932674407205525,46.47603333470182,45.844222097639225,46.299126188324294,32.33281874892065,1994000,36.82
6688,2006-09-14,46.311766203932976,46.627671822464265,46.235946328240516,46.52657949728931,32.49167378463282,1602400,36.990002000000004
6689,2006-09-15,46.652939217456876,46.75403154263184,46.45075962159684,46.74139784513554,32.641689781138496,1624200,36.630001
6690,2006-09-18,46.627671822464265,46.627671822464265,46.04640169349926,46.286492490827996,32.32400750940858,1334300,36.490002000000004
6691,2006-09-19,46.185400165653036,46.235946328240516,45.86949454712173,46.109586608072945,32.200461876490884,1090800,36.68
6692,2006-09-20,46.17276646815674,46.58975935737309,46.059040445485465,46.34967235091178,32.36812815171513,1619500,36.43
6693,2006-09-21,46.42549222660425,46.42549222660425,45.73049607496797,46.033766732380485,32.14751988569246,1350600,36.259997999999996
6694,2006-09-22,46.17276646815674,46.17276646815674,45.654681253765396,45.81894838453425,31.997508943676692,1287500,36.490002000000004
6695,2006-09-25,46.12222030556924,46.17276646815674,45.61676878867422,46.109586608072945,32.200461876490884,2267400,37.029999
6696,2006-09-26,46.185400165653036,46.791938953233114,45.856860849625434,46.791938953233114,32.676973911483486,2482300,37.02
6697,2006-09-27,46.791938953233114,46.98148358797437,46.56448564426811,46.77930399211435,32.66816519921637,1645800,37.110001000000004
6698,2006-09-28,46.75403154263184,47.01939099857565,46.53921824927551,46.89303127840809,32.74756997186791,1157500,36.790001000000004
6699,2006-09-29,47.06993716116313,47.06993716116313,46.42549222660425,46.48867208668803,32.46519963017743,1580600,36.73
6700,2006-10-02,46.85642505643707,47.00888503468781,46.36092726847374,46.66584722497522,32.58892860795342,1519500,36.950001
6701,2006-10-03,46.62773318329534,47.377334323037665,46.62773318329534,46.94536078488107,32.78411331014866,2709200,37.459998999999996
6702,2006-10-04,46.78019316154608,47.64414023785926,46.78019316154608,47.59331855109514,33.23662210800297,2429500,37.810001
6703,2006-10-05,47.59331855109514,48.139638025822585,47.390036886080274,48.03799973433597,33.54716407305253,2635200,37.880001
6704,2006-10-06,47.974470402487604,48.139638025822585,47.55520450941526,48.12693546277998,33.60928822039148,1652200,37.720001
6705,2006-10-09,48.02529208925173,48.02529208925173,47.72037213275024,47.92365379776511,33.46730614146184,1957900,37.740002000000004
6706,2006-10-10,47.92365379776511,47.99988188112487,47.745783611387516,47.949065276402386,33.48506152439048,1740100,37.869999
6707,2006-10-11,47.6949619246234,48.11422781769574,47.56790834296829,48.11422781769574,33.600399729588695,2036900,38.0
6708,2006-10-12,48.139638025822585,48.29209800407334,47.961767839444995,48.27939544103072,33.71574682835976,2110600,38.869999
6709,2006-10-13,49.29580249559464,49.74048494934589,48.82571491575818,49.38473822403865,34.48765686032706,4765500,38.650002
6710,2006-10-16,49.35932674540138,49.39744586912289,48.76219066595144,49.10522974617443,34.292456912006934,2982200,38.68
6711,2006-10-17,48.72407154222993,49.283099932552034,48.685958771060456,49.1433425173439,34.31907918706144,2591600,38.349998
6712,2006-10-18,48.914650644202176,49.041699143815656,48.29209800407334,48.72407154222993,34.02628371136769,2527100,38.060001
6713,2006-10-19,48.571612834489585,48.58432047957384,48.050703567889,48.35562733592171,33.76897232081268,1829600,37.939999
6714,2006-10-20,48.53349879280971,48.53349879280971,48.06341121297324,48.20316354613974,33.662513712844394,1564900,38.009997999999996
6715,2006-10-23,48.02529208925173,48.36833116947473,47.949065276402386,48.29209800407334,33.724611179464816,1746500,38.080002
6716,2006-10-24,48.15234694141724,48.41915285623885,48.12693546277998,48.38103881455897,33.7867226216997,1670700,37.98
6717,2006-10-25,48.39374137760159,48.50808731417245,47.98717804757185,48.25398523290386,33.69800033900396,1293400,38.130001
6718,2006-10-26,48.35562733592171,48.482677106045585,48.076113776015866,48.44456306436571,33.83110027968285,1031700,37.939999
6719,2006-10-27,48.4064439406442,48.43185541928147,48.08881633905847,48.20316354613974,33.662513712844394,1487100,37.880001
6720,2006-10-30,48.012589526209126,48.24128139935085,47.898243589638255,48.12693546277998,33.92221239245292,1697500,37.950001
6721,2006-10-31,48.21587119122398,48.38103881455897,48.076113776015866,48.21587119122398,33.98489048232904,1631200,37.77
6722,2006-11-01,48.35127543424318,48.554859751861045,48.03317493796526,48.0586229776675,33.87405996671464,1192200,37.360001000000004
6723,2006-11-02,47.905937284258066,47.905937284258066,47.38425247036229,47.536939436173704,33.5063586962531,1498900,37.139998999999996
6724,2006-11-03,47.86776140749876,47.86776140749876,47.25700845464516,47.25700845464516,33.30904477561786,4455600,37.66
6725,2006-11-06,47.39697394540943,48.09679376481886,47.333355118555836,47.9186587593052,33.775405551201,1918600,37.619999
6726,2006-11-07,47.84231209539454,47.94410679900744,47.58783678798015,47.86776140749876,33.73952890482879,1929600,37.349998
6727,2006-11-08,47.88048797215385,48.13496964157817,47.49876864902234,47.524211599116626,33.49738317265013,2806300,37.209998999999996
6728,2006-11-09,47.676903654535984,47.74052248138958,47.24428697959802,47.34607659360297,33.37183145157321,3060600,37.290001000000004
6729,2006-11-10,47.460592772263034,47.460592772263034,47.07887344913152,47.44787129721588,33.44358092711166,2205900,37.02
6730,2006-11-13,47.524211599116626,47.58783678798015,47.05342540942928,47.104321488833754,33.20143137772705,2118000,36.990002000000004
6731,2006-11-14,47.26973629170224,47.282457766749374,46.150020000000005,47.06615197408437,33.174516258535974,3750400,36.720001
6732,2006-11-15,46.90073844361787,47.11704423628287,46.55718863523573,46.722602165702234,32.93236161954343,2575400,37.060001
6733,2006-11-16,47.1552188406402,47.39697394540943,46.97707874551861,47.1552188406402,33.23729148287345,2896200,37.029999
6734,2006-11-17,46.875289131513654,47.11704423628287,46.60808598704218,47.11704423628287,33.210378908486355,2567300,37.009997999999996
6735,2006-11-20,46.239088138957825,47.12977080093797,46.239088138957825,47.09159492417866,33.19244949211414,1734700,36.540001000000004
6736,2006-11-21,47.09159492417866,47.14249227598511,46.366327065067,46.49356980838214,32.770933252094295,2312800,36.799999
6737,2006-11-22,46.62080746208933,46.90073844361787,46.40450166942433,46.8243917797072,33.004100915866005,2732700,36.790001000000004
6738,2006-11-24,46.46812049627792,47.00252805762283,46.37905362972209,46.811670304660055,32.995145750694796,969300,36.330002
6739,2006-11-27,46.722602165702234,46.74805147780646,46.12457196029777,46.22636666391067,32.582594855062034,3175000,36.560001
6740,2006-11-28,46.366327065067,46.60808598704218,46.18819078715136,46.51901784808437,32.788867758074446,3070000,36.860001000000004
6741,2006-11-29,46.798943740004965,46.96435727047147,46.54446716018859,46.90073844361787,33.05792097503225,2422300,36.650002
6742,2006-11-30,47.015254622277915,47.015254622277915,46.353604317617865,46.63353529914641,32.86958639520596,1879900,36.77
6743,2006-12-01,46.79290080663033,46.99618247164519,46.437154081323094,46.716667641228945,32.92818919022795,3862700,36.849998
6744,2006-12-04,46.81830593271556,47.00888503468781,46.50067833112983,46.81830593271556,32.999829460510405,2954100,36.810001
6745,2006-12-05,46.97077099300793,46.99618247164519,46.52608980976709,46.76748932799306,32.96400233756194,1844500,36.759997999999996
6746,2006-12-06,46.86912761947968,46.98347482656095,46.513387246724484,46.7039599961447,32.91923209186323,1356700,36.700001
6747,2006-12-07,46.716667641228945,46.97077099300793,46.52608980976709,46.62773318329534,32.86549966575817,1394300,36.709998999999996
6748,2006-12-08,46.66584722497522,46.66584722497522,46.246581331902874,46.64043574633796,32.874461846164515,1482400,36.490002000000004
6749,2006-12-11,46.50067833112983,46.805603369672944,46.310105581709614,46.36092726847374,32.677442526942514,2258300,36.720001
6750,2006-12-12,46.437154081323094,46.716667641228945,46.33551578983648,46.653143391422205,32.883403698404365,2637100,37.049999
6751,2006-12-13,47.07240928449455,47.148642449895945,46.78019316154608,47.07240928449455,33.17893585351338,2405400,37.369999
6752,2006-12-14,47.186755221065404,47.50438282265113,46.97077099300793,47.478972614524274,33.46549185260158,1938000,37.279999
6753,2006-12-15,47.542496864331014,47.618730029732404,47.19946413666006,47.36462667795342,33.38489702497522,4518400,37.450001
6754,2006-12-18,47.402744531164515,47.63143767481666,47.262988386466795,47.58061598805253,33.53714863951933,1680600,37.139998999999996
6755,2006-12-19,47.22486926274529,47.42815600980179,46.91994930624381,47.186755221065404,33.582333071610506,2286800,37.119999
6756,2006-12-20,47.03429524281467,47.22486926274529,46.98347482656095,47.16134501293855,33.56426260210108,1310500,37.209998999999996
6757,2006-12-21,47.08511692957879,47.326512636273534,47.08511692957879,47.27569094950941,33.64562990005451,1462100,37.23
6758,2006-12-22,47.402744531164515,47.440858572844405,47.13593353430129,47.30110242814668,33.66372323875124,1350800,37.540001000000004
6759,2006-12-26,47.36462667795342,47.733075966303275,47.326512636273534,47.6949619246234,33.944030867661056,999100,37.849998
6760,2006-12-27,47.707664487666,48.26669287798811,47.707664487666,48.08881633905847,34.22432070942518,2073800,37.610001000000004
6761,2006-12-28,48.08881633905847,48.20316354613974,47.6949619246234,47.7838976530674,34.00733023712586,992400,37.400002
6762,2006-12-29,47.84742190287413,47.949065276402386,47.390036886080274,47.51709173824579,33.817444833835474,1392200,38.02
6763,2007-01-03,47.87913971035393,48.34779670195044,47.562478725056316,48.157802644059764,34.27342048385997,4077400,37.84
6764,2007-01-04,48.13246976523595,48.13246976523595,47.663812773639435,47.929806734645496,34.11118366129654,4770900,37.189999
6765,2007-01-05,47.90447385582168,47.90447385582168,46.815158799753966,47.10648690622777,33.525213907798786,2779200,36.950001
6766,2007-01-08,47.00515792422043,47.03049080304422,46.35916571428148,46.802494893629955,33.30887112264347,1995700,37.060001
6767,2007-01-09,46.92915675446111,47.08115276076003,46.39716883244902,46.941825727160904,33.40803541015533,2328800,37.169998
6768,2007-01-10,46.92915675446111,47.18248680934313,46.72649372387064,47.08115276076003,33.50717816472018,2232000,37.290001000000004
6769,2007-01-11,47.33448281564205,47.46114974304898,46.941825727160904,47.233153833634695,33.61537869010849,1878200,37.060001
6770,2007-01-12,46.979823778752674,47.10648690622777,46.61249576916351,46.941825727160904,33.40803541015533,1601900,36.900002
6771,2007-01-16,47.05582494851198,47.05582494851198,46.485833908332346,46.739163963214374,33.26379506470832,1854700,36.709998999999996
6772,2007-01-17,46.78982592093017,46.78982592093017,45.9791737985683,46.498497814456364,33.09251820433662,2099400,37.23
6773,2007-01-18,46.63782991463126,47.309148670174295,46.485833908332346,47.15715393051932,33.56127652744843,3138900,36.470001
6774,2007-01-19,46.802494893629955,47.14448875775137,46.02984082285986,46.194505801858554,32.876169085961585,3494900,36.25
6775,2007-01-22,46.04250472898388,46.16917292303474,45.53585095243953,45.915842868152716,32.67783544436211,2856100,35.950001
6776,2007-01-23,45.59918188285511,45.839842965037356,45.29518480368153,45.53585095243953,32.40740569627401,3841500,36.220001
6777,2007-01-24,45.43451690385641,45.87784481656095,45.4218529977324,45.87784481656095,32.65079386286163,2688900,36.029999
6778,2007-01-25,45.78918100732155,45.94117574697653,45.497847834271994,45.63717993444688,32.47952586899751,2514300,36.130001
6779,2007-01-26,45.59918188285511,45.86517584386115,45.47252002202395,45.76384686185381,32.569679251511744,2031400,36.299999
6780,2007-01-29,45.70051593143823,45.99184277126809,45.59918188285511,45.9791737985683,32.72292163544878,2205500,36.200001
6781,2007-01-30,46.093171753275435,46.10584199261917,45.725843743686276,45.852511937737134,32.6327758527982,1962700,36.259997999999996
6782,2007-01-31,45.87784481656095,46.10584199261917,45.56118383126335,45.928506774276734,32.68686534901885,2347800,36.209998999999996
6783,2007-02-01,45.810074233234566,45.86047161302021,45.48249567428832,45.62108626386861,32.46807568549231,3087600,36.450001
6784,2007-02-02,45.83527229317588,46.01165745286218,45.63368781364528,45.92346550297053,32.68327593671222,1741100,36.779999
6785,2007-02-05,45.99905590308551,46.50301962171803,45.87306812318488,46.33923097219642,32.979164155573244,2537600,37.080002
6786,2007-02-06,46.42742292208806,46.83059188114929,46.30143514218743,46.71720565102531,33.24817108408886,2036300,37.27
6787,2007-02-07,46.84319343092595,46.99438053067091,46.61641089145401,46.95658470066192,33.4185250881282,1794400,37.380001
6788,2007-02-08,46.79279605114029,47.15816918019252,46.52821768165936,47.09517529024221,33.51716415367151,3332900,37.09
6789,2007-02-09,47.082573740465556,47.18336850003685,46.66680827123966,46.72980216118999,33.25714411323396,2863400,37.07
6790,2007-02-12,46.72980216118999,46.79279605114029,46.45262224193239,46.704604101248655,33.239216953488715,2037300,37.330002
6791,2007-02-13,46.868392750770276,47.03218140029189,46.60381438128935,47.03218140029189,33.472341844647886,1382000,37.349998
6792,2007-02-14,46.99438053067091,47.233765879822506,46.74239867135465,47.05737442062122,33.490261444975154,1370400,37.25
6793,2007-02-15,46.83059188114929,47.05737442062122,46.79279605114029,46.93138664072059,33.40061556702489,1608600,37.41
6794,2007-02-16,46.79279605114029,47.20856655997818,46.79279605114029,47.13297112025119,33.544064342561875,2355400,37.580002
6795,2007-02-20,47.233765879822506,47.384952979567466,46.704604101248655,47.34715714955847,33.69650378588592,1883200,37.25
6796,2007-02-21,47.30935627993749,47.334555599781815,46.72980216118999,46.93138664072059,33.40061556702489,2299300,37.439999
6797,2007-02-22,47.05737442062122,47.170766950260195,46.89359081071161,47.170766950260195,33.57096453145224,2350400,37.049999
6798,2007-02-23,47.233765879822506,47.233765879822506,46.45262224193239,46.67940478140433,33.221265855586516,1572600,36.669998
6799,2007-02-26,46.692006331180984,46.76759799119897,45.96126133297952,46.20064038261613,32.880543988574885,2454400,35.509997999999996
6800,2007-02-27,46.20064038261613,46.20064038261613,44.48717608631492,44.739152906019186,31.840414690607815,2970800,35.82
6801,2007-02-28,44.91554436522046,45.39430372439667,44.72655639585452,45.12972535491574,32.11837574972358,3269100,35.639998999999996
6802,2007-03-01,44.098228797382056,44.685041131272165,43.06194788839652,44.49775850057949,31.668614880863103,2776600,35.349998
6803,2007-03-02,44.43533303790565,44.49775850057949,43.94840593901691,44.13568232703845,31.41093739354377,3043000,34.68
6804,2007-03-05,43.885980476343065,44.13568232703845,43.29916689391873,43.29916689391873,30.81559257676575,3611500,35.650002
6805,2007-03-06,43.73615262384101,44.572673051097624,43.52390430280202,44.51024758842378,31.677505693073357,2976400,35.130001
6806,2007-03-07,44.2855101795405,44.44781588307881,43.81106592582493,43.8610085433256,31.215444401793018,2317500,35.400002
6807,2007-03-08,44.148171414882746,44.52273043359694,43.823548770998094,44.19811403238342,31.455376472184344,1743200,35.599998
6808,2007-03-09,44.38539042040497,44.58515589627079,44.13568232703845,44.44781588307881,31.63306162029588,1731900,35.650002
6809,2007-03-12,44.29799427324788,44.56018521178756,43.98586071720752,44.51024758842378,31.677505693073357,1967000,34.389998999999996
6810,2007-03-13,44.248051655747204,44.260539495057266,42.82472264020316,42.93709072037769,30.557906349706844,7451600,34.77
6811,2007-03-14,43.07443073356968,43.49893236978457,42.237915300449956,43.411534974093264,30.895568685028632,4069000,34.630001
6812,2007-03-15,42.949579808221976,43.49893236978457,42.887148102877006,43.23674143124489,31.093076811017184,2027500,34.549999
6813,2007-03-16,43.211770746761665,43.64875522814971,42.999517431585765,43.13685619624352,31.02125363123807,3159500,34.990002000000004
6814,2007-03-19,43.18679881374421,43.83603785884238,43.18679881374421,43.68621500047723,31.416314830447227,1855900,35.380001
6815,2007-03-20,43.58632976547586,44.18562494453913,43.4864495246114,44.17314209936596,31.766488727229344,1757300,36.310001
6816,2007-03-21,44.098228797382056,45.47161394689119,43.823548770998094,45.3342789278361,32.60150841634851,3046500,36.150002
6817,2007-03-22,45.184452323868285,45.29682040404281,44.77243852696346,45.134514700504496,32.457842080242706,2588700,36.130001
6818,2007-03-23,45.184452323868285,45.44664825654486,44.87231876782792,45.10954276748705,32.439890655167716,1568600,36.049999
6819,2007-03-26,45.184452323868285,45.184452323868285,44.44781588307881,45.00965753248568,32.368062481251705,1570400,35.740002000000004
6820,2007-03-27,44.77243852696346,44.94723206981184,44.460304970923104,44.622615668598314,32.089724249590944,1501700,34.950001
6821,2007-03-28,44.39787825971503,44.39787825971503,43.63627238297655,43.63627238297655,31.380405737626127,2759700,35.580002
6822,2007-03-29,43.83603785884238,44.51024758842378,43.83603785884238,44.422850192732476,31.94606665322471,2742300,35.369999
6823,2007-03-30,44.63509851377148,44.672553291962096,43.673727161167164,44.1606542600559,31.757494286678487,2634600,34.75
6824,2007-04-02,43.776395432632114,43.81360846888517,42.82122775611315,43.1065372110351,30.99945157951192,3395500,35.330002
6825,2007-04-03,43.39184666595706,43.88803826281897,43.28020259529431,43.8260157087466,31.516857795061114,2299500,35.299999
6826,2007-04-04,43.97487157518652,43.98727385314439,43.50348949614392,43.78879771058998,31.49009080628587,2584500,35.279999
6827,2007-04-05,43.8260157087466,43.900440540776835,43.50348949614392,43.763988192770675,31.472256484401463,1955600,34.740002000000004
6828,2007-04-09,43.68956212026456,43.71437287855976,43.01970389866755,43.09413493307724,30.99052759595232,3041200,34.82
6829,2007-04-10,43.26780031733645,43.41665618377637,43.00729665880612,43.193370523402656,31.06189589538721,2980700,34.369999
6830,2007-04-11,43.354633629704004,43.354633629704004,42.573132577920134,42.6351551319925,30.66046549231201,2333900,34.330002
6831,2007-04-12,42.6103443736973,42.67237313014912,42.36225415740786,42.585539817781566,30.624785684260186,2401600,34.68
6832,2007-04-13,42.65996464981179,43.09413493307724,42.23820284688368,43.01970389866755,30.937010985064305,2400700,34.599998
6833,2007-04-16,42.51110878337189,43.354633629704004,42.48629926555258,42.92046334643857,30.865641445153525,4832800,34.23
6834,2007-04-17,42.970083622553055,43.41665618377637,42.36225415740786,42.461489747733275,30.535584303416783,3762300,35.02
6835,2007-04-18,42.78401596033598,43.59032156803557,42.78401596033598,43.44146570159567,31.24030858088115,3975300,34.93
6836,2007-04-19,43.354633629704004,43.66475260244526,43.1561574871496,43.32982287140881,31.160026221693784,2947800,35.529999
6837,2007-04-20,43.42905846173422,44.1609392374036,43.1561574871496,44.07410716551193,31.6952630376997,4204300,35.290001000000004
6838,2007-04-23,44.07410716551193,44.272583308066345,43.59032156803557,43.776395432632114,31.481177987009282,1851200,35.07
6839,2007-04-24,43.639941844150066,43.83841798670448,43.32982287140881,43.50348949614392,31.28492849867916,2050300,35.490002000000004
6840,2007-04-25,43.50348949614392,44.1609392374036,43.45386922002942,44.024491851301015,31.659590672503224,2673700,35.400002
6841,2007-04-26,43.912849021114155,44.13613468148787,43.602730048372905,43.912849021114155,31.579315756171205,3175200,35.330002
6842,2007-04-27,43.88803826281897,43.96246433532509,43.639941844150066,43.8260157087466,31.516857795061114,2670100,35.09
6843,2007-04-30,44.024491851301015,44.024491851301015,43.47867873784872,43.52829901396322,31.302766541991236,2532000,35.09
6844,2007-05-01,43.46119601440738,43.58448772161443,42.968016856161846,43.26392533746255,31.112645915575452,2116400,35.009997999999996
6845,2007-05-02,43.38721827761134,43.38721827761134,42.980349972296096,43.16528753310667,31.04170121543744,2222300,35.830002
6846,2007-05-03,43.325571191066075,44.22561865462686,43.16528753310667,44.17630468421584,31.768763255327027,3022900,35.869999
6847,2007-05-04,44.373575361160675,44.49686706836773,44.028347977682024,44.22561865462686,31.80422142656613,2193500,36.080002
6848,2007-05-07,44.10232571447808,44.76811548210859,43.38721827761134,44.484540116942135,31.99043384912647,2217700,35.759997999999996
6849,2007-05-08,44.299596391422895,44.69413774531255,44.05300804524185,44.08999383128555,31.706687105059412,2945900,36.200001
6850,2007-05-09,44.00368914306392,44.68181079388697,43.90505627047497,44.63249189170902,32.09681822637763,2488600,35.73
6851,2007-05-10,44.38590231258625,44.4598800493823,44.05300804524185,44.05300804524185,31.680085154273403,2540700,36.18
6852,2007-05-11,44.188631635641435,44.62016000851651,44.13931273346349,44.60783182414919,32.07908482546201,1933800,35.849998
6853,2007-05-14,44.50919401979331,44.63249189170902,44.028347977682024,44.20095858706702,31.786494190359175,2067900,35.950001
6854,2007-05-15,44.32425645898273,44.866748354697535,44.20095858706702,44.32425645898273,31.87515626317029,2364700,36.330002
6855,2007-05-16,44.373575361160675,44.79277554966843,44.32425645898273,44.79277554966843,32.21209334645033,1919600,36.25
6856,2007-05-17,44.69413774531255,44.817429452519605,44.55851292197125,44.69413774531255,32.14114248160366,1838000,36.490002000000004
6857,2007-05-18,44.9283954412428,45.19964385498367,44.817429452519605,44.99004622661326,32.35395932083347,2592400,36.279999
6858,2007-05-21,44.99004622661326,44.99004622661326,44.55851292197125,44.73112476429797,32.16775059709833,2374300,35.98
6859,2007-05-22,44.65715072632713,44.73112476429797,44.299596391422895,44.36124347796815,31.901760679839764,2667200,35.66
6860,2007-05-23,44.398229264011846,44.53385408735315,43.94204205651866,43.966702124078495,31.618027498131752,3427800,35.52
6861,2007-05-24,43.966702124078495,44.22561865462686,43.670793642777795,43.79409028175178,31.49390478819807,2840100,35.889998999999996
6862,2007-05-25,43.90505627047497,44.25027748924496,43.69545371033763,44.25027748924496,31.821962225132122,2647400,35.700001
6863,2007-05-29,44.31192457579022,44.38590231258625,43.855737368297035,44.01602102625644,31.653504163496816,2173200,35.650002
6864,2007-05-30,43.94204205651866,44.11465389884539,43.59682083774868,43.95437517265291,31.60917251062039,2541400,35.669998
6865,2007-05-31,43.966702124078495,44.25027748924496,43.52284186801091,43.97902907550409,31.626886184468304,4170200,35.91
6866,2007-06-01,43.88166055521425,44.361576532075524,43.88166055521425,44.18929979073875,31.778101822963063,2470200,35.689999
6867,2007-06-04,44.18929979073875,44.18929979073875,43.80782467757449,43.91857603292025,31.583414178596797,2184500,35.290001000000004
6868,2007-06-05,43.84474507750825,43.93088406345511,43.364829100646986,43.426355717194944,31.229451857543964,2882200,34.950001
6869,2007-06-06,43.426355717194944,43.4509668560369,42.946439740333666,43.007966356881624,30.92856837963159,2245100,34.400002
6870,2007-06-07,42.97104595694786,43.007966356881624,42.29424086935091,42.33116126928468,30.441837578424973,3532500,34.5
6871,2007-06-08,42.24502228333782,42.65110361311626,42.011212772668365,42.45421450238059,30.530351539270082,3540200,34.540001000000004
6872,2007-06-11,42.29424086935091,42.61418813541027,42.10965978915009,42.50343801062145,30.5657534319373,2550900,33.98
6873,2007-06-12,42.45421450238059,42.50343801062145,41.81432489248963,41.81432489248963,30.070181079101708,3457000,34.34
6874,2007-06-13,41.90046264787955,42.306548899885776,41.74048901484987,42.25732539164491,30.388756274170635,3858300,34.18
6875,2007-06-14,41.949686156120414,42.1465752668561,41.81432489248963,42.06043628090924,30.56761895626152,2758400,34.5
6876,2007-06-15,42.097351758615225,42.63880050480917,42.097351758615225,42.45421450238059,30.853803431500534,6378700,34.389998999999996
6877,2007-06-18,42.577267735476504,42.688019090822266,42.281937761043814,42.31885200819286,30.755426556764515,2629000,34.380001
6878,2007-06-19,42.269628499952006,42.41729902467459,42.158878375163184,42.306548899885776,30.74647794668158,3210100,34.139998999999996
6879,2007-06-20,42.46651761068768,42.577267735476504,41.93738304781332,42.011212772668365,30.5318515881825,3824800,34.099998
6880,2007-06-21,42.011212772668365,42.25732539164491,41.60513144288992,41.9619892644275,30.496074375647943,3350300,33.52
6881,2007-06-22,41.75279704538474,41.863547170173554,41.17443405204174,41.248268699124566,29.97737739675645,5336600,33.25
6882,2007-06-25,41.285184176830555,41.59282341235505,40.79296509166219,40.9160183247581,29.735912591350218,3982200,33.34
6883,2007-06-26,41.17443405204174,41.494381318101105,40.97754494130606,41.02676844954693,29.81637994035094,4416100,33.57
6884,2007-06-27,40.94062946360007,41.34671079337851,40.85449170821014,41.30979654622946,30.022079838792045,2963200,33.549999
6885,2007-06-28,41.43284977932537,41.60513144288992,40.92832143306519,41.285184176830555,30.00420230753725,2719200,33.099998
6886,2007-06-29,41.334407685071426,41.531296795807094,40.44840545620393,40.73143232232952,29.601749890181043,4107300,33.889998999999996
6887,2007-07-02,41.246452826091335,41.99728478586552,40.85257564179857,41.714184674967235,30.315980930839803,3622500,34.07
6888,2007-07-03,41.7511095455187,42.34193209174312,41.7511095455187,41.93574251436637,30.477002119568503,1576200,33.880001
6889,2007-07-05,41.88650648160096,41.972666154047786,41.44339203367275,41.70187843623349,30.30702635124509,2656700,33.75
6890,2007-07-06,41.82496421010182,41.82496421010182,41.36954352343987,41.54186409920355,30.19074728873878,2100400,33.599998
6891,2007-07-09,41.61571753291663,41.62802500252042,41.19722171680613,41.357231130355885,30.056568914003428,2658200,32.98
6892,2007-07-10,40.97566510827705,41.283382620123,40.495627020667406,40.594094162718015,29.501948717612663,4324500,33.02
6893,2007-07-11,40.631017802399434,40.80334453251336,40.298687813086005,40.64332896461337,29.537730109890113,2980000,33.939999
6894,2007-07-12,40.8648868040125,41.82496421010182,40.64332896461337,41.775728177336426,30.36070705575159,4648400,34.049999
6895,2007-07-13,41.775728177336426,41.972666154047786,41.54186409920355,41.911123882548644,30.4591040382095,2394100,34.209998999999996
6896,2007-07-16,41.726497068051216,42.391163201028334,41.68956727401956,42.10806309013005,30.602225914709145,3311900,33.57
6897,2007-07-17,42.03421457989717,42.09575685139631,41.283382620123,41.320307490674466,30.029718714789798,4464700,33.259997999999996
6898,2007-07-18,41.271071457909066,41.34492489162214,40.50793325940115,40.93873531424538,29.752429541385222,4286900,33.080002
6899,2007-07-19,41.111062044359315,41.418779556205266,40.48331462758342,40.71718362919649,29.591396043956046,4214700,32.619999
6900,2007-07-20,40.680253835164834,40.77872590069563,39.96635166942233,40.1509797147898,29.179911263635447,4604100,32.470001
6901,2007-07-23,40.16329087700373,40.47100838884968,39.830955964210105,39.96635166942233,29.04573781238028,2941800,31.66
6902,2007-07-24,39.80633733239238,39.917115636656916,38.82164252535538,38.96934570017139,28.32115538723662,8867700,31.959999
6903,2007-07-25,39.35091418399032,39.683252789394096,38.71086422109084,39.33860548351648,28.589515829317474,4455600,31.02
6904,2007-07-26,39.31399054430891,39.31399054430891,37.51691904425849,38.18158886984575,27.748648187317272,6859700,30.280001000000002
6905,2007-07-27,38.15697146889808,38.47699768121787,37.23381893336022,37.27074626565178,27.086678890613975,6185200,30.83
6906,2007-07-30,37.29536120485936,38.05850186510737,37.20920153241254,37.947723560842824,27.578677342474037,7702900,30.07
6907,2007-07-31,37.996959593608224,38.316983344187925,36.99995239348724,37.012262324831134,26.898840736162914,5834000,30.610001
6908,2007-08-01,36.93228935771967,37.795480167566865,36.315723612734885,37.74615614109957,27.432196266866104,8251000,30.559998999999998
6909,2007-08-02,37.84480666029714,38.35038933805317,37.33922274940962,37.68449710033811,27.387385501652105,4990400,29.09
6910,2007-08-03,37.733823593068394,37.795480167566865,35.82246855048409,35.871795043214355,26.069995370104415,5265100,30.639999
6911,2007-08-06,35.99510942534281,37.82014279736626,35.64983137501984,37.78314761953568,27.459084699004897,6330700,31.08
6912,2007-08-07,37.49952860997418,38.62167826584647,37.203577052381476,38.325726708253775,27.853396989895007,5411600,31.690001000000002
6913,2007-08-08,38.47370372018161,39.6205160058533,38.04210646556078,39.0779381502667,28.400067608896823,5077200,30.09
6914,2007-08-09,38.794315441310715,38.794315441310715,36.01976958887922,37.104926533183914,26.96617614670277,7377700,30.690001000000002
6915,2007-08-10,36.82130752362241,38.12842566985865,36.636335333864,37.84480666029714,27.503888065429955,6799600,30.42
6916,2007-08-13,38.04210646556078,38.22707618905621,37.425540720576,37.511859924873875,27.26191560567919,5190800,29.51
6917,2007-08-14,37.511859924873875,37.524191239773565,36.328052461371605,36.389710269001576,26.446387794182296,5250100,29.08
6918,2007-08-15,36.192409230606444,37.15425055965121,35.72381803128653,35.859463728314665,26.06103666982979,5052400,30.530001000000002
6919,2007-08-16,35.64983137501984,38.01744383576139,35.63750006012014,37.64750562190201,27.3604995357763,7967900,32.060001
6920,2007-08-17,39.05327428733581,41.3099049139801,38.12842566985865,39.534196801555424,28.731668997864535,8377400,32.32
6921,2007-08-20,39.55886066448631,40.052110794211146,39.10259831380311,39.85480975581602,28.96467042602577,6025100,32.450001
6922,2007-08-21,39.497200390593356,40.50836697923691,39.497200390593356,40.01511808264355,29.081163124751704,3814900,32.799999
6923,2007-08-22,40.57002848626135,40.64401267626504,39.645179868784176,40.44671163786992,29.394839714381217,3184500,32.599998
6924,2007-08-23,40.63168382762833,40.816649851729295,39.83014589288514,40.20008410674452,29.215595420393715,2904000,32.68
6925,2007-08-24,40.10143605380994,40.298737092205066,39.74382792171876,40.298737092205066,29.28729831714098,3013400,32.0
6926,2007-08-27,40.07677342401055,40.12609991674082,39.39855233765878,39.460207679025764,28.67788473479802,2252300,30.879998999999998
6927,2007-08-28,39.02861165753642,39.213580147900366,38.04210646556078,38.07909917712837,27.674163794090912,3613200,31.440001000000002
6928,2007-08-29,38.19008101122564,38.84364193404099,37.955788494394405,38.769655277774305,28.17602734727319,3400600,31.299999
6929,2007-08-30,38.5476903764483,39.127262176733986,38.10376304005925,38.59701440291558,28.05055868443177,3057000,31.299999
6930,2007-08-31,39.10259831380311,39.34922584492851,38.36272188608435,38.59701440291558,28.05055868443177,3785600,31.280001000000002
6931,2007-09-04,38.44174847714519,38.65080469087247,38.158908947138954,38.46634455556142,27.955587175979662,2993300,30.700001
6932,2007-09-05,38.281880731023065,38.41715362847139,37.60552362223607,37.753093944021295,27.43723967249748,2737000,30.82
6933,2007-09-06,37.7407965196844,37.986742546937506,37.31038543815051,37.900661806321644,27.544475672200107,2238000,30.42
6934,2007-09-07,37.86377076305339,37.86377076305339,37.28579058947672,37.408764832845705,27.186990776468893,3054900,30.26
6935,2007-09-10,37.63011847090988,37.71620044126817,36.72011029972181,37.212006043455325,27.043996326279434,3179100,30.82
6936,2007-09-11,37.35957390575567,38.122015444385816,37.24889954620845,37.900661806321644,27.544475672200107,3041800,30.799999
6937,2007-09-12,37.66700951417813,38.122015444385816,37.4210622571826,37.87606572790541,27.526616122835627,2549500,30.860001
6938,2007-09-13,37.937554079332344,38.294178155359965,37.753093944021295,37.949852733411674,27.906409776056403,3006300,30.76
6939,2007-09-14,37.70390301693127,37.912959230658544,37.31038543815051,37.82687726030026,27.815974517482854,2541100,30.809998999999998
6940,2007-09-17,37.60552362223607,38.07282451729579,37.384169984171905,37.888363152242306,27.861194606254497,2302800,32.139998999999996
6941,2007-09-18,38.109718020048916,39.57311151613987,37.54403773029402,39.52392058904983,29.063902382282123,4270100,32.09
6942,2007-09-19,39.94203424624681,40.15109291945897,39.2410810590436,39.462434697107774,29.01869213144995,3498100,31.389999
6943,2007-09-20,39.474729661959806,39.536221702614036,38.41715362847139,38.60161376378244,28.38568098396566,3627000,30.51
6944,2007-09-21,38.79837255317281,38.94594287495803,37.433360911261936,37.51944165187779,27.589908506412776,5367900,30.059998999999998
6945,2007-09-24,37.4210622571826,37.67930693851503,36.73240772405871,36.96605632697491,27.18298181613507,3316100,29.48
6946,2007-09-25,36.51105408599454,37.18741119478152,36.12983147206581,36.25280694517723,26.658489289711735,4766500,29.57
6947,2007-09-26,36.53564647518346,36.818489694416996,35.96996618542856,36.36348376420932,26.739874873715767,2899100,29.92
6948,2007-09-27,36.584837402273486,36.806191040337666,36.37578118854621,36.79389361600077,27.05637614335939,1714700,29.48
6949,2007-09-28,36.79389361600077,36.79389361600077,36.11753650721378,36.25280694517723,26.658489289711735,2953600,30.299999
6950,2007-10-01,36.347218461102926,37.26755650720317,36.27358896318011,37.18165583533236,27.34152047681587,3472800,30.559998999999998
6951,2007-10-02,37.402538193513806,38.261520369874034,37.24301293218977,37.50070635798044,27.576130597292952,2914000,30.709999
6952,2007-10-03,37.341182323773786,37.88111520460333,37.30436880192978,37.684773967200485,27.711477964587246,2471100,30.74
6953,2007-10-04,37.83202928169392,38.24924919592603,37.62341932457787,37.72158871616189,27.73855553702091,1993400,31.01
6954,2007-10-05,38.089725161719386,38.32287623961405,37.81975810774592,38.05291041275798,27.98219601440633,2382000,30.790001
6955,2007-10-08,38.05291041275798,38.17562337935541,37.67250524748727,37.7829458130193,27.78367787074511,1547700,30.969998999999998
6956,2007-10-09,37.88111520460333,38.1142650553806,37.451622889305824,38.00382448984857,27.946095447768702,2202500,30.26
6957,2007-10-10,37.795214532732516,37.967013422239354,36.9975894532297,37.13257236665773,27.30542113729563,2237700,29.9
6958,2007-10-11,37.27982522691637,37.52524993299384,36.629454234789605,36.69081010452962,26.980576166309305,2834600,29.559998999999998
6959,2007-10-12,36.66626652951622,37.09575884481373,36.07725140712946,36.27358896318011,26.673766139674353,3656000,29.129998999999998
6960,2007-10-15,36.2490490695189,36.45765657240017,35.4882350576253,35.74592848341598,26.285757755025465,3525100,28.530001000000002
6961,2007-10-16,35.4882350576253,35.525049806586715,34.702881152070496,35.00966050077058,25.744342516383007,4710300,28.059998999999998
6962,2007-10-17,35.15691336102922,35.328711023418656,33.75799953095685,34.432912870979635,25.320226202392124,5782500,26.940001000000002
6963,2007-10-18,34.13840592334495,34.24884648887698,33.02172909407666,33.058543843038066,24.30959317703029,6331500,26.4
6964,2007-10-19,33.09535491064728,33.43894900830877,32.35908692800189,32.395899222728495,23.822313449376846,6834200,26.66
6965,2007-10-22,32.11366222192442,32.75176449433798,31.905052264808365,32.714949745376586,24.056927251206115,6973900,26.66
6966,2007-10-23,32.82539031090861,33.598473042515415,32.37135564771509,32.714949745376586,24.056927251206115,4345200,26.299999
6967,2007-10-24,32.56769688511794,32.70267857142857,31.57373056821228,32.27318625613107,23.73206878192844,5564500,26.450001
6968,2007-10-25,32.530882136156535,32.91128852854463,31.794611699276338,32.45725631958591,23.86743210174886,4444900,27.02
6969,2007-10-26,32.83766148485661,33.26715380015412,32.211831613508444,33.156712007504694,24.381774676427234,4250600,26.99
6970,2007-10-29,33.35305079067274,33.40213425934736,32.80084796301261,33.119898485660684,24.35469955822836,2502800,26.940001000000002
6971,2007-10-30,32.94810205038864,33.316237268828736,32.89901612747923,33.058543843038066,24.30959317703029,2741000,27.120001000000002
6972,2007-10-31,33.1812555825181,33.48803493121817,32.690406170363175,33.27942497410212,24.472011981171274,4687000,25.84
6973,2007-11-01,32.619372528868524,32.74135971110064,31.448296799312008,31.521487888779454,23.17932123952668,5154400,25.24
6974,2007-11-02,31.667871287586173,31.78985846981829,30.496795558029657,30.78956479538674,22.641093053697595,6557200,25.059998999999998
6975,2007-11-05,30.679776331377838,30.923750695842077,30.16743016600294,30.569986647497103,22.479627159679698,4835000,25.49
6976,2007-11-06,30.569986647497103,31.155527561954923,30.082039138440454,31.09453275096704,22.865360388872233,4040400,23.93
6977,2007-11-07,30.74077114236572,30.74077114236572,29.15493655347635,29.19153270814599,21.46598198815284,5447500,24.629998999999998
6978,2007-11-08,29.337916106952708,30.143031509684693,28.971955780128177,30.045441763898996,22.09390856894903,7229300,25.030001000000002
6979,2007-11-09,29.70387887352089,31.228718651422373,29.337916106952708,30.53339293257112,22.452719227022936,5161600,25.219998999999998
6980,2007-11-12,30.81396223183317,31.765463473115517,30.313814784681483,30.765166139068494,22.62315361867854,4336600,26.49
6981,2007-11-13,30.960345630639882,32.39979438097888,30.88715454117244,32.31440457328823,23.762385814185187,4385900,25.52
6982,2007-11-14,32.44859047374356,32.7779570856421,31.10673146919025,31.131128905636675,22.892259782426237,3450000,24.68
6983,2007-11-15,31.070134094648793,31.192122496752738,29.911257083315487,30.106436574886878,22.138758376368486,4627700,24.32
6984,2007-11-16,30.252819973693597,30.801763513609956,29.276923735708472,29.66728271885125,21.815825368460867,5587900,23.77
6985,2007-11-19,29.655082780756214,29.655082780756214,28.459609614753276,28.9963532165746,21.32246284838493,6384300,23.559998999999998
6986,2007-11-20,28.935358405586715,29.60628912773519,27.861872421815896,28.740178914015328,21.13408292235116,5993400,23.52
6987,2007-11-21,28.447410896530066,29.38671219971738,28.057051913387284,28.691385260994302,21.098195513210293,6401100,24.219998999999998
6988,2007-11-23,28.935358405586715,29.728277529839136,28.654789106324667,29.54529431674731,21.726123313878304,3036600,23.01
6989,2007-11-26,29.740473808318697,29.740473808318697,27.99605954214305,28.0692506316105,20.640715522787936,4630500,24.57
6990,2007-11-27,29.045146869595623,30.484596839806446,28.666987824547878,29.97225067443155,22.040086604276393,11206700,25.889999
6991,2007-11-28,30.252819973693597,31.655675009106606,29.97225067443155,31.582480260023694,23.224171046946143,6096400,25.42
6992,2007-11-29,31.5458865450977,31.5458865450977,30.496795558029657,31.009141723404557,22.80256504707461,3883900,26.43
6993,2007-11-30,31.716667380350845,32.82675073866312,31.716667380350845,32.24121226394895,23.708566289256197,6232500,25.969998999999998
6994,2007-12-03,32.03092498428841,32.54361509455523,31.61589013312004,31.701337264140435,23.311563996186372,3681100,25.6
6995,2007-12-04,31.55485559618352,31.567063724261562,30.883474469191,31.249682911500894,22.979443342755534,3254600,26.440001000000002
6996,2007-12-05,31.603682005042,32.64127035365366,31.603682005042,32.27506435272525,23.733462791378624,5082800,26.870001000000002
6997,2007-12-06,32.28727126011256,32.83658087185054,31.798992523238876,32.79996137037937,24.11944520296521,4411600,26.440001000000002
6998,2007-12-07,32.79996137037937,33.31265148064618,32.079753834528375,32.27506435272525,23.733462791378624,4299700,27.34
6999,2007-12-10,32.43375292806948,33.47134005599041,32.29947572611838,33.373684796891965,24.541330570559335,3583300,25.440001000000002
7000,2007-12-11,33.495755091455756,33.56899531508885,31.029958578529403,31.05437361399475,22.835825415271675,6292600,24.65
7001,2007-12-12,31.811199430626182,32.16520096554877,29.528510190581624,30.090026709706912,22.126684661658008,8482100,24.43
7002,2007-12-13,29.88250928412273,29.906923098897337,28.91816482121637,29.8214747471862,21.929208638090618,6983700,24.0
7003,2007-12-14,29.77264589694624,30.05340720823574,29.272163914757474,29.296577729532085,21.543231109266987,5218700,23.889999
7004,2007-12-17,29.11347411872251,29.83368287526425,28.368852768096904,29.16230052758099,21.78948105199109,6009400,24.07
7005,2007-12-18,29.430854931483182,29.699405673313148,28.796094526652578,29.38202608124322,21.953657852896647,5626900,23.709999
7006,2007-12-19,29.33319967238474,29.60175041421471,28.674025452779528,28.9425761946095,21.625318899374395,6365500,23.75
7007,2007-12-20,29.11347411872251,29.418646803405135,28.14912721443467,28.99140504484946,21.661802904173577,5959600,24.4
7008,2007-12-21,29.394232988630524,29.8092678397989,28.55195515821574,29.784854025024284,22.254644789036163,8384800,24.76
7009,2007-12-24,29.491888247728966,30.46843961802263,29.491888247728966,30.224302690967267,22.58299228739359,1895100,24.48
7010,2007-12-26,29.797060932411593,30.02899217277039,29.552921563974753,29.88250928412273,22.32761768139748,2472000,24.09
7011,2007-12-27,29.552921563974753,29.687198765925846,29.320991544306697,29.406439896017833,21.97190717944067,3870600,23.59
7012,2007-12-28,29.369817953165175,29.589543506827404,28.771680711877966,28.796094526652578,21.515862002213915,3777200,23.65
7013,2007-12-31,28.722854303019492,29.320991544306697,28.393266582871515,28.869335970976405,21.57059289217563,4503200,23.280001000000002
7014,2008-01-02,28.872306850483227,28.933039511085845,28.09492758011654,28.277127991230813,21.12811281628766,5969700,23.280001000000002
7015,2008-01-03,28.483619037279706,28.66581580443434,28.09492758011654,28.277127991230813,21.12811281628766,3954300,20.799999
7016,2008-01-04,26.783102111100053,27.135352757248434,25.15546680694997,25.26478559603468,18.87734340920978,10403700,20.85
7017,2008-01-07,25.471276642083566,25.932846077316658,24.742487144158613,25.32551947129051,18.922731355784535,9490200,19.5
7018,2008-01-08,25.50771745309835,25.592743177942012,23.637150291884595,23.685737635019898,17.69750458752132,11255300,19.58
7019,2008-01-09,23.78290989198408,23.867935616827744,22.60469749094656,23.78290989198408,17.770111697924957,10257700,20.059998999999998
7020,2008-01-10,23.552124567040934,24.863950036057417,22.993385304150085,24.365942219115972,18.205740999161456,10915000,20.469998999999998
7021,2008-01-11,24.195891984081864,25.386252131893116,23.588565378055712,24.863950036057417,18.577848796020465,7530200,20.41
7022,2008-01-14,25.119028425241613,25.119028425241613,24.12301400601194,24.791072057987492,18.523389819258103,6360800,20.34
7023,2008-01-15,24.47526222285389,25.09473536100057,23.989400938032972,24.70604633314383,18.45986467092098,9606900,21.16
7024,2008-01-16,24.63316835507391,26.236509380329736,24.621020608300167,25.70206196702672,19.204060830187608,9617300,19.57
7025,2008-01-17,25.82352728823195,25.859968099246732,23.71003069926094,23.770763359863558,17.761043097043775,9467400,19.190001000000002
7026,2008-01-18,23.94081359489767,24.244476897910744,23.10270409323479,23.309196353936898,17.416167825198972,8426300,20.129998999999998
7027,2008-01-22,21.80302637099204,24.827512869002277,21.742292495736212,24.450967943959633,18.269277079377485,11302800,21.84
7028,2008-01-23,22.471084422967596,27.451162592382037,22.471084422967596,26.52802615122228,19.82121033673962,11130700,22.469998999999998
7029,2008-01-24,26.7466637293917,27.69409202013928,26.333681637293914,27.293256460162024,20.39296946741046,9926600,22.790001
7030,2008-01-25,27.609067509948837,28.84801378624218,26.977446625028428,27.681947917325186,20.683401552984648,10424700,23.790001
7031,2008-01-28,27.560482596119954,28.896601129377487,27.293256460162024,28.896601129377487,21.590963710659466,7168400,24.93
7032,2008-01-29,29.139530557134734,30.427061747256964,28.58079129424389,30.2813045764639,22.625587096887433,7482800,24.34
7033,2008-01-30,30.086960062535532,30.682140136441163,29.370314667424672,29.56465918135304,22.090121804192723,8153800,25.17
7034,2008-01-31,29.090945643305858,31.08297569641842,27.97346468821774,30.572821347356456,22.843404784138716,10774600,25.73
7035,2008-02-01,30.89607776355383,31.295752622902036,30.37528931046374,31.162527669785966,23.284021784400053,5922900,25.1
7036,2008-02-04,31.162527669785966,31.162527669785966,30.20573149036105,30.399512029212122,22.713908609122647,6979300,24.24
7037,2008-02-05,29.43060206814113,30.10884061536754,29.248932888664246,29.35793512303194,21.935656878456072,5551500,23.690001000000002
7038,2008-02-06,28.946148904309542,29.41849313103882,27.953017435626123,28.691811568587536,21.43794298724568,8174200,24.200001
7039,2008-02-07,27.96512879500031,29.56382823239314,27.96512879500031,29.30949089667113,21.89947419232568,6105300,23.209999
7040,2008-02-08,29.200488662303435,29.333711193147625,27.63812209189723,28.11046389635463,21.003571505562302,8180800,23.01
7041,2008-02-11,28.15891054498732,28.24369006060664,27.299005240555903,27.86823792000681,20.82259267356975,4879200,23.709999
7042,2008-02-12,28.001464084258814,29.22470895877993,28.001464084258814,28.716031865064032,21.4560494695101,5168900,23.59
7043,2008-02-13,28.994595552942236,29.248932888664246,27.940906076251935,28.570696763709712,21.34744933227363,5097800,22.82
7044,2008-02-14,28.534361474451213,28.534361474451213,27.553342576277913,27.63812209189723,20.650650126806276,5208400,22.93
7045,2008-02-15,27.601789224910604,27.940906076251935,27.03255412318783,27.7713470450133,20.750192178366788,5488000,22.51
7046,2008-02-19,28.049908310619628,28.304248068613518,27.044665482562014,27.2626699512974,20.37012076530164,4595600,23.23
7047,2008-02-20,26.971997326316885,28.34058093560014,26.7539928575815,28.13468782623894,21.02168041009859,5551000,22.48
7048,2008-02-21,28.183133263735694,28.449583169967834,27.177891646814025,27.22633587317484,20.3429731532644,4036900,23.110001
7049,2008-02-22,27.371672185665098,28.025684380735314,26.802437083942316,27.989352724884622,20.913079061726183,4300300,23.110001
7050,2008-02-25,27.892461849891124,28.13468782623894,27.056776841936202,27.989352724884622,20.913079061726183,7002000,23.190001000000002
7051,2008-02-26,27.83190384188424,28.449583169967834,27.601789224910604,28.086243599878134,20.98547955692914,5801800,23.219998999999998
7052,2008-02-27,27.856126560632617,28.667587638703225,27.61389816201292,28.122575255728815,21.012627168966382,4138900,21.940001000000002
7053,2008-02-28,27.86823792000681,28.09835495925232,26.523877029471926,26.57232367810462,19.854305236370596,6011400,21.200001
7054,2008-02-29,26.366429357607483,26.366429357607483,25.554968279536883,25.676083084414696,19.184653642940486,10053800,20.59
7055,2008-03-03,25.3713766513572,25.407399685287178,24.518861132966173,24.72298485444532,18.472524386309992,6726500,20.809998999999998
7056,2008-03-04,24.530868410700236,25.119225019669557,23.822439024390246,24.987143763867035,18.66989041188041,9506000,20.940001000000002
7057,2008-03-05,25.323348741148703,25.827654405979548,24.891086742722266,25.143240775865465,18.786525505605823,7444200,19.969998999999998
7058,2008-03-06,24.795028520849726,24.999152242328876,23.930504523996856,23.97853243420535,17.916281241640444,5834900,20.360001
7059,2008-03-07,23.834446302124313,25.071194708005507,23.59430074744296,24.446818667289538,18.266174515538946,6611400,19.959999
7060,2008-03-10,24.518861132966173,24.73499213217939,23.558280114968532,23.966525156471285,17.907308202989775,8819600,21.92
7061,2008-03-11,25.803639850511406,26.31995279307632,24.662949666502755,26.31995279307632,19.665741607494102,8975500,21.370001000000002
7062,2008-03-12,26.41601101494886,27.436629622344615,25.659553718430374,25.659553718430374,19.17230252901259,8096000,21.51
7063,2008-03-13,24.506853855232105,26.067798759933126,24.314737411487023,25.827654405979548,19.29790705920535,9345300,20.25
7064,2008-03-14,25.39539240755311,26.031778127458697,23.942513002458696,24.314737411487023,18.49420952989772,12038800,19.5
7065,2008-03-17,23.6903589693155,24.65094238876869,22.74178522905193,23.414191581431943,17.80923395918568,14821400,20.01
7066,2008-03-18,24.110613690007867,24.61491935483871,23.22207513768686,24.0265627458694,18.27501547413454,15082600,20.4
7067,2008-03-19,24.24269494581039,25.15524805359953,24.110613690007867,24.494846577498034,18.631201762293472,14170100,21.719998999999998
7068,2008-03-20,24.530868410700236,26.139843627065304,24.41079563335956,26.07980603766719,19.83674685552715,10573300,22.139999
7069,2008-03-24,26.139843627065304,27.760827321892215,26.139843627065304,26.584111702498035,20.220326547108577,7998100,22.1
7070,2008-03-25,26.740207513768688,26.788235423977184,25.899698072383952,26.536083792289542,20.183805211152634,6019700,21.18
7071,2008-03-26,24.61491935483871,26.355975827006297,24.61491935483871,25.431414240755313,19.343564732789144,6444000,20.57
7072,2008-03-27,25.443422719217153,25.81564712824548,24.626926632572783,24.698970298977184,18.786459465578286,7423000,19.65
7073,2008-03-28,24.771012764653815,25.09521046420142,23.522257081038553,23.59430074744296,17.946229793764754,6204800,19.75
7074,2008-03-31,23.79842446892211,24.350760445417,23.46222189309599,23.71437352478364,18.03755954966562,6079400,21.450001
7075,2008-04-01,24.024942923294994,25.76743882172766,24.024942923294994,25.60035148186647,19.472069213952885,10598500,21.709999
7076,2008-04-02,25.922591266349507,27.080278491544206,25.731632942520122,25.91065637111017,19.708092508716483,8086600,21.809998999999998
7077,2008-04-03,25.695830643781168,26.161290364625767,24.86038678353808,26.030005323503534,19.798871708885923,6445000,20.91
7078,2008-04-04,26.11354959017889,26.11354959017889,24.872321678777414,24.95586594545277,18.98186368131904,4861600,21.15
7079,2008-04-07,25.373587278829554,25.7077655390205,24.95586594545277,25.242303431196845,19.19972683948647,5477200,20.52
7080,2008-04-08,25.01553922815993,25.075214897846138,24.287511812049928,24.490405031118645,18.627823368470786,4712800,20.18
7081,2008-04-09,24.526208523347133,24.81264839607026,24.001075519795368,24.084618592981204,18.31917623617583,3402600,19.959999
7082,2008-04-10,23.869790478673142,24.58588419303334,23.475938935775037,23.822049704226274,18.1194588927303,7811900,19.77
7083,2008-04-11,23.57141809768973,24.20396873886409,23.40433075782854,23.5952878881684,17.946984141158072,7380900,18.559998999999998
7084,2008-04-14,23.165631659552286,23.5952878881684,22.115362071980194,22.15116437071915,16.848556057805734,11666500,20.120001000000002
7085,2008-04-15,23.52367732324286,24.573949297794,23.213372433999158,24.01301041503471,18.264713728730168,15211100,20.299999
7086,2008-04-16,24.442665450161297,24.550079507315328,23.678832154843757,24.227836142363717,18.42810483153573,8958600,21.690001000000002
7087,2008-04-17,24.120422085209686,26.089682186679273,24.120422085209686,25.88678896761055,19.689938339567927,8427100,21.6
7088,2008-04-18,26.411921971162307,27.020601628368475,25.695830643781168,25.779373716966997,19.60823204675943,10126800,20.99
7089,2008-04-21,25.6838945550523,25.695830643781168,24.68136335494803,25.051345107367464,19.05448274489231,6526600,20.82
7090,2008-04-22,24.705234338916227,25.11102077705367,24.46653524063997,24.848451888298744,18.900162162468636,6153400,20.43
7091,2008-04-23,24.717166847176514,24.979735735931445,24.144293069177884,24.382990973964617,18.546124236599436,6374500,21.860001
7092,2008-04-24,24.550079507315328,26.25676952654046,24.335250199517745,26.089682186679273,19.844262502460168,10758900,22.219998999999998
7093,2008-04-25,26.447727850369844,26.61481519023103,25.576480497898274,26.519336028316335,20.171062610414157,8702800,22.280001000000002
7094,2008-04-28,26.63868617419923,26.853514288507288,26.11354959017889,26.59094778673141,20.225532278796965,5011000,22.35
7095,2008-04-29,26.662555964677903,26.841579393267946,26.304510300987328,26.67449085991724,20.289078435009287,5264300,21.92
7096,2008-04-30,26.69836184388544,26.960928345661316,26.11354959017889,26.161290364625767,19.898729783863928,5689100,23.040001
7097,2008-05-01,26.108520826152184,27.410397540529562,25.978335640113187,27.268375938868683,20.740792147060453,7509600,23.469998999999998
7098,2008-05-02,27.374890660710324,28.77144804835389,27.315715683740166,27.77728855206525,21.127894184451055,7979300,22.889999
7099,2008-05-05,27.706278342996416,27.76545331996658,27.019834881273308,27.090845090342146,20.60576161700026,6575900,22.860001
7100,2008-05-06,26.286049307632297,27.292044036019607,26.1913674508429,27.055341761092546,20.578760718490344,7799100,21.91
7101,2008-05-07,27.019834881273308,27.221033826950773,25.812640023685326,25.93099352819528,19.72355986579545,6069100,21.459999
7102,2008-05-08,26.073017496902583,26.167699353691976,24.913162384186084,25.398406900231727,19.31846235799882,7220000,21.17
7103,2008-05-09,25.05518635289339,25.871818551225118,24.723798670607298,25.05518635289339,19.0574055424591,7008200,21.74
7104,2008-05-12,25.17353867388013,25.77713669443573,25.102526097764873,25.729794582517815,19.57052913123638,4537000,21.43
7105,2008-05-13,25.58777298085694,25.800804791586653,25.17353867388013,25.362902387458917,19.291468560628164,6509000,21.17
7106,2008-05-14,25.20904318665294,25.362902387458917,24.735635086229177,25.05518635289339,19.0574055424591,9112800,21.32
7107,2008-05-15,25.031515888696035,25.2327148343735,24.771140782525205,25.2327148343735,19.192436072519296,6531000,20.17
7108,2008-05-16,24.771140782525205,24.794812430245763,23.753310822039218,23.871663143025962,18.157194118569738,9985700,19.709999
7109,2008-05-19,23.89533479074652,23.990015464012703,23.268066305993575,23.327241282963737,17.743104201424536,9047100,19.73
7110,2008-05-20,23.244394658273016,23.62312208543059,22.99585596772407,23.350912930684295,17.76110085535378,10641900,18.9
7111,2008-05-21,23.481100483769712,23.552111876361753,22.297577273902288,22.36858866649433,17.013937918871637,12176100,19.139999
7112,2008-05-22,22.439598875563167,23.078702592414785,22.415930778412243,22.652633053339304,17.229985346740094,7700200,18.66
7113,2008-05-23,22.52244786730031,22.711811580879097,22.02536811915599,22.08454309612615,16.797883389863916,6817600,19.040001
7114,2008-05-27,22.120049975945385,22.62896495618838,22.060871448405592,22.534283099398984,17.139961837304742,7281900,18.08
7115,2008-05-28,22.68813993315854,22.711811580879097,20.901019886258727,21.398099634403042,16.275763841168434,18136500,18.57
7116,2008-05-29,21.173229041005023,22.214730649211564,21.102218831936185,21.978026007238082,16.716861757962814,8585300,17.82
7117,2008-05-30,22.120049975945385,22.179224952915543,21.0548790870647,21.090383599837512,16.041707924138635,7919700,17.290001
7118,2008-06-02,20.762803389214632,21.055732347467035,20.16522831437973,20.25896792445216,15.409325142028655,17573100,16.68
7119,2008-06-03,20.340988032762837,20.49330991933825,19.169272199753216,19.544220094600462,14.865673601544682,19627200,16.43
7120,2008-06-04,19.626240202911134,19.813714736192672,18.94664501976556,19.25129113634806,14.64286597731874,16492000,16.540001
7121,2008-06-05,19.11068406467107,19.614523044581038,19.040382286406327,19.380181049694947,14.74089758248749,8743700,15.45
7122,2008-06-06,19.134119553047093,19.134119553047093,17.92725224504719,18.10300961999863,13.769459621666707,16256800,14.34
7123,2008-06-09,18.27876699495007,18.395938578251034,16.509476087105547,16.802405045357954,12.780201034741678,22064100,14.4
7124,2008-06-10,16.47432461211526,18.33735278660055,16.3571530288143,16.87270799533853,12.833672286781072,20288800,13.69
7125,2008-06-11,16.93129378698901,17.060182528620068,15.818163745629871,16.0407897539017,12.200898868322557,16850900,13.49
7126,2008-06-12,16.333718712154102,16.814122203688047,15.501800470717274,15.806446587299774,12.022656284089301,17694100,13.28
7127,2008-06-13,15.865032378950255,16.25169860384343,14.494124854329,15.560386262367754,12.178555419102894,18855900,13.75
7128,2008-06-16,15.490083312387178,16.685233462056992,15.314325937435735,16.111092703882278,12.60957343170715,16466700,12.73
7129,2008-06-17,16.146244178872564,16.40402166213468,14.86907392089208,14.915942554212464,11.674171591330577,17422500,11.4
7130,2008-06-18,14.084024312775632,14.107458629435824,12.595945204853416,13.357560496309668,10.454478681822545,41276300,11.18
7131,2008-06-19,13.451297762950439,13.47473207961063,12.092107396659278,13.099783013047551,10.252729134547447,32581100,11.22
7132,2008-06-20,12.478773621552454,14.177761579416403,12.103824554989375,13.146651646367937,10.289413213847315,28882300,10.87
7133,2008-06-23,13.2638232296689,13.334126179649477,12.408470671571875,12.736551104814568,9.968443923995157,13852100,11.36
7134,2008-06-24,12.689682471494185,13.709075246212555,12.431904988232068,13.310691862989282,10.417801632817678,21535300,11.58
7135,2008-06-25,13.392711971299958,14.1894787377465,13.369277654639765,13.5684693462514,10.619552351808606,24645900,11.14
7136,2008-06-26,13.357560496309668,13.580186504581496,12.900591321435916,13.052914379727168,10.216049742110917,15826300,10.78
7137,2008-06-27,12.994328588076685,13.146651646367937,12.30301624660101,12.631096679843703,9.885905917286294,16330700,10.91
7138,2008-06-30,12.783419738134954,12.947459954756303,12.080390238329183,12.783419738134954,10.005124488147523,20115500,11.59
7139,2008-07-01,12.541805204488005,13.50924928624684,12.355309959811605,13.50924928624684,10.573201031923407,25908700,10.59
7140,2008-07-02,13.765680247676892,14.196950500991068,12.262062337473402,12.343654007019328,9.660933899492642,22226000,10.31
7141,2008-07-03,12.611740921241656,12.879827835463985,11.492769453183246,12.017287328835629,9.405496025240494,16172500,9.64
7142,2008-07-07,12.168814715135204,12.809892118710334,10.944939671946319,11.236338491753196,8.794280007123893,25609600,10.95
7143,2008-07-08,11.31793016129912,12.949763552217634,11.096467058245892,12.763268307541232,9.989349694177228,25200000,9.6
7144,2008-07-09,12.751612354748957,13.439313569493189,11.13143491662272,11.189714680584094,8.757787550121838,20843100,9.48
7145,2008-07-10,11.189714680584094,11.644296839482823,10.793412285646742,11.049843247076794,8.648311344710953,17945800,8.54
7146,2008-07-11,10.49035751304759,10.571949182593515,9.779344392718809,9.954183684602933,7.790780566592715,24724500,7.13
7147,2008-07-14,10.117367023694785,10.292206315578913,8.217446718553944,8.310694340892146,6.5044820682247995,32923600,6.88
7148,2008-07-15,7.902735993162517,9.103299130766851,7.471465739848338,8.019295521085269,6.27641470231947,46462700,8.01
7149,2008-07-16,8.322350293684421,9.371386044989178,7.949359804331618,9.336418186612354,7.307281154411631,43952300,9.79
7150,2008-07-17,10.350486079540289,11.644296839482823,9.429665808950555,11.41117778363732,8.931117396119365,50837800,10.11
7151,2008-07-18,11.935695659289701,12.227094479096579,11.096467058245892,11.784168272990124,9.223046561778292,32474800,10.4
7152,2008-07-21,12.308686148642506,12.763268307541232,11.900727800912875,12.122190903966102,9.487605219090398,32679000,11.4
7153,2008-07-22,9.825968203887907,13.46262547507774,9.126611036351402,13.287786183193612,10.399868854735319,68811300,11.8
7154,2008-07-23,13.136258796894035,15.129426724373078,12.879827835463985,13.754024294884617,10.764780603207797,41887200,10.16
7155,2008-07-24,13.544217144623664,13.823960011638265,11.481113500390972,11.8424480369515,9.268658636245021,28496900,9.08
7156,2008-07-25,11.562705169936898,11.620984933898274,10.315518221163462,10.58360513538579,8.28340892100071,32394600,8.68
7157,2008-07-28,10.548637277008964,11.073155152661345,10.08239916531796,10.117367023694785,7.918500669314068,21676000,9.52
7158,2008-07-29,10.233926551617534,11.166402774999545,10.094055118110235,11.096467058245892,8.684806132903564,20292300,9.74
7159,2008-07-30,11.679264697859647,12.320342101434779,10.77010038006219,11.352898019675946,8.885507652843192,23014300,9.48
7160,2008-07-31,11.189714680584094,11.586017075521449,10.851692049608117,11.049843247076794,8.648311344710953,12241200,9.53
7161,2008-08-01,11.035612818710462,11.562232730525915,10.7313435363282,11.152639465780561,8.728769508466995,15844100,9.39
7162,2008-08-04,11.152639465780561,11.281368777557672,10.53239823630903,10.988802159882423,8.600539900472873,12723600,9.93
7163,2008-08-05,11.386692759920765,11.784583359959104,11.140936801073552,11.620746054060964,9.095142491916416,14794100,10.14
7164,2008-08-06,11.573935395232924,11.960123330564256,10.918586171640362,11.866502012908175,9.287487489040835,19784100,9.47
7165,2008-08-07,11.410098089334783,12.065447312927345,10.895180842226342,11.082423477538502,8.673814965269345,23184400,9.64
7166,2008-08-08,11.117531471659532,11.503719406990864,10.906883506933351,11.281368777557672,8.829523600262,18921000,9.98
7167,2008-08-11,11.269666112850663,12.065447312927345,11.234558118729632,11.679259377596015,9.140935018914949,14639200,9.06
7168,2008-08-12,11.445206083455814,11.597340724646942,10.23983161863378,10.602614224551091,8.298286987219633,18092400,8.36
7169,2008-08-13,10.50899290689501,10.50899290689501,9.373834430315036,9.783427695060388,7.657138947249027,25295800,8.88
7170,2008-08-14,9.748319700939357,10.56750623043006,9.71321170681833,10.39196625982491,8.133419846827275,11824200,9.1
7171,2008-08-15,10.64942488337913,11.070720812831494,10.33345293628986,10.64942488337913,8.334921008818457,10003900,8.45
7172,2008-08-18,10.743046201035211,10.743046201035211,9.85364368330245,9.888751677423476,7.739569006645794,14985600,8.29
7173,2008-08-19,9.877049012716467,9.9121570068375,9.502563742092146,9.701509042111317,7.593021217585789,17645400,8.55
7174,2008-08-20,9.748319700939357,10.12280497156368,9.444050418557097,10.00577832449358,7.83116342277462,15302700,8.15
7175,2008-08-21,9.748319700939357,10.087696977442649,9.490861077385137,9.537671736213179,7.464791609591668,13563900,8.48
7176,2008-08-22,9.865346348009458,9.947265000958529,9.385537095022046,9.923859671544509,7.767049203910794,10364900,8.18
7177,2008-08-25,9.514266406799159,9.83023835388843,9.479158412678128,9.572779730334206,7.492271806856669,9959000,8.36
7178,2008-08-26,9.607887724455239,9.795130359767398,9.549374400920188,9.783427695060388,7.657138947249027,10985500,8.47
7179,2008-08-27,9.666401047990288,10.040886318614609,9.654698383283279,9.9121570068375,7.757888357978146,7784000,8.92
7180,2008-08-28,10.11110230685667,10.450479583359959,9.90045434213049,10.438776918652952,8.17005503869257,10617800,9.27
7181,2008-08-29,10.22812895392677,11.176044795194583,10.181318295098729,10.8483701833983,8.490630814077578,12843400,11.05
7182,2008-09-02,12.164189265162285,12.972791441748218,11.87121746205144,12.949353697499351,10.134996243583824,36412900,11.0
7183,2008-09-03,12.773570615632844,13.148574523614725,12.480598812521999,12.890759336877181,10.089135609412068,18897000,10.5
7184,2008-09-04,12.621225278015203,13.043104674494822,12.293096858531056,12.304815730655491,9.63053747090496,14924300,11.09
7185,2008-09-05,11.918092950549175,13.007948058121519,11.836060845678137,12.996229185997084,10.171682172769367,15419200,12.24
7186,2008-09-08,14.824373237408759,16.46501533482949,13.429827454601137,14.343899480306973,11.226452149088367,40573700,11.55
7187,2008-09-09,14.00405218869839,14.648590155542252,13.500140687347738,13.535297303721041,10.593590866429292,23706200,11.24
7188,2008-09-10,13.87514459532962,14.050927677196128,12.679819638637372,13.172012267863591,10.309262903397434,17378900,11.12
7189,2008-09-11,12.02356279966908,13.125136779365855,11.906374078424742,13.031385802370385,10.199199256404748,18245000,11.69
7190,2008-09-12,12.679819638637372,13.74623700196085,12.597787533766336,13.699361513463113,10.721998063958353,15471700,11.12
7191,2008-09-15,12.515755428895298,14.179835270564897,12.316534602779925,13.031385802370385,10.287198610961546,28313400,11.74
7192,2008-09-16,12.011843927544644,13.87514459532962,12.011843927544644,13.757955874085281,10.860764744445412,27133600,10.87
7193,2008-09-17,13.44154632672557,13.687642641338678,12.117313776664549,12.73841399925954,10.055924325811421,23857800,14.6
7194,2008-09-18,13.125136779365855,17.10955330167335,11.461056937696256,17.10955330167335,13.506574348144053,41575500,19.799999
7195,2008-09-19,22.38304575766856,23.20336563449171,18.129095176499092,23.20336563449171,18.317140886156604,31386600,15.6
7196,2008-09-22,21.32834843835673,21.32834843835673,18.152532920747955,18.281440514116728,14.431676176293406,10714300,13.72
7197,2008-09-23,17.94159322250815,17.94159322250815,16.078292554723177,16.078292554723177,12.692481879967822,10432100,13.02
7198,2008-09-24,16.629079544571564,16.629079544571564,14.824373237408759,15.257971506012808,12.044906381469312,8033300,13.85
7199,2008-09-25,16.172043531718646,16.793143754313636,15.445473460003749,16.230637892340816,12.812742117595976,7630700,14.0
7200,2008-09-26,15.117345040519604,17.332211872037593,14.648590155542252,16.40642097420732,12.95150762619582,7889100,8.25
7201,2008-09-29,15.0118751913997,15.691569774616859,9.668069502657884,9.668069502657884,7.63213930149509,24921400,9.6
7202,2008-09-30,11.707153252309368,12.632944150139638,10.898551075723436,11.250117239456449,8.881032394555337,17028100,10.45
7203,2008-10-01,11.649041016193156,13.235394162707264,11.54249490933773,12.371186851546593,9.766025625133329,20431100,11.85
7204,2008-10-02,13.022301948996414,16.08846213516921,12.773694366333755,14.028570735964319,11.074392875787842,13198800,13.52
7205,2008-10-03,16.26603897992825,17.165761660040726,14.277178318626978,16.00559294094832,12.635088535925533,15198200,12.13
7206,2008-10-06,14.21798603704063,15.0821933482013,13.081494230582761,14.360047512847865,11.336063011150976,13982300,10.64
7207,2008-10-07,14.502108988655097,14.750716571317756,12.501409871036559,12.596117521574714,9.943591815281687,10041900,9.75
7208,2008-10-08,12.051548530980318,13.436647920100846,11.54249490933773,11.54249490933773,9.111839632114808,10697900,7.6
7209,2008-10-09,12.276479201008437,12.276479201008437,8.85516532531756,8.997226801124794,7.102563552894407,26110600,9.14
7210,2008-10-10,8.275080965771357,11.54249490933773,8.23956559681955,10.820349073984294,8.541770606613014,23495300,8.84
7211,2008-10-13,12.88024047318918,13.105171143217301,9.76672646174731,10.465195384466208,8.261405181033647,16200200,11.37
7212,2008-10-14,11.743748666731312,13.720770871715313,11.743748666731312,13.460324832735383,10.625810089013868,24236800,11.67
7213,2008-10-15,12.951271211092797,14.135116842819743,12.584279065257446,13.815478522253468,10.906175514593233,17225100,11.46
7214,2008-10-16,13.768124696984392,13.910186172791624,11.838456317269468,13.56687093959081,10.709921137302434,15458300,10.77
7215,2008-10-17,12.939432754775527,13.614224764859888,12.323833026277514,12.750017453699217,10.065080421700769,14593000,10.64
7216,2008-10-20,13.259071075341803,13.270909531659074,12.193610006787551,12.596117521574714,9.943591815281687,9708100,11.29
7217,2008-10-21,12.20544846310482,13.614224764859888,11.945002424124892,13.365617182197228,10.551046685833414,13161000,10.73
7218,2008-10-22,12.430379133132941,13.235394162707264,12.300156113642977,12.70266362843014,10.027695760496464,14518600,9.79
7219,2008-10-23,12.69082517211287,12.70266362843014,10.761156792397946,11.589848734606807,9.14922310947348,15830900,8.94
7220,2008-10-24,9.470765053815574,11.554333365655,9.470765053815574,10.583579947638903,8.354856771356541,14203000,9.95
7221,2008-10-27,10.536226122369825,12.418540676815672,10.536226122369825,11.77926403568312,9.298751099680016,13509900,11.6
7222,2008-10-28,12.371186851546593,13.850993891205277,12.122579268883936,13.73260932803258,10.840758572675266,14647600,11.36
7223,2008-10-29,13.59054785222535,14.632332008145061,13.247232619024533,13.448486376418115,10.616463627751383,14584600,10.85
7224,2008-10-30,14.146955299137012,14.20614758072336,12.489571414719288,12.844725104237373,10.13984382488122,9908600,11.09
7225,2008-10-31,12.66714825947833,13.495840201687193,12.66714825947833,13.128848055851838,10.364135218268206,9788700,11.77
7226,2008-11-03,13.155890784982935,14.290435494880546,13.09554266211604,14.205948122866893,11.21441804764505,6798000,12.51
7227,2008-11-04,14.483549488054607,15.256005460750853,14.314574744027304,15.099100341296927,11.919488099385665,11238600,11.49
7228,2008-11-05,15.557746075085326,15.642233447098977,13.699023890784982,13.867998634812288,10.947637100887372,10277600,10.63
7229,2008-11-06,13.614536518771331,14.302505119453924,12.673105802047782,12.830010921501707,10.128229081638226,10741300,10.96
7230,2008-11-07,13.107612286689418,13.373144027303754,12.528270307167237,13.22830853242321,10.44265366443686,7644700,10.68
7231,2008-11-10,13.481770648464163,13.711093515358362,12.600688054607508,12.8903590443686,10.17586788982935,5878800,10.32
7232,2008-11-11,12.552409556313993,13.143821160409557,12.262738566552901,12.455852559726962,9.832866056928328,7705600,9.64
7233,2008-11-12,12.262738566552901,12.817941296928327,11.490282593856655,11.635118088737203,9.184961368054607,10404700,10.48
7234,2008-11-13,11.671326962457337,12.68517542662116,10.862662116040955,12.648966552901024,9.985307829215019,11345300,9.67
7235,2008-11-14,12.262738566552901,12.854150170648463,11.64718771331058,11.671326962457337,9.21354585993174,7578200,9.06
7236,2008-11-17,11.707535836177472,11.8644409556314,10.862662116040955,10.93507986348123,8.632340330375428,11114600,9.59
7237,2008-11-18,11.055776109215017,11.792023208191125,10.705756996587029,11.574769965870308,9.137320145938567,11712600,8.72
7238,2008-11-19,11.405795221843002,11.683396587030716,10.476434129692832,10.52471262798635,8.308387985938566,12025000,7.66
7239,2008-11-20,10.39194675767918,10.657478498293514,9.076357679180887,9.245332423208191,7.298423526962456,16931300,7.95
7240,2008-11-21,9.655699658703071,9.836744027303755,8.267692832764505,9.595351535836178,7.574735856245733,18836500,9.38
7241,2008-11-24,10.560921501706483,11.381655972696246,9.691908532423207,11.321307849829353,8.937233530648466,13384600,9.41
7242,2008-11-25,11.502352218430033,11.755814334470989,10.560921501706483,11.357516723549487,8.965815608600682,10100300,10.0
7243,2008-11-26,10.959219112627986,12.129972696245735,10.80231399317406,12.06962457337884,9.527965614880546,7882700,10.19
7244,2008-11-28,12.021346075085326,12.492061433447098,11.948928327645051,12.298947440273036,9.708996706894197,3418600,8.47
7245,2008-12-01,12.07380130144415,12.183563131457277,10.195654432330613,10.329807780124439,8.154525880558252,9665700,9.25
7246,2008-12-02,10.793246617957648,11.403034562475028,10.20785019122096,11.281076973571553,8.905474855927851,9995500,9.94
7247,2008-12-03,10.598114475712084,12.195758890347625,10.585918716821737,12.122584337005538,9.56977418395742,10568500,9.71
7248,2008-12-04,11.646949740281983,12.793351075974659,11.512796392488156,11.842081882527545,9.348339448513045,12350100,9.56
7249,2008-12-05,11.512796392488156,11.951843712540672,10.927399965751473,11.659145499172329,9.203928247916549,15271200,9.98
7250,2008-12-08,11.951843712540672,12.3177164792511,11.50060063359781,12.17136737256693,9.608283512229582,10243100,9.11
7251,2008-12-09,11.866473400308239,12.17136737256693,10.976183001312862,11.110336349106685,8.770689767823507,10816100,8.97
7252,2008-12-10,11.281076973571553,11.464013356926769,10.622505993492782,10.93959572464182,8.635904679719163,7694300,8.3
7253,2008-12-11,10.903008447970775,11.08594483132599,10.06150108453679,10.122479878988528,7.990857576673898,8742400,8.86
7254,2008-12-12,9.768802871168447,10.87861693019008,9.756607112278099,10.805442376847994,8.529997929091273,8101000,8.26
7255,2008-12-15,10.817638135738342,10.817638135738342,9.817585906729837,10.073696843427138,8.043129818853817,6245800,8.7
7256,2008-12-16,10.293220503453393,10.646897511273476,10.122479878988528,10.610310234602434,8.471575365702952,11796700,8.77
7257,2008-12-17,10.47615688680861,10.890812689080427,10.183458673440265,10.695680546834867,8.539736242565215,9490200,8.36
7258,2008-12-18,10.82983389462869,10.988378760203208,10.122479878988528,10.195654432330613,8.140503196986131,8145900,8.07
7259,2008-12-19,10.51274416347965,10.976183001312862,9.780998630058795,9.841977424510533,7.8581164977595765,11216500,8.2
7260,2008-12-22,9.890760460071922,10.22004595011131,9.841977424510533,10.000522290085051,7.984704816313718,10655100,8.12
7261,2008-12-23,10.073696843427138,10.36639505679548,9.70782407671671,9.902956218962268,7.906805625977511,8112500,8.25
7262,2008-12-24,9.927347736742968,10.15906715565957,9.829781665620185,10.06150108453679,8.033390285803986,2298500,8.24
7263,2008-12-26,10.15906715565957,10.232241709001658,9.854173183400881,10.049305325646442,8.023651972330041,2919600,7.94
7264,2008-12-29,10.049305325646442,10.122479878988528,9.561474970032537,9.683432558936016,7.731530618357213,5662300,7.89
7265,2008-12-30,9.756607112278099,9.902956218962268,9.427321622238713,9.622453764484275,7.682842709715167,6726900,7.96
7266,2008-12-31,9.561474970032537,9.768802871168447,9.14681916776072,9.70782407671671,7.751003586577433,9690800,8.61
7267,2009-01-02,9.860041204302298,10.527901138091247,9.702183401770364,10.455043690768814,8.347608026825421,8917000,8.72
7268,2009-01-05,10.297185888236882,11.013617453574119,10.20004262514031,10.588615677526606,8.454255543925207,12011800,8.83
7269,2009-01-06,10.75861638794561,10.807188019493898,10.321471704011026,10.722187664284395,8.560900632443415,7774200,7.91
7270,2009-01-07,10.382186243446386,10.382186243446386,9.471468151916001,9.60504013867379,7.668938476435402,11288800,7.79
7271,2009-01-08,9.532182691351359,9.702183401770364,9.39861070459357,9.45932524402893,7.552598490260156,9061500,7.17
7272,2009-01-09,9.568611415012574,9.592897230786718,8.621464599820975,8.706464955030478,6.951492978289595,11123200,7.02
7273,2009-01-12,8.755036586578763,8.912894389110697,8.378606442079539,8.5243213367244,6.806062227689292,12211500,7.21
7274,2009-01-13,8.427178073627825,8.815751126014122,8.135748284338103,8.755036586578763,6.990272568917748,13708900,6.85
7275,2009-01-14,8.402892257853681,8.621464599820975,8.184319915886391,8.31789190264418,6.641241681774912,12115100,6.1
7276,2009-01-15,8.330034810531252,8.330034810531252,7.249316008581862,7.407173811113795,5.914100071681278,17505500,6.07
7277,2009-01-16,7.7107465082905895,7.892890126596667,7.055029482388713,7.37074508745258,5.885012950128585,16682700,4.6
7278,2009-01-20,6.800028416760205,7.042886574501641,5.5857376280530255,5.5857376280530255,4.459811994330856,28075400,4.95
7279,2009-01-21,5.81645287790739,6.0957397593100415,5.403594009746949,6.010739404100539,4.799147983816656,22708300,4.25
7280,2009-01-22,5.913596141003965,6.010739404100539,5.027163865247723,5.160735852005513,4.120479647717424,18333500,4.66
7281,2009-01-23,4.917877694264077,5.767881246359103,4.857163154828718,5.658595075375457,4.517983808854662,15574900,4.1
7282,2009-01-26,5.9621677725522515,5.9621677725522515,4.857163154828718,4.978592233699436,3.975051325698697,12730100,4.08
7283,2009-01-27,5.47645145706938,5.646452167488385,4.86930606271579,4.9543064179252925,3.955660316093832,13169500,4.56
7284,2009-01-28,5.4643085491823085,5.74359543058496,5.233593299327944,5.537165996504738,4.421029975121127,20610000,4.14
7285,2009-01-29,5.452165641295236,5.452165641295236,4.930020602151149,5.027163865247723,4.01383091632685,15145500,3.46
7286,2009-01-30,4.942163510038221,5.112164220457226,4.128588681604411,4.2014461289268406,3.3545548041232722,19374300,2.92
7287,2009-02-02,4.108159081590816,4.168573185731858,3.226113161131612,3.528183681836819,2.817003347273473,27033800,2.61
7288,2009-02-03,3.7819229192291925,3.818171381713818,3.0448708487084875,3.1536162361623616,2.517937824108242,21499800,2.5
7289,2009-02-04,3.201947519475195,3.371107011070111,2.8757113571135715,3.0207052070520706,2.4118168253382537,15650500,2.83
7290,2009-02-05,3.0207052070520706,3.8665026650266507,2.839462894628947,3.4194382943829447,2.730177405084051,28918200,4.2
7291,2009-02-06,3.66109471094711,5.497683476834769,3.636929069290693,5.074784747847479,4.051854344813449,47574100,4.64
7292,2009-02-09,5.678925789257894,6.089741697416975,5.243944239442395,5.606428864288643,4.4763335067650685,32890000,3.24
7293,2009-02-10,5.618511685116853,5.642677326773268,3.830254202542026,3.914833948339484,3.125715794587946,47192400,3.68
7294,2009-02-11,4.2652357523575235,4.579389093890939,4.096076260762609,4.446478064780648,3.5501961648216485,26647700,3.57
7295,2009-02-12,4.071910619106192,4.36189831898319,3.8906683066830676,4.313567035670357,3.444075166051661,21358200,3.38
7296,2009-02-13,4.228987289872899,4.446478064780648,4.047744977449775,4.0839934399344,3.260778774087741,13067600,3.09
7297,2009-02-17,3.6006806068060686,3.902751127511275,3.6006806068060686,3.7335916359163592,2.9810058909389094,21006300,2.99
7298,2009-02-18,3.9389995899959,4.108159081590816,3.5402665026650273,3.612763427634277,2.884534232882329,17067300,2.64
7299,2009-02-19,3.624846248462485,3.794005740057401,3.1777818778187785,3.189864698646987,2.5468798048380488,11355900,2.84
7300,2009-02-20,2.9482082820828213,3.649011890118902,2.839462894628947,3.431521115211152,2.7398243292332927,23819600,2.69
7301,2009-02-23,3.745674456744568,3.806088560885609,3.189864698646987,3.2502788027880283,2.595115633866339,16631400,3.29
7302,2009-02-24,3.2140303403034034,4.096076260762609,3.0690364903649043,3.9752480524805254,3.1739516236162366,28278100,3.76
7303,2009-02-25,3.8665026650266507,4.953956539565396,3.4194382943829447,4.543140631406314,3.627373974579746,38851300,3.94
7304,2009-02-26,5.002287822878229,5.401020910209102,4.36189831898319,4.760631406314063,3.801024650676507,38114400,3.42
7305,2009-02-27,3.9873308733087334,4.772714227142273,3.745674456744568,4.132324723247233,3.2993664706847072,34587500,3.57
7306,2009-03-02,3.833016092407938,4.58033369533024,3.8209625826833844,4.303102971665514,3.435720358376938,20402200,3.43
7307,2009-03-03,4.58033369533024,4.700868792575773,4.110246816072663,4.13435383552177,3.300987432026854,13501600,3.52
7308,2009-03-04,4.3392635008391744,4.568280185605687,4.0740862868990035,4.242835423042749,3.3876027475565214,11990900,3.1
7309,2009-03-05,4.086139796623557,4.206674893869089,3.495517820120446,3.736588014611512,2.9833979417514067,15967600,2.94
7310,2009-03-06,3.7968555632342778,4.037925757725343,3.3267686839767,3.543731859018659,2.8294155603712117,16812000,3.27
7311,2009-03-09,3.543731859018659,4.025872248000789,3.43525027149768,3.941497679928917,3.1470038452956857,16474700,3.74
7312,2009-03-10,4.170514364695428,4.640601243953006,4.158460854970876,4.508012636982921,3.599327467272189,18503000,3.53
7313,2009-03-11,4.72497581202488,4.821403889821305,4.110246816072663,4.254888932767302,3.3972250643696316,17108500,3.76
7314,2009-03-12,4.182567874419982,4.592387205054793,3.833016092407938,4.532119656432027,3.618574511600355,27849500,3.89
7315,2009-03-13,4.58033369533024,4.821403889821305,4.3392635008391744,4.68881528285122,3.743683915786356,13825900,3.85
7316,2009-03-16,4.821403889821305,5.17095567183335,4.592387205054793,4.640601243953006,3.802951023101984,16162700,4.09
7317,2009-03-17,4.640601243953006,5.002206535689605,4.556226675881133,4.929885477342284,4.040019452364499,12704300,4.95
7318,2009-03-18,4.857564418994966,5.966487313653865,4.712922302300326,5.966487313653865,4.8895098358179485,26273600,4.34
7319,2009-03-19,6.183450488695824,6.255771547043144,5.122741632935137,5.2312232204561155,4.286963322144338,20488400,4.02
7320,2009-03-20,5.375865337150755,5.3999723565998625,4.604440714779346,4.845510909270412,3.9708744938295983,17175300,4.5
7321,2009-03-23,5.3879188468753085,5.580775002468161,5.0865811037614765,5.424079376048969,4.445006530950735,22101900,4.49
7322,2009-03-24,5.158902162108797,5.930326784480206,5.0986346134860305,5.412025866324416,4.435128679731465,20627800,4.69
7323,2009-03-25,5.436132885773522,6.026754862276632,5.183009181557903,5.65309606081548,4.632685704116892,17119900,4.55
7324,2009-03-26,5.7013100997136945,5.906219765031099,5.375865337150755,5.484346924671734,4.494396992398065,13933500,4.32
7325,2009-03-27,5.255330239905223,5.7254171191628,5.20711620100701,5.20711620100701,4.267207619705795,11550400,3.9
7326,2009-03-30,4.893724948168624,5.062474084312371,4.700868792575773,4.700868792575773,3.8523390738473693,11894400,4.26
7327,2009-03-31,4.978099516240498,5.183009181557903,4.68881528285122,5.13479514265969,4.2079405123901665,11869100,4.41
7328,2009-04-01,5.073914743950478,5.5548545301069225,4.929632808103545,5.30236114237479,4.345260909186831,13533200,4.45
7329,2009-04-02,5.711159960607766,5.7472304445694995,5.194149690489589,5.350455120990434,4.384672722312887,14059300,4.56
7330,2009-04-03,5.206173185143501,5.482713562183455,4.917609313449634,5.482713562183455,4.4930573125211035,11442700,4.23
7331,2009-04-06,5.0017737760270125,5.194149690489589,4.929632808103545,5.08593823860439,4.16790233954699,11120900,3.99
7332,2009-04-07,4.86951533483399,4.97772678671919,4.797374366910524,4.797374366910524,3.931426651392797,8528400,3.83
7333,2009-04-08,4.8815388294879005,4.941656302757457,4.42464603263928,4.604998452447946,3.77377579184018,9464700,4.31
7334,2009-04-09,5.290337647720879,5.374502110298255,4.677139420371413,5.182126195835678,4.2467283704980305,24425900,5.03
7335,2009-04-13,5.073914743950478,6.168052757456388,4.917609313449634,6.047817810917276,4.9561614467079345,24725600,4.73
7336,2009-04-14,6.131982273494653,6.456616629150253,5.590925014068656,5.687112971299944,4.660565032990997,24231400,5.0
7337,2009-04-15,5.590925014068656,6.023770821609454,5.410572594259989,6.011747326955543,4.926598078052899,13220200,6.7
7338,2009-04-16,6.216146736072031,8.464540236353406,6.023770821609454,8.055741418120428,6.601641616966798,74214400,7.23
7339,2009-04-17,8.151929375351717,9.137855936972425,7.394449212155319,8.692986634777716,7.123862869667979,62195300,5.8
7340,2009-04-20,8.236093837929094,8.236093837929094,6.793274479459764,6.97362689926843,5.714857185213844,28862700,6.14
7341,2009-04-21,6.023770821609454,7.8633655036578505,5.783300928531232,7.382425717501406,6.049864209707372,53901000,5.8
7342,2009-04-22,6.913509425998875,8.332281795160382,6.769227490151941,6.97362689926843,5.714857185213844,42371300,5.82
7343,2009-04-23,7.178026308384918,7.394449212155319,6.2522172200337645,6.997673888576252,5.734562490602138,37618700,5.56
7344,2009-04-24,6.985650393922341,7.153979319077096,6.131982273494653,6.6850630275745635,5.478379092360719,49489500,4.91
7345,2009-04-27,6.480663618458075,6.588875070343276,5.831394907146876,5.903535875070344,4.837921197931909,28849400,4.71
7346,2009-04-28,5.711159960607766,6.2522172200337645,5.386525604952167,5.663065981992121,4.6408561205543055,27102600,4.66
7347,2009-04-29,5.951629853685987,6.083888294879009,5.4225960889139,5.602948508722566,4.591589851209904,26766300,4.49
7348,2009-04-30,5.903535875070344,5.915559369724255,5.230220174451322,5.398549099606078,4.424084535438943,26542100,4.39
7349,2009-05-01,5.31106571711806,5.62277612038007,5.2271436854705975,5.263110270462367,4.313093690034416,14480200,5.53
7350,2009-05-04,5.287087993790214,6.713762531797097,5.275099132126291,6.629840500149634,5.433124317718465,47691300,5.49
7351,2009-05-05,6.354096681879396,6.689784808469251,6.0184085552895406,6.581885053493941,5.393824829184124,30330200,5.83
7352,2009-05-06,6.953539765075565,7.852704389869819,6.485974160182554,6.989506350067336,5.727868083953688,66646100,5.23
7353,2009-05-07,7.8167378048780485,7.852704389869819,6.030397416953465,6.270174650231932,5.138379352597076,42991600,6.53
7354,2009-05-08,6.8096734251084845,7.912648698189436,5.850564491994613,7.828726666541972,6.415604337759988,68338400,5.92
7355,2009-05-11,7.612927156591351,7.8167378048780485,7.037461796723029,7.097406105042646,5.816290734269789,34952800,5.35
7356,2009-05-12,7.241272445009726,7.313205614993267,6.05437514028131,6.4140409901990125,5.2562766193139305,36450500,4.7
7357,2009-05-13,6.0184085552895406,6.2102303419123155,5.574820673724377,5.6347649820439925,4.617664726175558,34110900,4.98
7358,2009-05-14,5.514876365404758,6.282163511895856,5.454932057085141,5.970453108633848,4.892758748143612,24657800,4.85
7359,2009-05-15,5.994430831961694,6.066364001945234,5.6347649820439925,5.814597907002843,4.765036609293169,22590800,5.43
7360,2009-05-18,6.0184085552895406,6.641829361813557,5.922497661978154,6.509951883510399,5.33487679526878,37149300,5.24
7361,2009-05-19,6.318130096887625,7.049450658386952,6.186252618584469,6.282163511895856,5.148203025844493,32999100,4.89
7362,2009-05-20,5.83857563033069,6.521940745174324,5.718687013691456,5.862553353658536,4.8043348989413435,101898000,4.1
7363,2009-05-21,4.783555803905432,5.059299622175669,4.675656048930121,4.915433282208589,4.028174795932777,570981700,4.04
7364,2009-05-22,5.13123279215921,5.155210515487057,4.771566942241508,4.843500112225049,3.969226762017433,101604500,3.83
7365,2009-05-26,4.795544665569356,4.819522388897202,4.399912230659883,4.591734017282658,3.7629056460983095,112017900,3.96
7366,2009-05-27,4.807533527233279,4.939411005536437,4.663667187266198,4.747589218913662,3.890626586062584,89481300,4.02
7367,2009-05-28,4.8554889738889715,4.903444420544665,4.519800847299118,4.819522388897202,3.9495770177502623,65791800,4.19
7368,2009-05-29,4.843500112225049,5.0233330371839005,4.663667187266198,5.0233330371839005,4.1165974462488775,82740200,3.99
7369,2009-06-01,5.004324155164981,5.039984422303924,4.6952685066274755,4.742815529479399,3.8867159302480845,58703700,4.0
7370,2009-06-02,4.754702285192381,4.861683086609209,4.600174460923628,4.754702285192381,3.896455937879301,47847700,4.04
7371,2009-06-03,4.7665890409053615,4.909230109461133,4.754702285192381,4.8022493080443045,3.9354219117820244,38673600,4.08
7372,2009-06-04,4.849796330896227,4.992437399452,4.754702285192381,4.849796330896227,3.974385508333605,71373600,4.0
7373,2009-06-05,4.956777132313057,5.028097666590943,4.719042018053438,4.754702285192381,3.896455937879301,51567000,4.07
7374,2009-06-08,4.742815529479399,4.885456598035172,4.707155262340456,4.8379095751832475,3.964644312026816,32855500,4.06
7375,2009-06-09,4.8379095751832475,4.885456598035172,4.7665890409053615,4.826022819470266,3.9549043043956,21829400,4.0
7376,2009-06-10,4.849796330896227,4.87356984232219,4.719042018053438,4.754702285192381,3.896455937879301,29959800,4.37
7377,2009-06-11,4.897343353748152,5.384700337980371,4.861683086609209,5.194512246572676,4.256877823879311,103980700,4.46
7378,2009-06-12,5.206399002285656,5.50356789511018,5.182625490859695,5.301493047989504,4.344547401964831,38747400,4.33
7379,2009-06-15,5.206399002285656,5.360926826554409,5.051871178016904,5.146965223720752,4.227392726333261,47528000,4.25
7380,2009-06-16,5.206399002285656,5.206399002285656,4.980550643739019,5.051871178016904,4.149288420569977,39745800,3.99
7381,2009-06-17,4.944890376600076,4.980550643739019,4.564514193784685,4.742815529479399,3.8954491296704115,57713200,4.03
7382,2009-06-18,4.790362552331324,5.004324155164981,4.754702285192381,4.790362552331324,3.9345030655654103,35301600,4.13
7383,2009-06-19,4.909230109461133,4.956777132313057,4.7309287737664185,4.909230109461133,4.0321325562628365,65579800,3.84
7384,2009-06-22,4.849796330896227,4.897343353748152,4.528853926645743,4.564514193784685,3.7490042992864865,43225800,3.76
7385,2009-06-23,4.564514193784685,4.6596082394885325,4.350552590951028,4.469420148080837,3.6708999935232023,33198800,3.81
7386,2009-06-24,4.61206121663661,4.635834728062571,4.4813069037938185,4.528853926645743,3.719715333209701,23272800,3.96
7387,2009-06-25,4.469420148080837,4.707155262340456,4.457533392367856,4.707155262340456,3.8661601635936265,31069100,3.95
7388,2009-06-26,4.6239479723495895,4.6952685066274755,4.4813069037938185,4.6952685066274755,3.8563975711265552,30677500,4.07
7389,2009-06-29,4.6596082394885325,4.909230109461133,4.5882877052106465,4.8379095751832475,3.973553435433696,31828500,4.04
7390,2009-06-30,4.885456598035172,4.921116865174113,4.6239479723495895,4.8022493080443045,3.9442656580324815,23859900,3.97
7391,2009-07-01,4.809875784184889,4.83368705044323,4.702725086022355,4.726536352280696,3.8820793189351344,16428700,3.75
7392,2009-07-02,4.655102553505673,4.702725086022355,4.464612423438944,4.464612423438944,3.6669516716709003,23419200,3.84
7393,2009-07-06,4.488423689697285,4.643196920376502,4.464612423438944,4.571763121601478,3.7549581117617286,23870000,3.83
7394,2009-07-07,4.559857488472309,4.678913819764014,4.500329322826455,4.559857488472309,3.745180015272741,24461600,3.76
7395,2009-07-08,4.58366875473065,4.655102553505673,4.226499760855533,4.476518056568114,3.6767297681598876,34906000,3.84
7396,2009-07-09,4.547951855343137,4.631291287247332,4.500329322826455,4.571763121601478,3.7549581117617286,18983400,3.9
7397,2009-07-10,4.547951855343137,4.655102553505673,4.488423689697285,4.643196920376502,3.8136278812589683,18488000,4.07
7398,2009-07-13,4.7503476185390365,4.8455926835724,4.59557438785982,4.8455926835724,3.979863855514951,26174600,4.09
7399,2009-07-14,4.83368705044323,4.952743381734935,4.7622532516682075,4.869403949830741,3.9994212390562387,25469500,4.21
7400,2009-07-15,4.940837748605765,5.07179971302664,4.881309582959912,5.012271547380788,4.116764349740657,34197400,4.22
7401,2009-07-16,4.940837748605765,5.05989407989747,4.869403949830741,5.024177180509958,4.126541255666331,21168400,4.05
7402,2009-07-17,5.000365914251617,5.000365914251617,4.631291287247332,4.821781417314059,3.9603064719736616,25975500,4.04
7403,2009-07-20,4.857498316701571,4.917026482347423,4.774158884797377,4.809875784184889,3.950529566047987,24797500,3.42
7404,2009-07-21,4.39317862466392,4.428895524051432,4.000292731401293,4.071726530176317,3.344260200774549,101115800,3.5
7405,2009-07-22,4.047915263917976,4.369367358405579,3.9288589326262704,4.166971595209681,3.4224873538130773,49368600,3.66
7406,2009-07-23,4.274122293372216,4.39317862466392,4.083632163305488,4.35746172527641,3.578944041016759,41573600,3.69
7407,2009-07-24,4.297933559630557,4.428895524051432,4.202688494597192,4.39317862466392,3.6082807116103477,20355800,4.02
7408,2009-07-27,4.416989890922262,4.83368705044323,4.39317862466392,4.7860645179265475,3.9309721825066988,52668900,3.91
7409,2009-07-28,4.7979701510557184,4.821781417314059,4.619385654118161,4.655102553505673,3.823405977747956,26472600,3.89
7410,2009-07-29,4.667008186634843,4.7979701510557184,4.571763121601478,4.631291287247332,3.80384978476998,27424900,4.23
7411,2009-07-30,4.7860645179265475,5.095610979284982,4.7622532516682075,5.03608281363913,4.136320542718632,55067800,4.42
7412,2009-07-31,5.0479884467683,5.309912375610051,4.976554647993275,5.2622898430933684,4.322113900515902,33580900,4.44
7413,2009-08-03,5.143602815126441,5.369303631494574,5.084207863450615,5.274271708813256,4.331952981990789,38427200,4.58
7414,2009-08-04,5.202997766802265,5.61876242853304,5.107965844120945,5.440577573505564,4.468547116056785,45954000,4.73
7415,2009-08-05,5.52373050585172,5.713794351214359,5.440577573505564,5.61876242853304,4.614898652784084,46393000,4.6
7416,2009-08-06,5.749431322219855,5.796947283560514,5.4168195928352345,5.464335554175895,4.488059545581327,49824800,4.93
7417,2009-08-07,5.642520409203369,5.9394951675824945,5.583125457527545,5.856342235236339,4.810031263322738,42904400,4.97
7418,2009-08-10,5.903858196576999,6.046406080598978,5.701915360879194,5.903858196576999,4.849054934472789,36374500,4.76
7419,2009-08-11,5.868221225571505,5.88010021590667,5.583125457527545,5.654399399538534,4.644167297070897,34391500,4.82
7420,2009-08-12,5.595004447862709,5.78506829322535,5.5356094961868845,5.725673341549524,4.7027069614425905,29488000,5.2
7421,2009-08-13,6.16519598395063,6.272106896967114,5.856342235236339,6.1770749742857936,5.073458565096325,66286700,5.64
7422,2009-08-14,6.390896800318763,6.889814394395693,6.248348916296783,6.699750549033054,5.502753396818852,90586900,5.25
7423,2009-08-17,6.2958648776374435,6.485928723000083,6.1770749742857936,6.236469925961619,5.122240826806713,42876400,5.44
7424,2009-08-18,6.355259829313268,6.6165976166868985,6.272106896967114,6.462170742329754,5.3076207862801965,42514200,5.51
7425,2009-08-19,6.343380838978104,6.889814394395693,6.260227906631948,6.545323674675908,5.375917853313195,38734200,5.49
7426,2009-08-20,6.4978077133352485,6.711629539368219,6.367138819648434,6.521565694005578,5.356403047990586,42430400,5.86
7427,2009-08-21,6.687871558697888,7.0204832880825085,6.640355597357228,6.961088336406683,5.717399624781082,52353200,5.7
7428,2009-08-24,7.151152181769322,7.2580630947858085,6.711629539368219,6.771024491044043,5.561291873291511,49706800,5.83
7429,2009-08-25,6.984846317077014,7.115515210763829,6.794782471714373,6.925451365401188,5.688128604696202,44400900,5.84
7430,2009-08-26,6.996725307412177,7.127394201098992,6.806661462049538,6.937330355736353,5.697884819458473,43023800,5.92
7431,2009-08-27,6.961088336406683,7.067999249423168,6.699750549033054,7.032362278417673,5.775938101253741,40537000,5.97
7432,2009-08-28,7.174910162439653,7.222426123780313,6.996725307412177,7.0917572300934975,5.824722738762197,27695800,5.86
7433,2009-08-31,6.972967326741848,7.067999249423168,6.866056413725363,6.961088336406683,5.717399624781082,34671500,5.54
7434,2009-09-01,6.861764512499478,7.134810505211395,6.541232260185489,6.576846954887044,5.4018065839727,55743500,5.19
7435,2009-09-02,6.458131305881863,6.529360695284971,6.125727488667355,6.16134218336891,5.060539456403466,49530900,5.23
7436,2009-09-03,6.327544091976162,6.446259740981343,6.16134218336891,6.208828442970982,5.099539921414647,41649800,5.53
7437,2009-09-04,6.256314702573054,6.600590084688079,6.232571572772018,6.564975389986526,5.392056467719904,29040800,5.6
7438,2009-09-08,6.766791993295334,6.814278252897407,6.553103825086007,6.648076344290152,5.460310842958942,20003300,5.66
7439,2009-09-09,6.659947909190671,6.754920428394816,6.553103825086007,6.719305733693261,5.518813914788696,23552600,5.6
7440,2009-09-10,6.7074341687927435,6.73117729859378,6.564975389986526,6.648076344290152,5.460310842958942,17469200,5.51
7441,2009-09-11,6.659947909190671,6.7074341687927435,6.493746000583417,6.541232260185489,5.372557422370803,21438800,5.52
7442,2009-09-14,6.434388176080826,6.553103825086007,6.327544091976162,6.553103825086007,5.382306351467109,22909100,6.06
7443,2009-09-15,6.648076344290152,7.36037023832124,6.529360695284971,7.194168329713985,5.919559956822506,68683800,6.39
7444,2009-09-16,7.22978302441554,7.9895631780487015,7.099195810509841,7.585929971431084,6.241912120035745,80536800,6.27
7445,2009-09-17,7.60967310123212,8.084535697252846,7.277269284017613,7.443471192624866,6.124693475364519,68204500,6.13
7446,2009-09-18,7.526572146928494,7.5740584065305665,7.146682070111913,7.277269284017613,5.987936609180021,48860800,6.53
7447,2009-09-21,7.277269284017613,7.9064622237450735,7.265397719117095,7.7521318800383385,6.378670173376735,42629900,6.81
7448,2009-09-22,7.965820048247664,8.143893521755437,7.847104399242484,8.084535697252846,6.652179157119771,38885900,6.57
7449,2009-09-23,8.19137978135751,8.203251346258028,7.799618139640411,7.799618139640411,6.41774186777732,28920900,6.37
7450,2009-09-24,7.870847529043519,7.918333788645592,7.372241803221757,7.562186841630049,6.2223762728354535,39934400,6.36
7451,2009-09-25,7.372241803221757,7.621544666132638,7.36037023832124,7.550315276729531,6.212605974922327,27796200,6.58
7452,2009-09-28,7.585929971431084,7.8114897045409295,7.538443711829012,7.8114897045409295,6.427508604220976,23837000,6.45
7453,2009-09-29,7.870847529043519,7.977691613148182,7.645287795933675,7.657159360834193,6.300522035949603,34630800,6.21
7454,2009-09-30,7.716517185336784,7.764003444938856,7.182296764813468,7.372241803221757,6.066084746607151,47949300,5.97
7455,2009-10-01,7.305847708128061,7.460029559111284,7.009344148544942,7.08050500284489,5.826034022675863,43100000,5.79
7456,2009-10-02,6.819581870411745,7.270267280978087,6.6060993075119,6.867022439945045,5.650375825864916,36211500,5.96
7457,2009-10-05,7.009344148544942,7.199106426678139,6.950043436628318,7.068644860461566,5.816275497522863,27108000,5.9
7458,2009-10-06,7.246546996211437,7.388868704811335,6.914463009478344,6.997484006161618,5.757723160590627,38988400,6.0
7459,2009-10-07,6.950043436628318,7.12794557237819,6.843302155178394,7.116085429994865,5.8553107841491,20706300,5.94
7460,2009-10-08,7.258407138594762,7.305847708128061,7.0330644333115915,7.044924575694917,5.796757261202625,26485300,5.95
7461,2009-10-09,7.044924575694917,7.08050500284489,6.9619035790116435,7.056784718078241,5.806516972369864,19185600,6.0
7462,2009-10-12,7.10422528761154,7.222826711444787,7.056784718078241,7.116085429994865,5.8553107841491,15915600,5.96
7463,2009-10-13,7.151665857144839,7.258407138594762,7.009344148544942,7.068644860461566,5.816275497522863,34364600,6.09
7464,2009-10-14,7.210966569061463,7.32956799289471,7.021204290928266,7.222826711444787,5.943139882554574,52926800,6.09
7465,2009-10-15,7.151665857144839,7.353288277661361,7.044924575694917,7.222826711444787,5.943139882554574,35311700,5.83
7466,2009-10-16,7.092365145228216,7.163525999528164,6.914463009478344,6.914463009478344,5.689412298505391,26271800,5.7
7467,2009-10-19,6.973763721394968,6.997484006161618,6.700980446578498,6.760281158495122,5.562544355430966,31722600,5.81
7468,2009-10-20,6.570518880361925,7.246546996211437,6.534938453211951,6.890742724711694,5.6698916901566765,84135300,5.71
7469,2009-10-21,6.736560873728472,7.139805714761514,6.736560873728472,6.772141300878446,5.572305252612442,43310700,5.81
7470,2009-10-22,6.8077217280284215,6.950043436628318,6.58237902274525,6.890742724711694,5.6698916901566765,35075700,5.53
7471,2009-10-23,6.997484006161618,6.997484006161618,6.463777598912003,6.5586587379786,5.39664468377302,41539800,5.1
7472,2009-10-26,6.546798595595275,6.629819592278549,5.977511761195687,6.048672615495635,4.977013870023175,48627200,5.07
7473,2009-10-27,5.989371903579011,6.214714608862182,5.83519005259579,6.013092188345661,4.947738294564177,45645500,4.82
7474,2009-10-28,6.072392900262285,6.084253042645609,5.681008201612567,5.716588628762541,4.7037644916110395,58697900,5.18
7475,2009-10-29,5.8826306221290885,6.179134181712207,5.858910337362439,6.143553754562233,5.055086815304126,46967600,4.84
7476,2009-10-30,6.107973327412259,6.131693612178909,5.692868343995891,5.740308913529191,4.723283913945516,41091800,4.78
7477,2009-11-02,5.819211343780336,5.973284149216474,5.582176258493967,5.665138538344197,4.6614312473304675,38485000,4.84
7478,2009-11-03,5.605879767022604,5.878470115101927,5.511065732908057,5.7362490639301065,4.719943358133407,34751400,4.67
7479,2009-11-04,5.890321869366246,5.949580640687838,5.511065732908057,5.534769241436694,4.554159834308694,31342400,4.81
7480,2009-11-05,5.617731521286923,5.771804326723061,5.463658715850784,5.700693801137151,4.690688487907364,30675200,4.75
7481,2009-11-06,5.582176258493967,5.807359589516017,5.546620995701011,5.629583275551241,4.6321763771044235,24253200,4.96
7482,2009-11-09,5.7362490639301065,5.902173623630564,5.617731521286923,5.878470115101927,4.8369687649147135,31464600,4.83
7483,2009-11-10,5.842914852308971,5.925877132159202,5.641435029815559,5.724397309665789,4.710190549549299,20804000,4.82
7484,2009-11-11,5.748100818194424,5.925877132159202,5.676990292608514,5.71254555540147,4.700437740965191,23008200,4.77
7485,2009-11-12,5.71254555540147,5.878470115101927,5.617731521286923,5.653286784079878,4.651680809097212,34436600,4.83
7486,2009-11-13,5.665138538344197,5.795507835251699,5.617731521286923,5.724397309665789,4.710190549549299,23893300,4.93
7487,2009-11-16,5.807359589516017,5.973284149216474,5.748100818194424,5.842914852308971,4.807711524337817,29667600,5.18
7488,2009-11-17,5.831063098044654,6.245874497295797,5.783656080987381,6.139208708916932,5.051511590958259,38180700,5.39
7489,2009-11-18,6.1984674802385245,6.60142712522535,6.044394674802384,6.388095548467619,5.2563016084176954,56042900,5.35
7490,2009-11-19,6.316985022881709,6.447354319789211,6.269578005824434,6.340688531410344,5.217292744432118,39438100,5.45
7491,2009-11-20,6.293281514353072,6.542168353903757,6.269578005824434,6.4592060740535295,5.314812534045208,35099900,5.69
7492,2009-11-23,6.5303165996394394,6.89772098183331,6.411799056996255,6.743648176397171,5.548859792081542,36944000,5.74
7493,2009-11-24,6.731796422132852,6.933276244626265,6.60142712522535,6.802906947718763,5.5976202794758,28998900,5.8
7494,2009-11-25,6.89772098183331,6.933276244626265,6.814758701983081,6.874017473304673,5.656132390278741,19397300,5.58
7495,2009-11-27,6.60142712522535,6.8266104562473995,6.518464845375122,6.613278879489668,5.441588379059769,16437100,5.86
7496,2009-11-30,6.625130633753987,6.9569797531549025,6.625130633753987,6.945127998890584,5.714643315906255,31663200,5.78
7497,2009-12-01,7.016744648041899,7.1117259630746155,6.719928038564661,6.862400011113735,5.646571504508009,34446800,5.85
7498,2009-12-02,6.886145339871914,7.099853298695526,6.862400011113735,6.945508661767362,5.714955676798689,30304700,5.5
7499,2009-12-03,7.040489976800077,7.099853298695526,6.506220079741051,6.529965408499229,5.373036002611728,36072400,5.71
7500,2009-12-04,6.767418696081019,6.791164024839198,6.601201394773765,6.779291360460109,5.578188519483767,29569200,5.64
7501,2009-12-07,6.708055374185572,6.73180070294375,6.577456066015587,6.6961827098064814,5.5098031599266495,27671600,5.69
7502,2009-12-08,6.553710737257408,6.803036689218287,6.482474750982871,6.75554603170193,5.558649675715099,26151500,5.56
7503,2009-12-09,6.779291360460109,6.779291360460109,6.577456066015587,6.601201394773765,5.431650159384854,15592300,5.53
7504,2009-12-10,6.624946723531945,6.648692052290124,6.482474750982871,6.565583401636498,5.402342487365072,19940800,5.58
7505,2009-12-11,6.601201394773765,6.624946723531945,6.51809274412014,6.624946723531945,5.451189003153521,10874400,5.58
7506,2009-12-14,6.624946723531945,6.648692052290124,6.529965408499229,6.624946723531945,5.460976827667643,14594400,5.34
7507,2009-12-15,6.529965408499229,6.624946723531945,6.328130114054707,6.340002778433797,5.226096346456802,22634400,5.33
7508,2009-12-16,6.387493435950154,6.470602086603782,6.292512120917438,6.328130114054707,5.216309709209118,19343900,5.33
7509,2009-12-17,6.233148799021992,6.541838072878319,6.197530805884722,6.328130114054707,5.216309709209118,16413500,5.45
7510,2009-12-18,6.399366100329243,6.529965408499229,6.340002778433797,6.470602086603782,5.333750543447758,25628200,5.48
7511,2009-12-21,6.506220079741051,6.51809274412014,6.458729422224692,6.506220079741051,5.363109267924372,11594700,5.54
7512,2009-12-22,6.51809274412014,6.577456066015587,6.49434741536196,6.577456066015587,5.421829091410472,8637300,5.38
7513,2009-12-23,6.553710737257408,6.577456066015587,6.3637481071919755,6.387493435950154,5.265242895447536,7642600,5.43
7514,2009-12-24,6.399366100329243,6.482474750982871,6.3637481071919755,6.446856757845602,5.314174894419516,3305200,5.35
7515,2009-12-28,6.446856757845602,6.506220079741051,6.316257449675618,6.351875442812886,5.235881796438048,9044900,5.36
7516,2009-12-29,6.3637481071919755,6.399366100329243,6.340002778433797,6.3637481071919755,5.245667246419293,8039500,5.32
7517,2009-12-30,6.304384785296528,6.375620771571065,6.2568941277801695,6.316257449675618,5.20652069742856,10377600,5.29
7518,2009-12-31,6.316257449675618,6.340002778433797,6.150040148368364,6.280639456538349,5.177161972951947,9583700,5.42
7519,2010-01-04,6.342074236110149,6.472228744687037,6.306577551952817,6.413067604424815,5.286323573343117,11754800,5.6
7520,2010-01-05,6.342074236110149,6.637879937421257,6.342074236110149,6.626047709368812,5.461883073848455,23691300,5.67
7521,2010-01-06,6.637879937421257,6.732537761840812,6.5668865691065905,6.708873305735923,5.530156212933863,22415300,6.17
7522,2010-01-07,6.69704107768348,7.35964584862036,6.6497121654737015,7.300484708358138,6.017823858560966,41430700,6.18
7523,2010-01-08,7.27682025225325,7.44247144498747,7.182162427833696,7.312316936410583,6.027577164144596,25980300,6.32
7524,2010-01-11,7.418806988882581,7.537129269407025,7.182162427833696,7.477968129144804,6.164125808761024,27433000,6.25
7525,2010-01-12,7.4069747608301375,7.513464813302136,7.335981392515472,7.395142532777693,6.095852669675614,32974200,6.36
7526,2010-01-13,7.35964584862036,7.667283777983912,7.19399465588614,7.52529704135458,6.203139031095543,41055600,6.55
7527,2010-01-14,7.501632585249691,7.773773830455911,7.454303673039915,7.750109374351022,6.388453020407315,31881500,6.52
7528,2010-01-15,7.6909482340888005,7.750109374351022,7.418806988882581,7.714612690193689,6.359191920433621,28504300,6.51
7529,2010-01-19,7.584458181616802,7.761941602403466,7.52529704135458,7.702780462141245,6.349439798072797,22996900,6.73
7530,2010-01-20,7.643619321879023,7.974921707347464,7.584458181616802,7.96308947929502,6.564013704135458,32758200,6.86
7531,2010-01-21,8.022250619557243,8.602029794127013,7.9985861634523525,8.116908443976797,6.690806676722646,81428500,6.6
7532,2010-01-22,8.04591507566213,8.10507621592435,7.679116006036357,7.809270514613243,6.437218365102659,48623600,6.55
7533,2010-01-25,7.809270514613243,7.9157605670852424,7.454303673039915,7.750109374351022,6.388453020407315,34139700,6.08
7534,2010-01-26,7.395142532777693,7.655451549931468,7.170330199781251,7.19399465588614,5.930046474753908,67534400,6.17
7535,2010-01-27,7.158497971728806,7.501632585249691,7.158497971728806,7.300484708358138,6.017823858560966,38492200,6.43
7536,2010-01-28,7.513464813302136,7.750109374351022,7.324149164463027,7.60812263772169,6.271412170180952,38907900,6.35
7537,2010-01-29,7.679116006036357,7.773773830455911,7.477968129144804,7.513464813302136,6.193384542289108,29037400,6.64
7538,2010-02-01,7.582568549559152,7.8783005522720675,7.558909989342118,7.8546419920550345,6.4746180648193015,30603000,6.58
7539,2010-02-02,7.913788392597618,8.020251913574267,7.689032070535802,7.783666311403935,6.4161128112586,35671900,6.39
7540,2010-02-03,7.665373510318769,7.7481784710783845,7.428787908148436,7.558909989342118,6.230846174983045,34371800,6.12
7541,2010-02-04,7.4879343086910195,7.499763588799535,7.133055905435521,7.23951942641217,5.967571351031877,41144000,6.18
7542,2010-02-05,7.251348706520687,7.3814707877143695,6.991104544133321,7.31049510706327,6.026075421664568,24816400,6.23
7543,2010-02-08,7.31049510706327,7.6180563898847025,7.16854374576107,7.369641507605854,6.074830982559831,25259900,6.29
7544,2010-02-09,7.476105028582502,7.629885669993219,7.393300067822887,7.440617188256953,6.133336236120531,21901600,6.36
7545,2010-02-10,7.416958628039919,7.665373510318769,7.393300067822887,7.523422149016569,6.201593548202694,18117800,6.38
7546,2010-02-11,7.594397829667669,7.700861350644318,7.523422149016569,7.547080709233602,6.221094116461583,19687200,6.35
7547,2010-02-12,7.476105028582502,7.558909989342118,7.34598294738882,7.5115928689080524,6.191841489681233,22126400,6.62
7548,2010-02-16,7.582568549559152,7.866471272163551,7.523422149016569,7.830983431838002,6.4551186794884226,17782600,6.46
7549,2010-02-17,7.8783005522720675,7.925617672706134,7.594397829667669,7.6417149501017345,6.299103487065207,16534700,6.42
7550,2010-02-18,7.582568549559152,7.6417149501017345,7.464275748473986,7.594397829667669,6.260098801763396,18949400,6.57
7551,2010-02-19,7.570739269450636,7.830983431838002,7.558909989342118,7.771837031295418,6.406363118593161,14485500,6.81
7552,2010-02-22,7.807324871620968,8.126715434550917,7.771837031295418,8.055739753899816,6.640384132835966,23729800,6.53
7553,2010-02-23,7.961105513031684,7.996593353357234,7.689032070535802,7.724519910861352,6.3673596162193595,20854700,6.64
7554,2010-02-24,7.7481784710783845,7.925617672706134,7.724519910861352,7.8546419920550345,6.4746180648193015,20217300,6.54
7555,2010-02-25,7.665373510318769,7.771837031295418,7.570739269450636,7.736349190969869,6.377109308884798,18802500,6.75
7556,2010-02-26,7.736349190969869,8.00842263346575,7.689032070535802,7.984764073248717,6.581880062203275,19859000,6.65
7557,2010-03-01,7.963891357389343,8.046357688013197,7.716492365517781,7.8343014092661445,6.457852350552082,16291900,6.61
7558,2010-03-02,7.857863218015817,7.952110453014508,7.728273269892617,7.7871777917667995,6.4190083526473725,16207600,6.62
7559,2010-03-03,7.7871777917667995,7.8814250267654895,7.763615983017127,7.798958696141636,6.428720530213987,12900100,6.67
7560,2010-03-04,7.775396887391963,7.893205931140327,7.75183507864229,7.857863218015817,6.477275527594876,11836200,6.84
7561,2010-03-05,7.940329548639672,8.06991949676287,7.8814250267654895,8.058138592388035,6.642363696780331,18875100,6.98
7562,2010-03-08,8.034576783638363,8.270194871135088,8.034576783638363,8.223071253635744,6.778317689446817,19023600,6.91
7563,2010-03-09,8.164166731761561,8.246633062385415,7.963891357389343,8.140604923011889,6.710339515023136,22997500,7.29
7564,2010-03-10,8.258413966760251,8.977049133625266,8.175947636136398,8.588279289255667,7.079358673208321,40783500,7.38
7565,2010-03-11,8.64718381112985,8.788554663627886,8.541155671756323,8.694307428629195,7.16675766849392,24929300,7.34
7566,2010-03-12,8.847459185502066,8.882801898626576,8.564717480505994,8.64718381112985,7.127914848679647,29002600,7.23
7567,2010-03-15,8.576498384880832,8.694307428629195,8.376223010508616,8.51759386300665,7.021092676351257,19977400,7.51
7568,2010-03-16,8.600060193630505,8.87102099425174,8.494032054256978,8.847459185502066,7.303105143366525,22336300,7.7
7569,2010-03-17,8.953487324875592,9.15376269924781,8.894582803001413,9.071296368623956,7.487869779038833,25224500,7.5
7570,2010-03-18,9.106639081748465,9.118419986123302,8.64718381112985,8.835678281127231,7.29337882871466,26623500,7.38
7571,2010-03-19,8.694307428629195,8.953487324875592,8.623622002380177,8.694307428629195,7.176684258520157,22666300,7.62
7572,2010-03-22,8.588279289255667,9.000610942374939,8.435127532382795,8.977049133625266,7.410073398909164,19801300,7.73
7573,2010-03-23,8.977049133625266,9.118419986123302,8.835678281127231,9.106639081748465,7.517044010632677,23056900,7.85
7574,2010-03-24,9.047734559874284,9.306914456120683,8.977049133625266,9.2480099342465,7.633736224646306,26987400,7.69
7575,2010-03-25,9.389380786744537,9.483628021743229,9.012391846749775,9.05951546424912,7.478145820567843,35378100,7.63
7576,2010-03-26,9.13020089049814,9.31869536049552,8.906363707376247,8.988830038000103,7.4197985354705915,22603200,7.64
7577,2010-03-29,9.05951546424912,9.165543603622647,8.859240089876902,9.000610942374939,7.429523672032019,17755000,7.62
7578,2010-03-30,8.96526822925043,9.012391846749775,8.835678281127231,8.977049133625266,7.410073398909164,12744700,7.85
7579,2010-03-31,8.894582803001413,9.28335264737101,8.859240089876902,9.2480099342465,7.633736224646306,21527100,7.77
7580,2010-04-01,9.290777444967869,9.33781935608163,9.008525978285299,9.137891233848144,7.542838801618282,20835000,8.19
7581,2010-04-05,9.326058878303188,9.643591778321076,9.220214578297226,9.631831300542638,7.950560453623473,28483800,8.55
7582,2010-04-06,9.620070822764196,10.36098092280594,9.596549867207317,10.05520850056649,8.300038339430941,58256900,8.37
7583,2010-04-07,10.137531845015573,10.466825222811902,9.74943607832704,9.843519900554563,8.125299984551098,54566600,8.6
7584,2010-04-08,9.72591512277016,10.208094711686213,9.643591778321076,10.114010889458692,8.348578535413674,32548400,8.59
7585,2010-04-09,10.172813278350894,10.243376145021537,9.996406111674288,10.10225041168025,8.338867908912016,17760100,8.74
7586,2010-04-12,10.090489933901813,10.490346178368783,10.090489933901813,10.278657578356857,8.484480264525777,49794500,8.34
7587,2010-04-13,10.043448022788048,10.184573756129334,9.808238467219242,9.808238467219242,8.096175161332788,38303500,8.82
7588,2010-04-14,10.008166589452728,10.466825222811902,9.925843245003646,10.37274140058438,8.562141755583484,36670800,8.53
7589,2010-04-15,10.349220445027498,10.431543789476581,9.937603722782086,10.031687545009609,8.280621790618735,39132300,8.3
7590,2010-04-16,10.114010889458692,10.114010889458692,9.420142700530711,9.761196556105482,8.057343239756156,55336900,8.33
7591,2010-04-19,9.643591778321076,9.925843245003646,9.455424133866032,9.796477989440803,8.086466886926685,29882900,8.8
7592,2010-04-20,9.70239416721328,10.349220445027498,9.408382222752271,10.349220445027498,8.542728734914613,58631800,8.79
7593,2010-04-21,10.137531845015573,10.972525767284838,9.996406111674288,10.337459967249059,8.533021636556287,60841600,8.89
7594,2010-04-22,10.172813278350894,10.525627611704103,10.078729456123371,10.45506474503346,8.630093796187314,28106700,8.95
7595,2010-04-23,10.525627611704103,10.74907668949447,10.349220445027498,10.525627611704103,8.68834226657615,27691000,8.69
7596,2010-04-26,10.596190478374744,10.643232389488508,10.114010889458692,10.219855189464655,8.435942420638597,21155500,8.43
7597,2010-04-27,10.137531845015573,10.231615667243094,9.843519900554563,9.914082767225205,8.1835449267966,39730200,8.49
7598,2010-04-28,10.066968978344931,10.278657578356857,9.925843245003646,9.984645633895848,8.241791045089881,22352500,8.65
7599,2010-04-29,10.066968978344931,10.255136622799975,9.914082767225205,10.172813278350894,8.397115203253076,24888900,8.84
7600,2010-04-30,10.10225041168025,10.45506474503346,10.043448022788048,10.396262356141259,8.581557128347912,30368300,8.84
7601,2010-05-03,10.399960811814207,10.529225861452577,10.235441657729012,10.388209443665264,8.574909880895417,20912900,8.58
7602,2010-05-04,10.270695762175839,10.376458075516322,9.988662926601217,10.082673871792757,8.322710243640513,25258700,8.67
7603,2010-05-05,9.87114924511179,10.364706707367379,9.636121882132937,10.18843618513324,8.41000880734538,24758100,8.21
7604,2010-05-06,10.117927976239583,10.28244713032478,8.919288425047439,9.647873250281881,7.963803483045953,43556500,7.99
7605,2010-05-07,9.69487872287765,9.847646508813906,9.10731031543052,9.389343151005145,7.750400987734785,46609300,8.51
7606,2010-05-10,9.882900613260732,10.176684816984299,9.753635563622366,10.00041429475016,8.254807313065479,28882900,8.67
7607,2010-05-11,9.730132827324478,10.41171217996315,9.730132827324478,10.18843618513324,8.41000880734538,32127900,8.81
7608,2010-05-12,10.270695762175839,10.435214916261037,10.235441657729012,10.352955339218438,8.54580996794819,20856400,8.74
7609,2010-05-13,10.305949866622665,10.529225861452577,10.247193025877955,10.270695762175839,8.477908212509968,17484400,8.26
7610,2010-05-14,10.00041429475016,10.00041429475016,9.506856832494568,9.706630091026593,8.01230372967027,34245400,8.27
7611,2010-05-17,9.69487872287765,9.812392404367078,9.354089046558315,9.718381459175536,8.022004484077222,27055800,7.92
7612,2010-05-18,9.859397876962847,9.894651981409675,9.013299370238979,9.307083573962545,7.682500407433381,28755000,7.82
7613,2010-05-19,9.213072628771004,9.412845887303027,8.931039793196382,9.18956989247312,7.585497563911119,36775400,7.25
7614,2010-05-20,8.83702884800484,8.931039793196382,8.507990539834449,8.519741907983391,7.03259099195611,40050400,7.47
7615,2010-05-21,8.319968649451367,8.83702884800484,8.225957704259825,8.778272007260128,7.245994662404093,42828400,7.2
7616,2010-05-24,8.79002337540907,8.801774743558012,8.460985067238676,8.460985067238676,6.984089570194979,20185700,7.45
7617,2010-05-25,8.143698127217226,8.79002337540907,8.049687182025686,8.754769270962242,7.226593153590189,35971100,7.4
7618,2010-05-26,8.942791161345324,8.97804526579215,8.64900695762176,8.69601243021753,7.178094082102688,23517500,7.88
7619,2010-05-27,8.931039793196382,9.271829469515717,8.754769270962242,9.260078101366775,7.643699740079202,23019100,7.63
7620,2010-05-28,9.295332205813603,9.33058631026043,8.919288425047439,8.96629389764321,7.401196156683992,16599800,7.38
7621,2010-06-01,8.869190282843576,9.045633060353728,8.680984653499415,8.680984653499415,7.165687022531141,17244200,7.69
7622,2010-06-02,8.798613171839516,9.045633060353728,8.728036060835455,9.045633060353728,7.466686638111622,13643300,7.64
7623,2010-06-03,9.116210171357787,9.233838689697887,8.928004542013626,8.986818801183677,7.4181389960222965,13181400,7.13
7624,2010-06-04,8.692747505333426,8.786850320005506,8.316336246645104,8.386913357649165,6.922948812084509,25696900,6.91
7625,2010-06-07,8.457490468653225,8.598644690661345,8.092842061798914,8.128130617300943,6.70933659906407,20635000,7.1
7626,2010-06-08,8.210470580139015,8.363387653981144,7.975213543458812,8.351624802147134,6.89382046208795,34936300,6.79
7627,2010-06-09,8.445727616819214,8.469253320487235,7.928162136122772,7.986976395292822,6.5928208465074665,30532600,7.16
7628,2010-06-10,8.139893469134954,8.422201913151195,8.069316358130894,8.422201913151195,6.952077162081069,23385000,7.06
7629,2010-06-11,8.316336246645104,8.316336246645104,8.057553506296882,8.304573394811094,6.85497952533205,19446800,7.16
7630,2010-06-14,8.398676209483174,8.551593283325305,8.210470580139015,8.422201913151195,6.952077162081069,20885400,7.34
7631,2010-06-15,8.504541875989265,8.669221801665406,8.292810542977085,8.633933246163375,7.13681745527493,16845500,7.16
7632,2010-06-16,8.504541875989265,8.563356135159315,8.328099098479115,8.422201913151195,6.961800335407061,21471500,7.15
7633,2010-06-17,8.481016172321246,8.504541875989265,8.292810542977085,8.410439061317184,6.952077162081069,19927900,7.15
7634,2010-06-18,8.398676209483174,8.481016172321246,8.292810542977085,8.410439061317184,6.952077162081069,14760300,7.17
7635,2010-06-21,8.539830431491295,8.645696097997385,8.363387653981144,8.433964764985205,6.971523508733053,19478200,7.0
7636,2010-06-22,8.481016172321246,8.481016172321246,8.233996283807034,8.233996283807034,6.806228385905994,16738900,7.07
7637,2010-06-23,8.245759135641045,8.386913357649165,8.116367765466935,8.316336246645104,6.874291775473127,17371600,6.81
7638,2010-06-24,8.233996283807034,8.292810542977085,7.975213543458812,8.010502098960842,6.621489268997316,23105800,6.99
7639,2010-06-25,8.151656320968963,8.222233431973024,7.939924987956782,8.222233431973024,6.796505212580001,24197300,7.08
7640,2010-06-28,8.175182024636984,8.386913357649165,8.163419172802975,8.328099098479115,6.884016125084303,18553900,6.76
7641,2010-06-29,8.175182024636984,8.222233431973024,7.845822173284701,7.951687839790792,6.572874578652536,29651000,6.58
7642,2010-06-30,7.951687839790792,8.139893469134954,7.704667951276581,7.739956506778611,6.397855106214299,17448800,6.39
7643,2010-07-01,7.750083757241607,7.938249675475092,7.314950071326677,7.514876359449753,6.211805030980089,27632300,6.24
7644,2010-07-02,7.538397099228938,7.63248005834568,7.19734637243075,7.3384708111058625,6.065988204719028,18842300,6.41
7645,2010-07-06,7.467834879891382,7.750083757241607,7.432553770222604,7.538397099228938,6.231247274481563,21651600,6.62
7646,2010-07-07,7.538397099228938,7.808885606689571,7.479595249780975,7.785364866910386,6.435390831247048,30843900,6.83
7647,2010-07-08,7.914728935695907,8.044093004481425,7.820645976579164,8.032332634591834,6.639536740086511,24643800,7.15
7648,2010-07-09,8.008811894812647,8.455705950617173,7.97353078514387,8.4086644710588,6.950610284036127,20138500,7.24
7649,2010-07-12,8.32634188183165,8.62035112907147,8.291060772162872,8.514507800065136,7.038100379792763,20507200,7.38
7650,2010-07-13,8.667392608629841,8.761475567746581,8.561549279623506,8.679152978519433,7.1741960843030865,18449600,7.15
7651,2010-07-14,8.526268169954728,8.526268169954728,8.244019292604502,8.4086644710588,6.950610284036127,22484800,7.02
7652,2010-07-15,8.455705950617173,8.455705950617173,8.02057226470224,8.255779662494096,6.824234525239552,23794800,6.55
7653,2010-07-16,8.14993633348776,8.173457073266945,7.6560007981248654,7.703042277683236,6.367342978991886,21697500,6.68
7654,2010-07-19,7.679521537904051,7.89120819591672,7.538397099228938,7.855927086247942,6.49371756175147,19111600,6.56
7655,2010-07-20,7.667761168014458,7.750083757241607,7.444314140112197,7.714802647572829,6.377061748668646,21502600,6.2
7656,2010-07-21,7.8794478260271275,7.938249675475092,7.291429331547492,7.291429331547492,6.02710254167909,36413200,6.6
7657,2010-07-22,7.420793400333011,7.785364866910386,7.409033030443418,7.7618441271312,6.415946235671595,22231500,6.65
7658,2010-07-23,7.679521537904051,7.914728935695907,7.561917839008124,7.820645976579164,6.464554196499259,19309800,7.09
7659,2010-07-26,7.867687456137535,8.349862621610837,7.750083757241607,8.338102251721244,6.892283553531703,26631800,7.21
7660,2010-07-27,8.914360376311286,9.079005554765585,8.467466320506764,8.479226690396356,7.008937014540551,44147800,7.28
7661,2010-07-28,8.36162299150043,8.655632238740248,8.36162299150043,8.561549279623506,7.076986042832702,23070800,7.39
7662,2010-07-29,8.667392608629841,8.808517047304953,8.526268169954728,8.690913348409026,7.183918382090813,24413000,7.33
7663,2010-07-30,8.561549279623506,8.726194458077805,8.526268169954728,8.62035112907147,7.125591651586388,17229200,7.7
7664,2010-08-02,8.796372210414454,9.066487778958555,8.749395589798088,9.042999468650372,7.474953930526036,22209600,7.58
7665,2010-08-03,8.996022848034006,9.11346439957492,8.878581296493092,8.902069606801275,7.358460132306057,15767500,7.6
7666,2010-08-04,8.925557917109456,9.11346439957492,8.902069606801275,8.925557917109456,7.377876744022317,13133200,7.47
7667,2010-08-05,8.855092986184909,8.866837141339,8.514512486716258,8.77288390010627,7.25167405273645,15962800,7.4
7668,2010-08-06,8.678930658873538,8.725907279489904,8.455791710945801,8.69067481402763,7.183721196599363,13619600,7.59
7669,2010-08-09,8.737651434643997,8.949046227417641,8.620209883103081,8.913813761955366,7.3681678509564295,16787900,7.67
7670,2010-08-10,8.77288390010627,9.066487778958555,8.737651434643997,9.007767003188098,7.4458296001594055,19654500,7.17
7671,2010-08-11,8.831604675876727,8.866837141339,8.408815090329437,8.42055924548353,6.960442493225292,17501300,7.14
7672,2010-08-12,8.244396918172157,8.444047555791713,8.138699521785334,8.385326780021254,6.931318162858661,13204900,7.15
7673,2010-08-13,8.373582624867163,8.538000797024441,8.35009431455898,8.397070935175346,6.941027055924549,12732300,7.18
7674,2010-08-16,8.397070935175346,8.43230340063762,8.26788522848034,8.43230340063762,6.970150211875664,14887200,7.15
7675,2010-08-17,8.561489107332624,8.561489107332624,8.314861849096706,8.397070935175346,6.941027055924549,12800200,7.21
7676,2010-08-18,8.385326780021254,8.631954038257172,8.27962938363443,8.467535866099892,6.99927336782678,27061800,6.94
7677,2010-08-19,8.42055924548353,8.538000797024441,8.10346705632306,8.150443676939426,6.7371649642667375,15343400,6.82
7678,2010-08-20,8.079978746014877,8.150443676939426,7.856839798087142,8.00951381509033,6.620673514877789,12275700,6.84
7679,2010-08-23,8.138699521785334,8.326606004250797,8.021257970244422,8.033002125398513,6.640088952178532,13209400,6.56
7680,2010-08-24,7.903816418703507,7.974281349628055,7.668933315621679,7.704165781083953,6.368269306721573,12927800,6.48
7681,2010-08-25,7.59846838469713,7.692421625929861,7.34009697130712,7.610212539851222,6.290609906349628,20586000,6.35
7682,2010-08-26,7.645445005313496,7.798119022316683,7.398817747077576,7.457538522848034,6.164408389479277,17536100,6.6
7683,2010-08-27,7.5749800743889475,7.751142401700319,7.457538522848034,7.751142401700319,6.40710018132306,13131000,6.4
7684,2010-08-30,7.727654091392136,7.798119022316683,7.5162592986184915,7.5162592986184915,6.212946982731136,12162800,6.43
7685,2010-08-31,7.492770988310308,7.704165781083953,7.457538522848034,7.551491764080765,6.242070138682253,14442000,6.85
7686,2010-09-01,7.6879492673011685,8.040069081070687,7.6292626316729155,8.040069081070687,6.645926971076593,13605300,6.93
7687,2010-09-02,8.051806408196338,8.133967698075892,7.981382445442434,8.133967698075892,6.723544741625808,8420200,6.89
7688,2010-09-03,8.356976913463255,8.380451567714555,7.993119772568084,8.08701838957329,6.684737616950269,13639000,6.57
7689,2010-09-07,7.946170464065482,7.981382445442434,7.699686594426819,7.71142392155247,6.37427122968426,12109400,6.88
7690,2010-09-08,7.793585211432024,8.133967698075892,7.7466359029294205,8.075281062447639,6.675035542348206,16209400,6.91
7691,2010-09-09,8.286552950709352,8.321764932086303,7.946170464065482,8.11049304382459,6.704140592421683,13851400,6.89
7692,2010-09-10,8.133967698075892,8.180917006578495,8.040069081070687,8.08701838957329,6.684737616950269,8154300,7.28
7693,2010-09-13,8.310027604960654,8.556511474599317,8.310027604960654,8.544774147473666,7.063119700163432,13918500,7.14
7694,2010-09-14,8.497824838971061,8.521299493222363,8.298290277835001,8.380451567714555,6.9272883082691274,20255100,6.99
7695,2010-09-15,8.321764932086303,8.356976913463255,8.133967698075892,8.204391660829797,6.7912702928735245,16751600,6.95
7696,2010-09-16,8.122230370950243,8.216128987955447,8.08701838957329,8.157442352327195,6.752406829027782,9689700,6.83
7697,2010-09-17,8.192654333704146,8.216128987955447,8.004857099693735,8.016594426819386,6.635821132421409,25635200,7.06
7698,2010-09-20,8.06354373532199,8.286552950709352,7.993119772568084,8.286552950709352,6.8592787137049696,24188100,7.09
7699,2010-09-21,8.298290277835001,8.591723455976268,8.239603642206747,8.321764932086303,6.88842719188881,19284000,6.91
7700,2010-09-22,8.274815623583699,8.380451567714555,8.075281062447639,8.11049304382459,6.713543365182041,13547000,6.76
7701,2010-09-23,8.004857099693735,8.286552950709352,7.934433136939831,7.934433136939831,6.567810364124538,13444600,6.95
7702,2010-09-24,8.122230370950243,8.239603642206747,8.051806408196338,8.157442352327195,6.752406829027782,14530900,6.97
7703,2010-09-27,8.216128987955447,8.321764932086303,8.133967698075892,8.180917006578495,6.771837974084298,10829200,7.1
7704,2010-09-28,8.26307829645805,8.333502259211953,8.11049304382459,8.333502259211953,6.8981445250161375,14300300,7.21
7705,2010-09-29,8.251340969332398,8.556511474599317,8.192654333704146,8.46261285759411,7.005014062227898,28155000,7.27
7706,2010-09-30,8.556511474599317,8.802995344237978,8.46261285759411,8.533036820348014,7.063309844862867,16714300,7.18
7707,2010-10-01,8.592761086548004,8.709988386500909,8.35830648664219,8.416920136618645,6.967192391288047,12211600,7.24
7708,2010-10-04,8.405197406623353,8.604483816543292,8.3465837566469,8.487256516590387,7.025415674355657,11761000,7.54
7709,2010-10-05,8.616206546538583,8.932720256411429,8.510701976580968,8.838938416449105,7.316521539236711,18308000,7.5
7710,2010-10-06,8.850661146444395,8.932720256411429,8.745156576486782,8.792047496467942,7.277708752495303,9105500,7.36
7711,2010-10-07,8.862383876439687,8.909274796420847,8.55759289656213,8.627929276533875,7.141857551398879,12562500,7.42
7712,2010-10-08,8.651374736524456,8.709988386500909,8.55759289656213,8.698265656505617,7.200079662193489,9048600,7.32
7713,2010-10-11,8.674820196515038,8.75687930648207,8.55759289656213,8.581038356552712,7.10304476465747,5744000,7.47
7714,2010-10-12,8.510701976580968,8.768602036477363,8.463811056599805,8.75687930648207,7.248597697097997,8845300,7.3
7715,2010-10-13,8.838938416449105,8.874106606434976,8.53414743657155,8.55759289656213,7.083636612877268,12596700,7.17
7716,2010-10-14,8.510701976580968,8.53414743657155,8.205910996703413,8.405197406623353,6.957488315397946,14106900,7.06
7717,2010-10-15,8.463811056599805,8.510701976580968,8.112129156741089,8.276247376675157,6.850748169698828,14005700,7.35
7718,2010-10-18,8.241079186689285,8.627929276533875,8.205910996703413,8.616206546538583,7.1321546477817765,11702900,7.34
7719,2010-10-19,8.428642866613934,8.745156576486782,8.428642866613934,8.604483816543292,7.1224493996186755,17524800,7.28
7720,2010-10-20,8.54587016656684,8.639652006529165,8.276247376675157,8.53414743657155,7.064228461097065,19653500,7.28
7721,2010-10-21,8.592761086548004,8.827215686453815,8.475533786595097,8.53414743657155,7.064228461097065,14803400,7.14
7722,2010-10-22,8.53414743657155,8.651374736524456,8.32313829665632,8.37002921663748,6.92837843227364,12958000,7.03
7723,2010-10-25,8.463811056599805,8.475533786595097,8.217633726698702,8.241079186689285,6.82163945884752,14203800,6.48
7724,2010-10-26,7.795615446868243,7.877674556835276,7.490824466990687,7.596329036948303,6.287941074897924,53827900,6.37
7725,2010-10-27,7.53771538697185,7.690110876910627,7.4322108170142345,7.467379007000106,6.181199756925807,19982900,6.29
7726,2010-10-28,7.54943811696714,7.572883576957721,7.279815327075457,7.373597167037781,6.103570666623994,31014900,6.3
7727,2010-10-29,7.373597167037781,7.5025471969859785,7.338428977051909,7.385319897033072,6.113274742514095,19494000,6.23
7728,2010-11-01,7.440803599585014,7.4759570024177,7.218165381644676,7.300189988254275,6.042807842593566,12189000,6.12
7729,2010-11-02,7.382214594863873,7.382214594863873,7.124422974090849,7.171294177867763,5.936113749656084,19734100,6.3
7730,2010-11-03,7.183011978811991,7.393932395808101,7.183011978811991,7.382214594863873,6.110704296604709,19403100,6.54
7731,2010-11-04,7.487674803361928,7.722030822246496,7.4056501967523305,7.663441817525354,6.343492473722937,24216400,6.45
7732,2010-11-05,7.651724016581126,7.944669040186835,7.452521400529244,7.5579816090272995,6.256197200248626,39522700,6.34
7733,2010-11-08,7.534546007138842,7.546263808083071,7.276754386365818,7.429085798640787,6.149501935531049,22154300,6.2
7734,2010-11-09,7.452521400529244,7.581417210915756,7.229883182588905,7.265036585421591,6.013709027508764,23531400,6.25
7735,2010-11-10,7.323625590142731,7.417367997696558,7.206447580700448,7.323625590142731,6.0622078338368315,21403000,6.41
7736,2010-11-11,7.2533187844773614,7.663441817525354,7.241600983533132,7.511110405250386,6.217398389542192,23826700,6.15
7737,2010-11-12,7.440803599585014,7.4759570024177,7.194729779756218,7.206447580700448,5.9652125647408845,20555200,6.2
7738,2010-11-15,7.33534339108696,7.382214594863873,7.241600983533132,7.265036585421591,6.013709027508764,15669500,5.92
7739,2010-11-16,7.1009873722023915,7.1009873722023915,6.515097324990974,6.936938158983195,5.742123211464195,79418100,5.54
7740,2010-11-17,6.925220358038967,6.925220358038967,6.292459107050635,6.491661723102517,5.373540954543585,73884200,5.31
7741,2010-11-18,6.585404130656344,6.632275334433258,6.022949685333382,6.222152301385265,5.150450429486798,124940100,5.5
7742,2010-11-19,6.058103088166067,6.4565083202698315,5.999514083444926,6.444790519325604,5.3347421438371505,56849500,5.35
7743,2010-11-22,6.39791931554869,6.433072718381375,6.1635632966641225,6.269023505162178,5.1892492401932335,30803400,5.21
7744,2010-11-23,6.116692092887209,6.515097324990974,6.058103088166067,6.104974291942981,5.053456332170948,72941200,5.24
7745,2010-11-24,6.140127694775666,6.304176907994863,6.058103088166067,6.140127694775666,5.082553975475657,22443600,5.25
7746,2010-11-26,6.069820889110296,6.2104345004410355,6.069820889110296,6.151845495719894,5.0922551428773835,7149000,5.37
7747,2010-11-29,6.128409893831439,6.351048111771777,6.104974291942981,6.292459107050635,5.208650403216593,25187500,5.38
7748,2010-11-30,6.2104345004410355,6.374483713660235,6.2104345004410355,6.304176907994863,5.218348055278036,22928800,5.67
7749,2010-12-01,6.386943730923127,6.644293112022594,6.351850633500472,6.632595412881709,5.490199284552809,28193000,6.06
7750,2010-12-02,6.632595412881709,7.112201077657987,6.597502315459053,7.088805679376217,5.8678325966082525,47685000,6.08
7751,2010-12-03,6.960130988826484,7.1355964759397565,6.913340192262945,7.112201077657987,5.887199307305901,20281800,6.07
7752,2010-12-06,7.1355964759397565,7.158991874221527,6.913340192262945,7.100503378517103,5.87751712172699,24239800,6.01
7753,2010-12-07,7.252573467348606,7.275968865630375,6.983526387108254,7.0303171836717935,5.819418159403958,18902400,6.33
7754,2010-12-08,7.065410281094448,7.591806742434266,7.0537125819535635,7.404643556180109,6.129271493327372,42035100,6.5
7755,2010-12-09,7.498225149307188,7.661992937279575,7.334457361334799,7.603504441575152,6.293879176098074,36481200,6.46
7756,2010-12-10,7.615202140716036,7.650295238138691,7.498225149307188,7.5567136450116115,6.255148094242605,19232300,6.55
7757,2010-12-13,7.486527450166303,7.743876831265769,7.252573467348606,7.661992937279575,6.342297122612113,47789900,6.21
7758,2010-12-14,7.603504441575152,7.650295238138691,7.240875768207721,7.264271166489491,6.013075908221134,36139600,6.31
7759,2010-12-15,7.673690636420459,7.673690636420459,7.240875768207721,7.381248157898338,6.119758924386005,96752400,6.13
7760,2010-12-16,7.381248157898338,7.4280389544618775,7.170689573362412,7.170689573362412,5.945187141487096,34668700,6.24
7761,2010-12-17,7.322759662193915,7.509922848448072,7.287666564771261,7.299364263912145,6.051867818112138,39878000,6.31
7762,2010-12-20,7.381248157898338,7.451434352743648,7.3461550604756845,7.381248157898338,6.119758924386005,15469700,6.45
7763,2010-12-21,7.416341255320994,7.568411344152497,7.416341255320994,7.545015945870727,6.255538797393911,15716900,6.91
7764,2010-12-22,7.603504441575152,8.118203203774085,7.568411344152497,8.08311010635143,6.7016703263086335,40880000,6.75
7765,2010-12-23,7.977830814083466,8.094807805492314,7.860853822674618,7.8959469200972725,6.546494498355225,13063000,6.76
7766,2010-12-27,7.872551521815502,8.012923911506121,7.778969928688424,7.907644619238157,6.55619189094302,16492900,6.79
7767,2010-12-28,7.919342318379042,7.977830814083466,7.884249220956388,7.942737716660812,6.5852887477860556,8354300,6.87
7768,2010-12-29,7.954435415801696,8.059714708069661,7.919342318379042,8.03631930978789,6.662874907107889,17977300,6.92
7769,2010-12-30,8.03631930978789,8.129900902914969,8.012923911506121,8.094807805492314,6.7113688886663425,10544900,7.0
7770,2010-12-31,8.071412407210545,8.211784796901163,8.03631930978789,8.188389398619394,6.788956217758088,9530400,7.07
7771,2011-01-03,8.335847027785475,8.417342738950975,8.161213361002257,8.231066827715543,6.824339087452265,19962600,7.03
7772,2011-01-04,8.289278049976614,8.312562538881044,8.068075405384542,8.184497849906686,6.785728747950942,15605100,7.21
7773,2011-01-05,8.114644383193399,8.394058250046545,8.114644383193399,8.394058250046545,6.959475275706898,15210700,7.14
7774,2011-01-06,8.394058250046545,8.615260894638618,8.242709072167758,8.312562538881044,6.891907181579581,28247400,7.02
7775,2011-01-07,8.347489272237688,8.40570049449876,8.044790916480114,8.17285560545447,6.776077327300055,25453800,7.05
7776,2011-01-10,8.17285560545447,8.254351316619971,8.021506427575684,8.207782338811114,6.8050339177016035,18965700,7.22
7777,2011-01-11,8.289278049976614,8.440627227855403,8.242709072167758,8.40570049449876,6.96912786058223,16387800,7.27
7778,2011-01-12,8.498838450116475,8.557049672377545,8.382416005594331,8.463911716759831,7.017390784958883,20313000,7.24
7779,2011-01-13,8.463911716759831,8.48719620566426,8.359131516689903,8.428984983403188,6.988431866108446,15014400,7.47
7780,2011-01-14,8.394058250046545,8.766610072517404,8.370773761142118,8.696756605804119,7.210441318241055,26048800,7.55
7781,2011-01-18,8.708398850256334,8.871390272587334,8.557049672377545,8.789894561421832,7.287661997243704,22865800,7.13
7782,2011-01-19,8.708398850256334,8.766610072517404,8.289278049976614,8.300920294428831,6.88225692515314,19513900,7.23
7783,2011-01-20,8.207782338811114,8.452269472307616,8.126286627645614,8.417342738950975,6.9787792812331135,21217300,7.4
7784,2011-01-21,8.626903139090832,8.67347211689969,8.463911716759831,8.615260894638618,7.1428743883381856,16576500,7.3
7785,2011-01-24,8.626903139090832,8.65018762799526,8.40570049449876,8.498838450116475,7.046348539584876,15919100,7.02
7786,2011-01-25,8.254351316619971,8.440627227855403,8.114644383193399,8.17285560545447,6.776077327300055,46595600,6.97
7787,2011-01-26,8.09135989428897,8.184497849906686,7.905083983053542,8.114644383193399,6.727814402923401,30926300,7.15
7788,2011-01-27,8.114644383193399,8.359131516689903,8.09135989428897,8.32420478333326,6.9015609306793575,22602800,6.88
7789,2011-01-28,8.347489272237688,8.394058250046545,7.963295205314613,8.00986418312347,6.640942303269868,27082300,7.1
7790,2011-01-31,8.09135989428897,8.300920294428831,8.056433160932327,8.265993561072186,6.853298006302703,17078900,7.32
7791,2011-02-01,8.294941642680595,8.515058809176308,8.260186300602324,8.48030346709804,7.030981373694697,25725200,7.25
7792,2011-02-02,8.43396301099368,8.457133239045858,8.294941642680595,8.399207668915407,6.963743688910076,12138700,7.53
7793,2011-02-03,8.352867212811047,8.839442001906836,8.352867212811047,8.723590861645935,7.232690952514358,41935200,7.84
7794,2011-02-04,8.712005747619843,9.302846562950444,8.688835519567663,9.08272939645473,7.5304492361901225,43875600,7.79
7795,2011-02-07,9.163825194637361,9.256506106846082,9.013218712298189,9.02480382632428,7.482423145994966,17263800,7.8
7796,2011-02-08,9.059559168402549,9.07114428242864,8.700420633593753,9.036388940350369,7.4920295225453994,22539500,7.61
7797,2011-02-09,8.978463370219918,9.08272939645473,8.793101545802475,8.816271773854655,7.3095315383152055,15236300,7.73
7798,2011-02-10,8.723590861645935,9.001633598272099,8.712005747619843,8.955293142167738,7.424794154783583,12961600,8.02
7799,2011-02-11,8.897367572037286,9.372357247106985,8.885782458011196,9.291261448924354,7.703342002381285,19037600,7.91
7800,2011-02-14,9.268091220872172,9.326016791002624,9.059559168402549,9.163825194637361,7.597686920974746,12170100,7.84
7801,2011-02-15,9.152240080611271,9.221750764767812,9.059559168402549,9.08272939645473,7.5304492361901225,9540100,7.76
7802,2011-02-16,9.036388940350369,9.175410308663453,8.978463370219918,8.990048484246008,7.453608650389274,14388700,7.7
7803,2011-02-17,8.966878256193828,9.001633598272099,8.862612229959018,8.920537800089468,7.3959761836436835,11181900,7.79
7804,2011-02-18,8.885782458011196,9.059559168402549,8.862612229959018,9.02480382632428,7.482423145994966,12778500,7.38
7805,2011-02-22,8.851027115932926,8.920537800089468,8.5266439232024,8.54981415125458,7.088612681928886,17266200,7.38
7806,2011-02-23,8.54981415125458,8.769931317750295,8.376037440863227,8.54981415125458,7.088612681928886,14627800,7.41
7807,2011-02-24,8.457133239045858,8.619324835411122,8.399207668915407,8.584569493332852,7.117427177534577,12531500,7.56
7808,2011-02-25,8.642495063463302,8.816271773854655,8.642495063463302,8.758346203724203,7.261505448120049,9274600,7.64
7809,2011-02-28,8.839442001906836,8.851027115932926,8.700420633593753,8.851027115932926,7.3383471924323,9888000,7.43
7810,2011-03-01,8.731133858690544,8.754080334009048,8.513142343164763,8.524615580824014,7.0677197690531495,15105800,7.47
7811,2011-03-02,8.513142343164763,8.673767670394286,8.490195867846259,8.570508531461021,7.10576961442629,10884000,7.66
7812,2011-03-03,8.63934795741653,8.83439299762381,8.63934795741653,8.788500046986803,7.286506379948717,13455500,7.48
7813,2011-03-04,8.754080334009048,8.765553571668299,8.467249392527755,8.581981769120272,7.115280928445811,12890500,7.41
7814,2011-03-07,8.604928244438776,8.69671414571279,8.43282967955,8.50166910550551,7.048694846366577,12924100,7.64
7815,2011-03-08,8.524615580824014,8.822919759964558,8.524615580824014,8.765553571668299,7.267481457262146,10329300,7.73
7816,2011-03-09,8.891759185920069,8.960598611875579,8.731133858690544,8.868812710601565,7.353093609351716,20795500,7.34
7817,2011-03-10,8.685240908053538,8.742607096349797,8.42135644189075,8.42135644189075,6.982107616963578,15180700,7.48
7818,2011-03-11,8.375463491253742,8.62787471975728,8.352517015935238,8.581981769120272,7.115280928445811,12273300,7.38
7819,2011-03-14,8.455776154868504,8.524615580824014,8.29515082763898,8.467249392527755,7.020158609660487,12158800,7.33
7820,2011-03-15,8.203364926364966,8.478722630187008,8.203364926364966,8.409883204231496,6.972597450267824,13461400,7.2
7821,2011-03-16,8.409883204231496,8.467249392527755,8.23778463934272,8.260731114661224,6.858293025439998,13743000,7.35
7822,2011-03-17,8.409883204231496,8.455776154868504,8.283677589979728,8.43282967955,7.001169254010659,12127800,7.1
7823,2011-03-18,8.581981769120272,8.604928244438776,8.100105787431701,8.145998738068707,6.763036469774061,43529600,7.25
7824,2011-03-21,8.29515082763898,8.36399025359449,8.203364926364966,8.318097302957483,6.905918434963552,13042400,7.3
7825,2011-03-22,8.272204352320477,8.398409966572245,8.260731114661224,8.375463491253742,6.953546139134637,14467600,7.17
7826,2011-03-23,8.318097302957483,8.352517015935238,8.123052262750205,8.22631140168347,6.829713190430802,12838400,7.13
7827,2011-03-24,8.272204352320477,8.272204352320477,8.123052262750205,8.180418451046462,6.79161515745949,8867100,7.18
7828,2011-03-25,8.168945213387211,8.249257877001973,8.145998738068707,8.23778463934272,6.839238272335512,7712600,7.14
7829,2011-03-28,8.23778463934272,8.272204352320477,8.168945213387211,8.191891688705715,6.801139092040436,6201300,7.15
7830,2011-03-29,8.168945213387211,8.249257877001973,8.15747197572796,8.203364926364966,6.8106641739451454,4989800,7.23
7831,2011-03-30,8.23778463934272,8.318097302957483,8.145998738068707,8.29515082763898,6.88686827115413,14274400,7.26
7832,2011-03-31,8.260731114661224,8.36399025359449,8.214838164024219,8.329570540616736,6.915443516868262,8638800,7.29
7833,2011-04-01,8.356074849048047,8.492872800192082,8.264876214952025,8.310475532000035,6.899589343183377,13157800,7.3
7834,2011-04-04,8.333275190524041,8.447273483144071,8.264876214952025,8.32187536126204,6.909055761402543,8935100,7.19
7835,2011-04-05,8.264876214952025,8.344675019786045,8.196477239380009,8.196477239380009,6.804944540701449,9807500,7.42
7836,2011-04-06,8.230676727166017,8.492872800192082,8.219276897904013,8.458673312406074,7.022627700408171,15023300,7.33
7837,2011-04-07,8.470073141668076,8.48147297093008,8.310475532000035,8.356074849048047,6.93744703617956,8257400,7.27
7838,2011-04-08,8.40167416609606,8.413073995358063,8.24207655642802,8.28767587347603,6.880662206659672,8317900,7.26
7839,2011-04-11,8.28767587347603,8.344675019786045,8.253476385690023,8.276276044214027,6.871196928423432,5224300,7.27
7840,2011-04-12,8.24207655642802,8.344675019786045,8.207877068642011,8.28767587347603,6.880662206659672,8016900,7.21
7841,2011-04-13,8.367474678310051,8.378874507572053,8.139478093069995,8.219276897904013,6.823875097173931,12864300,7.24
7842,2011-04-14,8.230676727166017,8.264876214952025,8.08247894675998,8.253476385690023,6.852267511933876,11618400,7.17
7843,2011-04-15,8.32187536126204,8.32187536126204,8.116678434545989,8.173677580856003,6.786015124211893,12432300,6.98
7844,2011-04-18,8.025479800449967,8.105278605283987,7.945680995615946,7.95708082487795,6.606190797484284,18570600,7.17
7845,2011-04-19,8.173677580856003,8.253476385690023,7.786083385947909,8.173677580856003,6.786015124211893,37997800,7.06
7846,2011-04-20,8.276276044214027,8.310475532000035,8.025479800449967,8.048279458973973,6.6819084634425066,13776900,7.17
7847,2011-04-21,8.093878776021983,8.196477239380009,7.968480654139952,8.173677580856003,6.786015124211893,10980500,7.15
7848,2011-04-25,8.116678434545989,8.207877068642011,8.105278605283987,8.150877922331999,6.767087987688191,7269400,7.34
7849,2011-04-26,8.219276897904013,8.40167416609606,8.150877922331999,8.367474678310051,6.946912314415801,12900000,7.38
7850,2011-04-27,8.390274336834057,8.43587365388207,8.264876214952025,8.413073995358063,6.98476886742906,11759100,7.44
7851,2011-04-28,8.424473824620065,8.492872800192082,8.333275190524041,8.48147297093008,7.041558256880654,9795800,7.34
7852,2011-04-29,8.492872800192082,8.492872800192082,8.310475532000035,8.367474678310051,6.946912314415801,9251800,7.35
7853,2011-05-02,8.362336168593227,8.40772198226266,8.282910994671717,8.339643261758509,6.923803303561629,6610200,7.37
7854,2011-05-03,8.294257448089075,8.362336168593227,8.226178727584925,8.362336168593227,6.942646358751836,9194200,7.37
7855,2011-05-04,8.339643261758509,8.385029075427942,8.248871634419642,8.362336168593227,6.942646358751836,10775800,7.11
7856,2011-05-05,8.294257448089075,8.316950354923792,8.067328379741905,8.067328379741905,6.697721815284735,16146600,7.09
7857,2011-05-06,8.158100007080774,8.158100007080774,7.999249659237754,8.044635472907189,6.678882164030553,22796500,7.12
7858,2011-05-09,8.03328901948983,8.146753553663414,8.03328901948983,8.078674833159264,6.707141640911827,8403000,7.13
7859,2011-05-10,8.146753553663414,8.214832274167565,8.09002128657662,8.09002128657662,6.716564870474942,12781800,7.13
7860,2011-05-11,8.078674833159264,8.169446460498133,8.044635472907189,8.09002128657662,6.716564870474942,9886100,7.17
7861,2011-05-12,8.10136773999398,8.180792913915491,7.95386384556832,8.135407100246056,6.7542419036926225,14324900,7.05
7862,2011-05-13,8.124060646828697,8.135407100246056,7.987903205820396,7.999249659237754,6.641199457586163,12441000,7.13
7863,2011-05-16,7.976556752403037,8.237525181002283,7.965210298985678,8.09002128657662,6.716564870474942,12319600,7.25
7864,2011-05-17,8.078674833159264,8.237525181002283,8.03328901948983,8.226178727584925,6.829605047290718,11747000,7.13
7865,2011-05-18,8.203485820750208,8.226178727584925,8.055981926324547,8.09002128657662,6.716564870474942,19479800,7.1
7866,2011-05-19,8.11271419341134,8.135407100246056,8.03328901948983,8.055981926324547,6.688301989657645,12779500,6.95
7867,2011-05-20,7.999249659237754,8.09002128657662,7.851745764812093,7.885785125064169,6.547000066669912,18277100,6.83
7868,2011-05-23,7.840399311394735,7.8971315784815275,7.704241870386433,7.749627684055866,6.433959889854135,13387700,6.77
7869,2011-05-24,7.760974137473226,7.7836670443079425,7.636163149882282,7.681548963551715,6.377438666800906,15347400,6.8
7870,2011-05-25,7.692895416969074,7.795013497725301,7.64750960329964,7.715588323803791,6.405698143682179,8485400,6.94
7871,2011-05-26,7.692895416969074,7.8971315784815275,7.692895416969074,7.874438671646811,6.537580241042821,9183100,6.98
7872,2011-05-27,7.908478031898885,7.999249659237754,7.863092218229451,7.919824485316245,6.575259543551185,8359000,7.06
7873,2011-05-31,8.055981926324547,8.078674833159264,7.931170938733604,8.010596112655112,6.65062268714928,10998500,6.54
7874,2011-06-01,7.962391304347825,7.973749922471004,7.383101780065744,7.428536252558457,6.167378659585686,27865000,6.54
7875,2011-06-02,7.428536252558457,7.5421224337902375,7.3376673075730325,7.428536252558457,6.167378659585686,14516800,6.36
7876,2011-06-03,7.29223283508032,7.439894870681634,7.212722508218073,7.224081126341252,5.997636606214724,15828000,6.05
7877,2011-06-06,7.212722508218073,7.212722508218073,6.724301928921417,6.871963964522731,5.705297579854866,35134200,6.07
7878,2011-06-07,6.940115673261801,7.065060472616758,6.883322582645909,6.894681200769088,5.724158565248403,16943100,6.13
7879,2011-06-08,6.826529492030019,7.087777708863115,6.826529492030019,6.9628329095081565,5.7807415214290145,20512300,6.12
7880,2011-06-09,6.985550145754512,7.042343236370402,6.906039818892266,6.951474291384978,5.771309324939527,28643300,6.14
7881,2011-06-10,6.917398437015444,7.019626000124046,6.735660547044595,6.9741915276313335,5.790169174471252,21214400,6.05
7882,2011-06-13,6.837888110153196,6.940115673261801,6.747019165167774,6.871963964522731,5.705297579854866,37826200,6.26
7883,2011-06-14,6.9628329095081565,7.201363890094895,6.871963964522731,7.110494945109471,5.903331679247038,25911900,6.15
7884,2011-06-15,6.99690876387769,7.042343236370402,6.849246728276376,6.985550145754512,5.808881361967376,26063000,6.16
7885,2011-06-16,6.906039818892266,7.019626000124046,6.883322582645909,6.99690876387769,5.818326052936798,19423600,6.27
7886,2011-06-17,7.076419090739938,7.314950071326677,7.042343236370402,7.121853563232649,5.922223332909507,37657500,6.19
7887,2011-06-20,7.065060472616758,7.121853563232649,6.906039818892266,7.030984618247225,5.8466612617068785,15836300,6.3
7888,2011-06-21,7.087777708863115,7.167288035725361,7.008267382000868,7.155929417602183,5.950558541679588,10575500,6.21
7889,2011-06-22,7.110494945109471,7.3376673075730325,7.042343236370402,7.053701854493581,5.865550643645724,28014000,6.17
7890,2011-06-23,6.928757055138621,7.019626000124046,6.860605346399553,7.008267382000868,5.827768472182596,20292000,5.94
7891,2011-06-24,7.008267382000868,7.030984618247225,6.724301928921417,6.747019165167774,5.61052694954413,19594800,5.94
7892,2011-06-27,6.803812255783663,6.871963964522731,6.667508838305526,6.747019165167774,5.61052694954413,24294800,5.94
7893,2011-06-28,6.7810950195373065,6.81517087390684,6.656150220182349,6.747019165167774,5.61052694954413,14624600,6.14
7894,2011-06-29,6.803812255783663,7.008267382000868,6.792453637660485,6.9741915276313335,5.799433263412516,19652200,6.2
7895,2011-06-30,6.9741915276313335,7.087777708863115,6.928757055138621,7.042343236370402,5.856104816814488,11250200,6.3
7896,2011-07-01,7.002063234213578,7.251731615336267,6.979366108656971,7.14959455033153,5.945290742579298,12580000,6.17
7897,2011-07-05,7.081503173661706,7.115548861996618,6.899926169208843,7.002063234213578,5.822609374376997,12274600,6.02
7898,2011-07-06,6.933971857543755,6.9566689831003625,6.763743415869194,6.831834792539018,5.681055346274379,21705500,6.17
7899,2011-07-07,6.933971857543755,7.0361089225484905,6.888577606430538,7.002063234213578,5.822609374376997,16550600,6.15
7900,2011-07-08,6.888577606430538,7.047457485326795,6.831834792539018,6.979366108656971,5.803738984189233,16166300,5.9
7901,2011-07-11,6.843183355317322,6.899926169208843,6.661606350864457,6.69565203919937,5.567812577734794,11877300,6.0
7902,2011-07-12,6.661606350864457,6.933971857543755,6.650257788086154,6.80913766698241,5.662181551517781,17227700,5.95
7903,2011-07-13,6.843183355317322,6.911274731987146,6.7183491647559785,6.75239485309089,5.614996497198148,14748600,5.89
7904,2011-07-14,6.820486229760714,6.831834792539018,6.650257788086154,6.684303476421066,5.558373978072079,15267600,5.99
7905,2011-07-15,6.741046290312586,6.831834792539018,6.69565203919937,6.7977891042041065,5.6527452215676215,14526700,5.84
7906,2011-07-18,6.7296977275342815,6.80913766698241,6.480029346411594,6.627560662529546,5.511190058608724,19009100,5.9
7907,2011-07-19,6.627560662529546,6.7183491647559785,6.514075034746505,6.69565203919937,5.567812577734794,13969300,6.01
7908,2011-07-20,6.7183491647559785,6.911274731987146,6.661606350864457,6.820486229760714,5.671619016324218,14464700,6.23
7909,2011-07-21,6.877229043652234,7.138245987553227,6.877229043652234,7.070154610883403,5.879231893503067,22338700,6.2
7910,2011-07-22,7.058806048105098,7.070154610883403,6.933971857543755,7.0361089225484905,5.850920633940032,9152100,6.21
7911,2011-07-25,6.945320420322059,7.115548861996618,6.888577606430538,7.047457485326795,5.86035809874647,16714800,6.42
7912,2011-07-26,7.14959455033153,7.410611494232524,7.058806048105098,7.285777303671179,6.05853464597516,29206400,6.13
7913,2011-07-27,7.20633736422305,7.263080178114571,6.945320420322059,6.9566689831003625,5.784862919720082,22731100,6.17
7914,2011-07-28,6.9566689831003625,7.092851736440011,6.9566689831003625,7.002063234213578,5.822609374376997,10539900,6.09
7915,2011-07-29,6.911274731987146,7.0361089225484905,6.843183355317322,6.911274731987146,5.747114195350608,13362100,5.91
7916,2011-08-01,7.005442230020527,7.062029000860757,6.598017479970867,6.688556313315236,5.561913705886249,38487900,5.7
7917,2011-08-02,6.665921604979143,6.688556313315236,6.382987750777991,6.450891875786268,5.364279881785076,37248400,5.77
7918,2011-08-03,6.473526584122361,6.552748063298683,6.2132274382573005,6.530113354962591,5.430157068661856,52328200,5.34
7919,2011-08-04,6.394305104946038,6.462209229954315,6.043467125736609,6.043467125736609,5.025484699145866,44492800,5.1
7920,2011-08-05,6.1792753757531615,6.235862146593392,5.692629146527181,5.771850625703502,4.799619735072502,51296600,4.41
7921,2011-08-08,5.5115514798384435,5.715263854863273,4.809875521419586,4.990953188108324,4.150258246295438,39322300,4.78
7922,2011-08-09,5.115444083956829,5.421012646494074,4.934366417268094,5.409695292326029,4.498466072396213,28100600,4.23
7923,2011-08-10,5.228617625637291,5.296521750645567,4.7646061047474015,4.7872408130834945,3.980861220843541,22353200,4.5
7924,2011-08-11,4.979635833940278,5.149396146460968,4.832510229755678,5.092809375620738,4.234958456624512,22526600,4.3
7925,2011-08-12,5.172030854797061,5.296521750645567,4.821192875587632,4.866462292259816,4.046738407720322,27470300,4.55
7926,2011-08-15,4.900414354763955,5.149396146460968,4.900414354763955,5.149396146460968,4.282012620048997,18312300,4.39
7927,2011-08-16,5.070174667284646,5.183348208965107,4.934366417268094,4.968318479772231,4.1314374863139784,16753900,4.54
7928,2011-08-17,5.081492021452692,5.296521750645567,5.024905250612462,5.138078792292922,4.2726022400582675,20354800,4.19
7929,2011-08-18,4.923049063100046,4.923049063100046,4.6853846255710785,4.74197139641131,3.9432163056743694,25175900,3.86
7930,2011-08-19,4.606163146394756,4.809875521419586,4.345864000529697,4.368498708865788,3.632653394742767,30736700,3.88
7931,2011-08-22,4.572211083890618,4.617480500562802,4.391133417201881,4.391133417201881,3.651475286459644,28057500,4.03
7932,2011-08-23,4.470354896378203,4.560893729722572,4.345864000529697,4.560893729722572,3.79264117193935,18383000,4.16
7933,2011-08-24,4.549576375554526,4.7646061047474015,4.53825902138648,4.708019333907171,3.914982902231345,21787600,4.05
7934,2011-08-25,4.923049063100046,5.092809375620738,4.549576375554526,4.583528438058664,3.8114630636562277,28893400,4.12
7935,2011-08-26,4.572211083890618,4.7306540422432635,4.425085479706019,4.662749917234986,3.877340250533007,21710500,4.45
7936,2011-08-29,4.775923458915448,5.036222604780508,4.753288750579356,5.036222604780508,4.18790316146461,14104600,4.48
7937,2011-08-30,4.957001125604186,5.149396146460968,4.866462292259816,5.070174667284646,4.2161376966430515,21047900,4.54
7938,2011-08-31,5.149396146460968,5.239934979805337,5.024905250612462,5.138078792292922,4.2726022400582675,14342000,4.31
7939,2011-09-01,5.118988448095765,5.243290595842019,4.870384152603255,4.870384152603255,4.050000147653698,13475600,4.13
7940,2011-09-02,4.678280833359043,4.8025829811052985,4.587879271361766,4.666980638109384,3.8808576951372693,16496200,3.89
7941,2011-09-06,4.463577123615512,4.5765790761121075,4.316674585369938,4.395775952117555,3.6553363084812394,24733200,4.37
7942,2011-09-07,4.5765790761121075,4.960785714600531,4.565278880862448,4.938185324101212,4.1063790817933,30761000,4.18
7943,2011-09-08,4.8590839573535956,4.983386105099851,4.689581028608703,4.723481614357682,3.927841646946304,23556000,3.97
7944,2011-09-09,4.666980638109384,4.734781809607342,4.429676537866534,4.486177514114832,3.730509727360075,25915300,3.99
7945,2011-09-12,4.395775952117555,4.6330800523604045,4.395775952117555,4.508777904614151,3.7493030820797832,28120900,3.9
7946,2011-09-13,4.5200780998638095,4.587879271361766,4.361875366368577,4.407076147367215,3.6647324208313314,32058400,3.83
7947,2011-09-14,4.486177514114832,4.486177514114832,4.203672632873343,4.327974780619598,3.6082065841534847,43244000,3.93
7948,2011-09-15,4.395775952117555,4.440976733116194,4.350575171118917,4.440976733116194,3.702415181930371,32222900,4.0
7949,2011-09-16,4.486177514114832,4.53137829511347,4.350575171118917,4.5200780998638095,3.768363121407384,29350600,3.81
7950,2011-09-19,4.429676537866534,4.463577123615512,4.237573218622322,4.30537439012028,3.5893657686137277,23983100,3.78
7951,2011-09-20,4.350575171118917,4.384475756867896,4.248873413871981,4.2714738043713,3.561101720255279,22750300,3.62
7952,2011-09-21,4.30537439012028,4.316674585369938,4.079370485127089,4.090670680376748,3.410367285800546,25442400,3.42
7953,2011-09-22,3.932467946881515,4.011569313629131,3.7968656038856,3.8646667753835575,3.221951220266298,27411800,3.43
7954,2011-09-23,3.8420663848842387,4.04546989937811,3.785565408635941,3.8759669706332174,3.2313710630264136,31923100,3.6
7955,2011-09-26,3.977668727880153,4.090670680376748,3.830766189634579,4.068070289877429,3.3915264702607884,22504500,3.61
7956,2011-09-27,4.181072242374024,4.248873413871981,4.04546989937811,4.079370485127089,3.4009474430404296,26274500,3.43
7957,2011-09-28,4.079370485127089,4.113271070876068,3.8646667753835575,3.8759669706332174,3.2313710630264136,30331300,3.55
7958,2011-09-29,4.011569313629131,4.090670680376748,3.853366580133898,4.011569313629131,3.3444216063625825,22082800,3.33
7959,2011-09-30,3.9211677516318555,3.9550683373808337,3.762965018136622,3.762965018136622,3.1371624652495274,19438600,3.02
7960,2011-10-03,3.7594193118129504,3.7707428639569653,3.419712747492503,3.419712747492503,2.850995267545855,39222500,3.19
7961,2011-10-04,3.374418538916444,3.6235366860847718,3.1932417046122046,3.6122131339407564,3.0114817073725493,48196900,3.33
7962,2011-10-05,3.555595373220682,3.793389968244995,3.442359851780533,3.7707428639569653,3.1436468109318487,31151800,3.66
7963,2011-10-06,3.7480957596689355,4.189714293285518,3.6348602382287867,4.144420084709458,3.455179245162772,36457600,3.4
7964,2011-10-07,4.167067188997487,4.178390741141502,3.793389968244995,3.8500077289650694,3.2097287965338905,26245300,3.6
7965,2011-10-10,3.951919698261204,4.099125876133398,3.8726548332530992,4.076478771845368,3.3985365726279806,30720300,3.63
7966,2011-10-11,3.9745668025492336,4.155743636853472,3.951919698261204,4.110449428277413,3.426857908895377,35357000,3.82
7967,2011-10-12,4.144420084709458,4.4614795447418745,4.121772980421428,4.325596919013696,3.6062241072117875,31929500,3.68
7968,2011-10-13,4.268979158293622,4.2803027104376365,4.008537458981278,4.167067188997487,3.474059003652488,17848100,3.7
7969,2011-10-14,4.268979158293622,4.314273366869681,4.031184563269309,4.189714293285518,3.492939894497419,22807000,3.46
7970,2011-10-17,4.110449428277413,4.121772980421428,3.8839783853971146,3.9179490418291594,3.266371469068682,18460400,3.83
7971,2011-10-18,3.9858903546932485,4.416185336165815,3.9066254896851444,4.336920471157711,3.6156645526342523,28474000,3.72
7972,2011-10-19,4.325596919013696,4.47280309688589,4.1330965325654425,4.212361397573547,3.511820785342349,25055100,3.69
7973,2011-10-20,4.189714293285518,4.235008501861577,4.019861011125293,4.178390741141502,3.483499449074954,22304300,3.78
7974,2011-10-21,4.268979158293622,4.314273366869681,4.1330965325654425,4.2803027104376365,3.568462325521926,26251900,3.9
7975,2011-10-24,4.3029498147256655,4.495450201173919,4.246332054005592,4.416185336165815,3.6817476705915086,26302200,3.71
7976,2011-10-25,4.336920471157711,4.4614795447418745,4.053831667557338,4.201037845429532,3.5023803399198834,51002600,3.84
7977,2011-10-26,4.3029498147256655,4.393538231877786,4.1330965325654425,4.348244023301726,3.625104998056717,26394900,4.24
7978,2011-10-27,4.597362170470054,4.835156765494367,4.495450201173919,4.801186109062322,4.002720550244898,40336600,4.27
7979,2011-10-28,4.755891900486263,4.880450974070427,4.665303483334144,4.835156765494367,4.031041886512294,27292500,3.93
7980,2011-10-31,4.721921244054218,4.744568348342248,4.45015599259786,4.45015599259786,3.7100678745036904,20626600,3.7
7981,2011-11-01,4.204584670468108,4.363248242938602,4.0459210979976135,4.193251558148788,3.4958888911815413,31261000,3.88
7982,2011-11-02,4.32924890598064,4.43124691685453,4.272583344384035,4.397247579896566,3.6659592412014326,23103800,3.99
7983,2011-11-03,4.533244927728418,4.623909826282987,4.283916456703355,4.521911815409097,3.76989181434823,46191100,4.02
7984,2011-11-04,4.487912478451134,4.612576713963666,4.408580692215887,4.55591115236706,3.7982359282588516,26084800,4.16
7985,2011-11-07,4.544578040047739,4.725907837156877,4.499245590770456,4.714574724837555,3.930512615316271,25109700,4.38
7986,2011-11-08,4.793906511072803,5.054568094417186,4.737240949476196,4.963903195862619,4.138376628298635,49531700,4.08
7987,2011-11-09,4.737240949476196,4.850572072669408,4.589910489325023,4.623909826282987,3.85492642270256,40666800,4.14
7988,2011-11-10,4.759907174114839,4.8165727357114445,4.589910489325023,4.691908500198912,3.911616917146268,37694100,4.17
7989,2011-11-11,4.87323829730805,4.8845714096273705,4.646576050921628,4.725907837156877,3.939963297679353,27932300,4.02
7990,2011-11-14,4.703241612518235,4.725907837156877,4.533244927728418,4.55591115236706,3.7982359282588516,25422200,4.04
7991,2011-11-15,4.499245590770456,4.612576713963666,4.487912478451134,4.578577377005703,3.8171327597400877,35654000,4.04
7992,2011-11-16,4.5105787030897755,4.759907174114839,4.487912478451134,4.578577377005703,3.8171327597400877,27342800,3.94
7993,2011-11-17,4.578577377005703,4.737240949476196,4.419913804535208,4.4652462538124915,3.7226497356451405,28078600,4.1
7994,2011-11-18,4.544578040047739,4.66924227556027,4.487912478451134,4.646576050921628,3.8738232541837956,30265400,3.97
7995,2011-11-21,4.533244927728418,4.589910489325023,4.4652462538124915,4.499245590770456,3.750994982866994,20504900,3.9
7996,2011-11-22,4.4652462538124915,4.612576713963666,4.374581355257924,4.419913804535208,3.6848560726826682,17226100,3.68
7997,2011-11-23,4.32924890598064,4.374581355257924,4.136585996552181,4.170585333510145,3.476992059700305,18056600,3.69
7998,2011-11-25,4.147919108871503,4.317915793661318,4.091253547274897,4.181918445829466,3.4864404754409235,8919500,3.78
7999,2011-11-28,4.408580692215887,4.4425800291738495,4.193251558148788,4.283916456703355,3.571475083795253,16663600,3.59
8000,2011-11-29,4.249917119745392,4.261250232064714,3.977922424081687,4.068587322636255,3.391957451345976,37564200,4.11
8001,2011-11-30,4.283916456703355,4.657909163240951,4.249917119745392,4.657909163240951,3.8832716699244134,37510200,4.12
8002,2011-12-01,4.578537301924919,4.7035097841114535,4.464925954482613,4.680787514622994,3.9023452842178026,20822500,4.22
8003,2011-12-02,4.7830377273210685,4.987538152717218,4.7035097841114535,4.794398862065298,3.9970630645804532,27107900,4.31
8004,2011-12-05,4.908010209507604,5.02162155694991,4.828482266297991,4.896649074763373,4.082307930793364,27032500,4.16
8005,2011-12-06,4.851204535786451,4.862565670530682,4.6921486493672235,4.726232053599916,3.9402312602493885,27504300,4.15
8006,2011-12-07,4.6921486493672235,4.760315457832607,4.555815032436456,4.714870918855684,3.9307606183265977,21198200,4.0
8007,2011-12-08,4.669426379878762,4.6921486493672235,4.385398011272998,4.544453897692226,3.7886850838960973,25080600,4.12
8008,2011-12-09,4.589898436669149,4.680787514622994,4.567176167180687,4.680787514622994,3.9023452842178026,19569700,4.0
8009,2011-12-12,4.555815032436456,4.6126207061576086,4.487648223971074,4.544453897692226,3.7886850838960973,16921800,4.03
8010,2011-12-13,4.589898436669149,4.760315457832607,4.487648223971074,4.578537301924919,3.817099281891418,21571400,3.98
8011,2011-12-14,4.499009358715304,4.601259571413379,4.453564819738381,4.521731628203765,3.7791190084414548,17650600,3.97
8012,2011-12-15,4.589898436669149,4.623981840901841,4.487648223971074,4.510370493459535,3.769623372022227,13066000,3.99
8013,2011-12-16,4.544453897692226,4.635342975646071,4.499009358715304,4.533092762947996,3.788613508747208,15493000,3.82
8014,2011-12-19,4.521731628203765,4.544453897692226,4.305870068063385,4.3399534722960755,3.627194506301181,14526300,4.1
8015,2011-12-20,4.4308425502499205,4.680787514622994,4.4308425502499205,4.658065245134531,3.893063237131767,16312600,4.22
8016,2011-12-21,4.658065245134531,4.81712113155376,4.567176167180687,4.794398862065298,4.007006329708603,15449400,4.4
8017,2011-12-22,4.81712113155376,5.0557049611826015,4.805759996809529,4.998899287461449,4.177919832460385,14638200,4.4
8018,2011-12-23,5.0557049611826015,5.0557049611826015,4.908010209507604,4.998899287461449,4.177919832460385,6548000,4.36
8019,2011-12-27,4.953454748484527,4.998899287461449,4.896649074763373,4.953454748484527,4.139939559010422,7154100,4.24
8020,2011-12-28,4.953454748484527,4.976177017972987,4.737593188344146,4.81712113155376,4.02599533032011,8561900,4.36
8021,2011-12-29,4.81712113155376,4.953454748484527,4.794398862065298,4.953454748484527,4.139939559010422,10940300,4.3
8022,2011-12-30,4.919371344251835,4.930732478996065,4.862565670530682,4.885287940019143,4.082966876608529,6497900,4.35
8023,2012-01-03,4.965688174177751,5.04486771226259,4.886508636092913,4.920442723843557,4.1123476695122765,14255500,4.34
8024,2012-01-04,4.909131361260009,4.909131361260009,4.76208364767388,4.909131361260009,4.102895894937463,16914500,4.52
8025,2012-01-05,4.852574548342267,5.203226788432268,4.796017735424526,5.11273588776388,4.273061771371848,31886900,4.41
8026,2012-01-06,5.12404725034743,5.157981338098074,4.943065449010655,4.9883108993448495,4.169069628323738,18310300,4.53
8027,2012-01-09,5.067490437429688,5.305029051684205,5.056179074846139,5.12404725034743,4.282515808219179,25590700,4.7
8028,2012-01-10,5.293717689100656,5.350274502018398,5.146669975514526,5.316340414267752,4.443226516669975,19395200,4.8
8029,2012-01-11,5.2710949639335585,5.4746994904374295,5.203226788432268,5.429454040103236,4.5377634917344984,18766800,4.69
8030,2012-01-12,5.350274502018398,5.40683131493614,5.214538151015817,5.305029051684205,4.433773610958903,42072700,4.79
8031,2012-01-13,5.1806040632651715,5.508633578188076,5.12404725034743,5.418142677519688,4.528309454887169,25850900,4.8
8032,2012-01-17,5.40683131493614,5.542567665938721,5.3728972271854945,5.429454040103236,4.5377634917344984,17048500,4.91
8033,2012-01-18,5.429454040103236,5.587813116272915,5.3728972271854945,5.553879028522268,4.64175450364635,15687500,4.94
8034,2012-01-19,5.610435841440011,5.644369929190656,5.531256303355172,5.587813116272915,4.670115483052082,18676200,4.91
8035,2012-01-20,5.553879028522268,5.5765017536893655,5.418142677519688,5.553879028522268,4.64175450364635,21891000,4.92
8036,2012-01-23,5.542567665938721,5.644369929190656,5.486010853020978,5.565190391105817,4.6512085404936805,27691600,5.23
8037,2012-01-24,5.553879028522268,5.927153993779367,5.429454040103236,5.915842631195818,4.944272371398319,43505100,5.32
8038,2012-01-25,5.893219906028722,6.1760039706174314,5.768794917609688,6.017644894447754,5.029355309615512,27643900,5.17
8039,2012-01-26,6.096824432532593,6.130758520283238,5.746172192442592,5.847974455694527,4.8875492814506,22767900,5.31
8040,2012-01-27,5.802729005360334,6.017644894447754,5.791417642776786,6.006333531864205,5.019901272768182,18874500,5.17
8041,2012-01-30,5.915842631195818,5.927153993779367,5.791417642776786,5.847974455694527,4.8875492814506,12166300,5.22
8042,2012-01-31,5.90453126861227,5.938465356362915,5.791417642776786,5.90453126861227,4.934819465687248,19252800,5.32
8043,2012-02-01,5.991265510864744,6.047574397245051,5.88990951538019,5.991265510864744,5.00730826376706,16561000,5.44
8044,2012-02-02,5.934956624484435,6.148930392729606,5.88990951538019,6.126406838177483,5.120254880424136,19688400,5.64
8045,2012-02-03,6.2502863882141595,6.39668949280296,6.205239279109914,6.351642383698713,5.308499992304416,23756800,5.59
8046,2012-02-06,6.306595274594467,6.340380606422651,6.216501056385974,6.295333497318405,5.261437025067754,13781200,5.59
8047,2012-02-07,6.26154816549022,6.329118829146591,6.205239279109914,6.295333497318405,5.261437025067754,10433400,5.52
8048,2012-02-08,6.295333497318405,6.340380606422651,6.193977501833851,6.216501056385974,5.195553375647338,15727000,5.68
8049,2012-02-09,6.272809942766283,6.4192130473550835,6.239024610938098,6.39668949280296,5.346149239916016,17024600,5.67
8050,2012-02-10,6.317857051870528,6.452998379183268,6.272809942766283,6.385427715526898,5.336735520290958,20558100,5.75
8051,2012-02-13,6.4867837110114515,6.531830820115698,6.4192130473550835,6.475521933735391,5.41203401551416,23185800,5.65
8052,2012-02-14,6.441736601907205,6.4642601564593285,6.295333497318405,6.362904160974775,5.317910333396292,14735300,5.78
8053,2012-02-15,6.4192130473550835,6.588139706496005,6.385427715526898,6.509307265563575,5.440270669678429,29291400,5.91
8054,2012-02-16,6.509307265563575,6.655710370152375,6.430474824631144,6.655710370152375,5.562629879782838,20137500,6.0
8055,2012-02-17,6.734542811084806,6.813375252017236,6.6782339247044975,6.757066365636929,5.647338716097917,17081400,5.98
8056,2012-02-21,6.779589920189052,6.8471605838454215,6.621925038324191,6.734542811084806,5.628514655380981,17806200,5.8
8057,2012-02-22,6.6782339247044975,6.700757479256621,6.452998379183268,6.531830820115698,5.459095856573094,18396100,5.91
8058,2012-02-23,6.520569042839637,6.790851697465114,6.329118829146591,6.655710370152375,5.562629879782838,27750600,5.8
8059,2012-02-24,6.6782339247044975,6.689495701980561,6.452998379183268,6.531830820115698,5.459095856573094,9875200,5.83
8060,2012-02-27,6.509307265563575,6.588139706496005,6.374165938250837,6.565616151943883,5.487331384559634,18419100,5.83
8061,2012-02-28,6.599401483772068,6.6782339247044975,6.498045488287513,6.565616151943883,5.487331384559634,17490800,5.76
8062,2012-02-29,6.599401483772068,6.666972147428437,6.4642601564593285,6.4867837110114515,5.421446608961492,19058100,5.85
8063,2012-03-01,6.504952134337729,6.605544177652229,6.449067665829671,6.538482815442562,5.464653811545302,13853400,5.96
8064,2012-03-02,6.61672107135384,6.70613622096673,6.493775240636117,6.661428646160284,5.567408583791066,22915200,5.93
8065,2012-03-05,6.650251752458674,6.6726055398618955,6.549659709144173,6.6278979650554515,5.5393858759023855,15356100,5.75
8066,2012-03-06,6.504952134337729,6.538482815442562,6.348475622515171,6.42671387842645,5.3712418047447175,19287600,5.83
8067,2012-03-07,6.471421453232894,6.572013496547395,6.42671387842645,6.516129028039339,5.44597163372306,19252400,5.79
8068,2012-03-08,6.594367283950618,6.61672107135384,6.404360091023228,6.471421453232894,5.4086072780785726,20082600,5.8
8069,2012-03-09,6.482598346934505,6.549659709144173,6.42671387842645,6.482598346934505,5.41794892583438,16154800,5.63
8070,2012-03-12,6.449067665829671,6.449067665829671,6.270237366603893,6.292591154007114,5.259145384743148,20877500,5.78
8071,2012-03-13,6.359652516216782,6.504952134337729,6.281414260305503,6.460244559531283,5.399265630322767,36250700,6.17
8072,2012-03-14,6.773197583176397,6.974381669805399,6.694959327265119,6.89614341389412,5.773564152738544,155278200,6.44
8073,2012-03-15,6.98555856350701,7.35439605566018,6.8626127327892865,7.197919543837624,6.026217834863465,63855600,6.41
8074,2012-03-16,7.35439605566018,7.477341886377904,7.153211969031179,7.16438886273279,5.998144830953129,54444600,6.35
8075,2012-03-19,7.142035075329567,7.2873346934505125,7.086150606821511,7.0973275005231224,5.942001058511195,48507500,6.46
8076,2012-03-20,7.007912350910233,7.242627118644069,7.007912350910233,7.220273331240846,6.044932425677444,48395500,6.59
8077,2012-03-21,7.343219161958569,7.410280524168236,7.26498090604729,7.365572949361791,6.1665772659683,61527300,6.44
8078,2012-03-22,7.25380401234568,7.309688480853736,7.130858181627956,7.197919543837624,6.026217834863465,21917200,6.43
8079,2012-03-23,7.119681287926345,7.209096437539235,7.007912350910233,7.186742650136011,6.016858304077736,27746500,6.61
8080,2012-03-26,7.35439605566018,7.3879267367650145,7.231450224942457,7.3879267367650145,6.185292974471647,19665500,6.58
8081,2012-03-27,7.44381120527307,7.477341886377904,7.3320422682569575,7.35439605566018,6.157222205940051,23439400,6.55
8082,2012-03-28,7.365572949361791,7.410280524168236,7.209096437539235,7.320865374555347,6.129148084340343,19884700,6.52
8083,2012-03-29,7.242627118644069,7.298511587152125,7.119681287926345,7.2873346934505125,6.101077315808746,16993600,6.59
8084,2012-03-30,7.35439605566018,7.365572949361791,7.175565756434401,7.365572949361791,6.1665772659683,24444800,6.58
8085,2012-04-02,7.309958667448986,7.387961275180911,7.231956059717062,7.332245126800966,6.138677081361236,14670100,6.65
8086,2012-04-03,7.332245126800966,7.4102477345328905,7.231956059717062,7.4102477345328905,6.203981978877372,28854500,6.47
8087,2012-04-04,7.287672208097008,7.365674815828933,7.153953451985136,7.209669600365083,6.036052393337244,29464300,6.43
8088,2012-04-05,7.176239911337115,7.254242519069039,7.042521155225243,7.165096681661125,5.998735945798292,27900000,6.22
8089,2012-04-09,7.031377925549253,7.053664384901232,6.8530862507334245,6.931088858465349,5.802821253249886,18491500,6.08
8090,2012-04-10,6.908802399113371,6.975661777169307,6.663651346241607,6.7750836430015,5.672211458217616,27960000,6.19
8091,2012-04-11,6.8753727100854025,6.953375317817329,6.830799791381446,6.897659169437382,5.774833917595671,22752400,6.3
8092,2012-04-12,6.897659169437382,7.031377925549253,6.8642294804094135,7.020234695873264,5.877456376973727,12921900,6.11
8093,2012-04-13,6.986805006845295,6.997948236521285,6.708224264945564,6.8085133320294675,5.700199908194798,28571400,6.21
8094,2012-04-16,6.897659169437382,6.986805006845295,6.708224264945564,6.91994562878936,5.793493255688115,24395300,6.29
8095,2012-04-17,7.009091466197275,7.131666992633157,6.975661777169307,7.009091466197275,5.868126150766022,19852300,6.21
8096,2012-04-18,6.953375317817329,7.020234695873264,6.8753727100854025,6.91994562878936,5.793493255688115,15807400,6.12
8097,2012-04-19,6.997948236521285,6.997948236521285,6.741653953973531,6.819656561705457,5.709527905756568,17409900,6.07
8098,2012-04-20,6.8753727100854025,6.908802399113371,6.663651346241607,6.7639404133255105,5.66288123200991,23152700,6.09
8099,2012-04-23,6.61907842753765,6.8419430210574355,6.585648738509682,6.786226872677489,5.681540570102354,21115400,6.45
8100,2012-04-24,6.8753727100854025,7.24309928939305,6.819656561705457,7.187383141013104,6.017395283890736,51517300,6.65
8101,2012-04-25,7.365674815828933,7.465963882912837,7.209669600365083,7.4102477345328905,6.203981978877372,37160700,6.75
8102,2012-04-26,7.354531586152944,7.543966490644761,7.309958667448986,7.5216800312927825,6.297273097724753,21268800,6.88
8103,2012-04-27,7.56625294999674,7.711114935784601,7.432534193884869,7.666542017080644,6.418556009518221,22356400,6.74
8104,2012-04-30,7.644255557728665,7.655398787404655,7.465963882912837,7.5105368016167935,6.287943985840015,20117200,6.84
8105,2012-05-01,7.552829580314601,7.742487043926637,7.508204294758829,7.630923830037204,6.388734381306703,18861000,6.81
8106,2012-05-02,7.552829580314601,7.675549115592977,7.474735330591998,7.597454865870374,6.360715280138372,14286100,6.98
8107,2012-05-03,7.608611187259317,7.787112329482411,7.5305169375367145,7.787112329482411,6.519497624306507,34477100,6.7
8108,2012-05-04,7.6978617583708635,7.7647996867045235,7.474735330591998,7.474735330591998,6.257971138306899,32698900,6.71
8109,2012-05-07,7.430110045036225,7.630923830037204,7.430110045036225,7.485891651980942,6.267311210573723,24332500,6.7
8110,2012-05-08,7.430110045036225,7.519360616147772,7.340859473924679,7.474735330591998,6.257971138306899,22575900,6.56
8111,2012-05-09,7.340859473924679,7.418953723647283,7.195827295868416,7.318546831146792,6.1272078953070945,33502000,6.67
8112,2012-05-10,7.485891651980942,7.541673258925658,7.363172116702565,7.441266366425168,6.229948690242152,21164700,6.66
8113,2012-05-11,7.307390509757849,7.485891651980942,7.251608902813133,7.430110045036225,6.220609733607467,13481100,6.46
8114,2012-05-14,7.285077866979963,7.374328438091509,7.195827295868416,7.206983617257359,6.033806057006723,21945200,6.33
8115,2012-05-15,7.218139938646303,7.2962341883689055,6.9950135108674365,7.0619514392010965,5.912382886273742,35380700,6.27
8116,2012-05-16,7.128889367534756,7.229296260035247,6.93923190392272,6.9950135108674365,5.856341337040663,19353100,6.19
8117,2012-05-17,6.983857189478494,7.151202010312643,6.894606618366947,6.905762939755892,5.781618527641799,22373800,6.13
8118,2012-05-18,6.950388225311665,6.983857189478494,6.783043404477515,6.838825011422231,5.7255769784087205,16579200,6.2
8119,2012-05-21,6.861137654200118,7.0284824750342665,6.849981332811174,6.916919261144834,5.7909574842764835,20118400,6.29
8120,2012-05-22,6.93923190392272,7.140045688923701,6.916919261144834,7.017326153645324,5.875020365942171,22049500,6.31
8121,2012-05-23,6.950388225311665,7.095420403367927,6.805356047255401,7.03963879642321,5.893701626107956,21528000,6.33
8122,2012-05-24,7.095420403367927,7.173514653090529,6.983857189478494,7.0619514392010965,5.912382886273742,22893100,6.32
8123,2012-05-25,7.07310776059004,7.195827295868416,7.03963879642321,7.050795117812155,5.90304169837478,9416400,6.45
8124,2012-05-29,7.151202010312643,7.195827295868416,7.0284824750342665,7.195827295868416,6.02446486910776,15164100,6.2
8125,2012-05-30,7.095420403367927,7.10657672475687,6.883450296978004,6.916919261144834,5.7909574842764835,14664800,6.29
8126,2012-05-31,6.916919261144834,7.050795117812155,6.783043404477515,7.017326153645324,5.875020365942171,16986000,5.88
8127,2012-06-01,6.815350055342996,6.837695465360515,6.524859725115262,6.569550545150299,5.5001349743679135,27797500,5.55
8128,2012-06-04,6.379614560001396,6.524859725115262,6.1002969347824205,6.200851279861251,5.19145548038592,40786500,5.65
8129,2012-06-05,6.178505869843733,6.357269149983877,6.167333164834973,6.312578329948841,5.28499224944875,19725900,5.95
8130,2012-06-06,6.390787265010154,6.681277595237889,6.334923739966359,6.647759480211612,5.565613729342246,21829000,6.09
8131,2012-06-07,6.837695465360515,6.949422515448105,6.65893218522037,6.804177350334238,5.696569004749913,23843500,6.15
8132,2012-06-08,6.725968415272924,6.904731695413068,6.614241365185335,6.871213580386792,5.75269285382041,22293400,6.0
8133,2012-06-11,7.0052860404918995,7.027631450509418,6.703623005255406,6.703623005255406,5.612382672508913,16793300,6.19
8134,2012-06-12,6.714795710264165,6.927077105430587,6.625414070194093,6.915904400421828,5.790109125624244,14956900,6.19
8135,2012-06-13,6.860040875378032,7.027631450509418,6.804177350334238,6.915904400421828,5.799477438774089,16707100,6.33
8136,2012-06-14,7.049976860526935,7.117013090579491,6.960595220456865,7.072322270544454,5.93064499557692,20100500,6.45
8137,2012-06-15,7.139358500597008,7.206394730649562,7.027631450509418,7.206394730649562,6.043072574268558,19923300,6.63
8138,2012-06-18,7.251085550684598,7.429848830824742,7.150531205605768,7.407503420807224,6.211717852752771,29114800,6.73
8139,2012-06-19,7.418676125815983,7.597439405956127,7.385158010789707,7.519230470894815,6.305409922415222,20341200,6.74
8140,2012-06-20,7.541575880912332,7.57509399593861,7.3739853057809475,7.530403175903574,6.314778235565066,16161200,6.51
8141,2012-06-21,7.541575880912332,7.57509399593861,7.251085550684598,7.2734309607021155,6.099288039520129,17156500,6.67
8142,2012-06-22,7.329294485745911,7.519230470894815,7.295776370719635,7.45219424084226,6.24919557443415,11907500,6.4
8143,2012-06-25,7.318121780737152,7.318121780737152,7.128185795588249,7.150531205605768,5.996228773978334,12591700,6.36
8144,2012-06-26,7.217567435658321,7.2734309607021155,6.994113335483141,7.1058403855707315,5.958753286837954,30158900,6.41
8145,2012-06-27,7.150531205605768,7.184049320632044,7.0052860404918995,7.161703910614526,6.00559932166918,38252700,6.54
8146,2012-06-28,7.049976860526935,7.362812600772188,6.982940630474382,7.306949075728394,6.127397448051664,26919600,6.75
8147,2012-06-29,7.530403175903574,7.541575880912332,7.429848830824742,7.541575880912332,6.324148783255912,13872500,6.85
8148,2012-07-02,7.632223706264404,7.665796537816886,7.46435954850199,7.665796537816886,6.428315395924995,16385300,6.86
8149,2012-07-03,7.665796537816886,7.744133144772679,7.621032762413575,7.676987481667715,6.437700121438299,7056400,6.74
8150,2012-07-05,7.643414650115232,7.688178425518542,7.531505211606956,7.542696155457784,6.325086772561806,12849100,6.68
8151,2012-07-06,7.453168604651163,7.531505211606956,7.386022941546197,7.475550492352817,6.268780657670752,12283000,6.63
8152,2012-07-09,7.46435954850199,7.497932380054474,7.2629225591870945,7.4195957730986795,6.221858149198617,17789100,6.43
8153,2012-07-10,7.475550492352817,7.475550492352817,7.106249345275508,7.195776896082129,6.034171472593233,19003300,6.56
8154,2012-07-11,7.184585952231301,7.386022941546197,7.162204064529646,7.341259166142887,6.156168427888644,17732200,6.47
8155,2012-07-12,7.251731615336267,7.307686334590405,7.173395008380473,7.240540671485439,6.071709255552063,17688100,6.7
8156,2012-07-13,7.2629225591870945,7.509123323905301,7.240540671485439,7.497932380054474,6.287550108697359,10887200,6.66
8157,2012-07-16,7.453168604651163,7.509123323905301,7.397213885397025,7.453168604651163,6.2500134448329145,8572300,6.85
8158,2012-07-17,7.520314267756128,7.676987481667715,7.441977660800335,7.665796537816886,6.428315395924995,22593800,6.72
8159,2012-07-18,7.598650874711921,7.643414650115232,7.486741436203646,7.520314267756128,6.306318440629583,14706800,6.65
8160,2012-07-19,7.565078043159438,7.576268987010265,7.3636410538445425,7.441977660800335,6.240628719319611,13646200,6.41
8161,2012-07-20,7.274113503037921,7.46435954850199,7.13982217682799,7.173395008380473,6.01540314066101,24504700,6.39
8162,2012-07-23,7.027912738319714,7.184585952231301,6.960767075214749,7.151013120678818,5.996633689634401,19290200,6.65
8163,2012-07-24,7.509123323905301,7.6098418185627485,7.307686334590405,7.441977660800335,6.240628719319611,55122200,6.91
8164,2012-07-25,7.520314267756128,7.777705976325162,7.46435954850199,7.732942200921852,6.484622629910433,54846100,7.07
8165,2012-07-26,7.800087864026818,7.934379190236748,7.755324088623507,7.911997302535093,6.634773761745757,25423800,7.1
8166,2012-07-27,7.979142965640059,8.023906741043369,7.800087864026818,7.945570134087576,6.662926819191284,23248600,7.05
8167,2012-07-30,7.92318824638592,7.990333909490886,7.87842447098261,7.889615414833438,6.616004310719149,14821100,6.96
8168,2012-07-31,7.844851639430128,7.911997302535093,7.78889692017599,7.78889692017599,6.531544019288184,14849100,6.86
8169,2012-08-01,7.801435417290638,7.834822444754079,7.612242261664473,7.634500279973436,6.4020715804044634,17424300,6.72
8170,2012-08-02,7.545468206737593,7.667887307436875,7.434178115192791,7.4786941518107115,6.271417012930866,24547200,6.93
8171,2012-08-03,7.612242261664473,7.801435417290638,7.578855234201034,7.712403344054795,6.467399977042178,19831800,7.0
8172,2012-08-06,7.834822444754079,7.879338481372,7.779177398981678,7.790306408136158,6.532726147878062,13054000,6.96
8173,2012-08-07,7.834822444754079,7.89046749052648,7.734661362363757,7.745790371518237,6.495396112471188,16338400,6.92
8174,2012-08-08,7.701274334900316,7.790306408136158,7.6790163165913565,7.701274334900316,6.45806718996523,14447300,6.97
8175,2012-08-09,7.667887307436875,7.756919380672716,7.645629289127915,7.756919380672716,6.50472778664722,15703400,7.0
8176,2012-08-10,7.690145325745836,7.790306408136158,7.667887307436875,7.790306408136158,6.532726147878062,9166000,6.99
8177,2012-08-13,7.745790371518237,7.790306408136158,7.634500279973436,7.779177398981678,6.523393360801115,14514300,7.05
8178,2012-08-14,7.8236934355995995,7.934983527144401,7.768048389827198,7.845951453908559,6.579388970361881,19726600,7.05
8179,2012-08-15,7.834822444754079,7.879338481372,7.779177398981678,7.845951453908559,6.579388970361881,9341800,7.14
8180,2012-08-16,7.857080463063038,7.979499563762322,7.768048389827198,7.94611253629888,6.663381828252575,14300200,7.16
8181,2012-08-17,7.979499563762322,7.979499563762322,7.9127255088354405,7.968370554607842,6.682045176604639,9880200,7.13
8182,2012-08-20,7.94611253629888,8.012886591225763,7.901596499680959,7.934983527144401,6.6540479282747125,7563500,7.03
8183,2012-08-21,7.94611253629888,8.012886591225763,7.801435417290638,7.8236934355995995,6.560723396207988,10697900,7.09
8184,2012-08-22,7.790306408136158,7.923854517989921,7.745790371518237,7.89046749052648,6.616719005768754,11480800,7.01
8185,2012-08-23,7.89046749052648,7.923854517989921,7.768048389827198,7.801435417290638,6.542057822054093,9530500,7.18
8186,2012-08-24,7.756919380672716,8.012886591225763,7.745790371518237,7.990628572916802,6.700709637857617,11452000,7.1
8187,2012-08-27,8.024015600380244,8.057402627843683,7.857080463063038,7.901596499680959,6.626051792845702,8758300,7.11
8188,2012-08-28,7.879338481372,7.957241545453361,7.834822444754079,7.9127255088354405,6.635383467021734,8419900,7.05
8189,2012-08-29,7.9127255088354405,7.957241545453361,7.8236934355995995,7.845951453908559,6.579388970361881,7254400,7.03
8190,2012-08-30,7.801435417290638,7.845951453908559,7.745790371518237,7.8236934355995995,6.560723396207988,9792900,6.96
8191,2012-08-31,7.879338481372,7.89046749052648,7.734661362363757,7.745790371518237,6.495396112471188,13472100,7.01
8192,2012-09-04,7.722460124369617,7.77785797318145,7.644903136033051,7.766778403419084,6.512995453841068,10960700,6.99
8193,2012-09-05,7.755698833656718,7.77785797318145,7.71138055460725,7.744619263894351,6.494413907392603,7440500,7.22
8194,2012-09-06,7.800017112706184,7.9994493684287855,7.788937542943819,7.9994493684287855,6.708108893270299,19027800,7.37
8195,2012-09-07,8.043767647478253,8.198881624151387,8.010528938191154,8.165642914864286,6.847472153569252,14310200,7.42
8196,2012-09-10,8.309677321775053,8.398313879873989,8.209961193913754,8.221040763676122,6.893927681625881,17988100,7.33
8197,2012-09-11,8.232120333438486,8.287518182250322,8.054847217240619,8.121324635814819,6.810309060672322,19691000,7.29
8198,2012-09-12,8.176722484626653,8.209961193913754,8.054847217240619,8.077006356765354,6.782397408526967,19857900,7.59
8199,2012-09-13,8.088085926527718,8.453711728685821,8.010528938191154,8.409393449636354,7.061509498152606,31098100,7.62
8200,2012-09-14,8.486950437972922,8.56450742630949,8.398313879873989,8.442632158923455,7.089420042340984,28851200,7.39
8201,2012-09-17,8.420473019398722,8.43155258916109,8.176722484626653,8.18780205438902,6.875434771735513,16627700,7.28
8202,2012-09-18,8.18780205438902,8.209961193913754,8.032688077715886,8.065926787002986,6.773093893797507,17647700,7.65
8203,2012-09-19,8.088085926527718,8.531268717022389,8.077006356765354,8.475870868210555,7.117331694486338,43641900,7.58
8204,2012-09-20,8.387234310111621,8.420473019398722,8.165642914864286,8.398313879873989,7.0522048754661695,25494200,7.52
8205,2012-09-21,8.56450742630949,8.56450742630949,8.309677321775053,8.331836461299787,6.996381571175462,18249300,7.44
8206,2012-09-24,8.254279472963221,8.342916031062154,8.209961193913754,8.243199903200855,6.921953453339786,12356700,7.21
8207,2012-09-25,8.254279472963221,8.298597752012688,7.977290228904052,7.988369798666419,6.707968182734318,16901000,7.15
8208,2012-09-26,7.944051519616952,8.032688077715886,7.844335391755652,7.921892380092219,6.652147094357562,16307300,7.28
8209,2012-09-27,8.021608507953518,8.110245066052453,7.9329719498545845,8.065926787002986,6.773093893797507,16239800,7.2
8210,2012-09-28,7.988369798666419,8.065926787002986,7.944051519616952,7.977290228904052,6.698663560047881,10087700,7.13
8211,2012-10-01,8.035813407574887,8.10231669094792,7.891722960266647,7.902806840828819,6.636117694034594,11909800,7.17
8212,2012-10-02,7.969310124201853,7.980394004764025,7.869555199142303,7.947142363077509,6.673348448842931,12283200,7.32
8213,2012-10-03,7.980394004764025,8.224239377131815,7.924974601953164,8.113400571510093,6.812958791627938,16736500,7.51
8214,2012-10-04,8.146652213196608,8.457000868937433,8.135568332634437,8.323994302191366,6.989796564057116,44795100,7.57
8215,2012-10-05,8.423749227250914,8.556755793996981,8.323994302191366,8.390497585564399,7.045640479493509,17987200,7.5
8216,2012-10-08,8.323994302191366,8.423749227250914,8.279658779942675,8.312910421629192,6.980489429549062,9858800,7.43
8217,2012-10-09,8.323994302191366,8.368329824440053,8.213155496569643,8.235323257693986,6.915339487992668,12167700,7.55
8218,2012-10-10,8.224239377131815,8.423749227250914,8.224239377131815,8.368329824440053,7.0270273188654535,15323100,7.62
8219,2012-10-11,8.49025251062395,8.523504152310466,8.423749227250914,8.44591698837526,7.092178368809901,12061600,7.28
8220,2012-10-12,8.268574899380503,8.34616206331571,8.035813407574887,8.069065049261404,6.775729145207658,22036700,7.39
8221,2012-10-15,8.124484452072265,8.202071616007471,7.969310124201853,8.1909877354453,6.878109841572387,20387000,7.11
8222,2012-10-16,8.213155496569643,8.257491018818332,7.814135796331442,7.880639079704475,6.617505641794595,29515100,7.18
8223,2012-10-17,7.913890721390991,8.069065049261404,7.847387438017958,7.95822624363968,6.682655583350987,24020200,7.22
8224,2012-10-18,8.00256176588837,8.146652213196608,7.924974601953164,8.00256176588837,6.719886338159322,21805800,7.13
8225,2012-10-19,7.980394004764025,8.00256176588837,7.769800274082752,7.902806840828819,6.636117694034594,19641500,7.08
8226,2012-10-22,7.847387438017958,7.991477885326198,7.736548632396237,7.847387438017958,6.589582021494313,29660100,6.54
8227,2012-10-23,7.282109529347173,7.426199976655412,7.138019082038934,7.248857887660656,6.086986782566781,78830800,6.46
8228,2012-10-24,7.304277290471517,7.348612812720206,7.071515798665899,7.160186843163278,6.012529706502332,30320300,6.61
8229,2012-10-25,7.215606245974139,7.326445051595862,7.1047674403524175,7.326445051595862,6.152137832511229,26533000,6.58
8230,2012-10-26,7.31536117103369,7.337528932158035,7.149102962601106,7.293193409909345,6.124215320599005,26657000,6.52
8231,2012-10-31,7.359696693282379,7.370780573844551,7.049348037541556,7.226690126536311,6.068372513550669,25591900,6.68
8232,2012-11-01,7.283367112470192,7.439280169923682,7.172000642860557,7.439280169923682,6.246887175466184,23302400,6.66
8233,2012-11-02,7.517236698650429,7.550646639533319,7.372460288157902,7.417006876001756,6.228185404224637,24937700,6.58
8234,2012-11-05,7.339050347275011,7.383596935118865,7.27223046550923,7.327913700314046,6.15337052360558,17183800,6.8
8235,2012-11-06,7.350186994235974,7.595193227377173,7.339050347275011,7.572919933455246,6.35910671223303,19538800,6.53
8236,2012-11-07,7.428143522962719,7.46155346384561,7.261093818548265,7.27223046550923,6.106612197675278,26524100,6.38
8237,2012-11-08,7.294503759431156,7.417006876001756,7.1051807610947755,7.1051807610947755,5.966339447213764,27716700,6.45
8238,2012-11-09,7.0829074671728485,7.294503759431156,7.071770820211884,7.18313728982152,6.03180065805031,14840500,6.53
8239,2012-11-12,7.227683877665375,7.339050347275011,7.138590701977666,7.27223046550923,6.106612197675278,15816400,6.45
8240,2012-11-13,7.216547230704412,7.361323641196939,7.172000642860557,7.18313728982152,6.03180065805031,18309400,6.25
8241,2012-11-14,7.216547230704412,7.261093818548265,6.9492677036412855,6.960404350602249,5.844768467993799,23220300,6.3
8242,2012-11-15,6.938131056680322,7.138590701977666,6.893584468836467,7.016087585407066,5.891525680259404,25281900,6.32
8243,2012-11-16,7.1051807610947755,7.1497273489386295,6.893584468836467,7.038360879328994,5.910230792495039,26944600,6.47
8244,2012-11-19,7.160863995899593,7.261093818548265,7.1274540550167025,7.205410583743448,6.050503542956551,13808300,6.61
8245,2012-11-20,7.216547230704412,7.383596935118865,7.138590701977666,7.361323641196939,6.181425964629639,19592600,6.58
8246,2012-11-21,7.372460288157902,7.383596935118865,7.227683877665375,7.327913700314046,6.15337052360558,7115800,6.69
8247,2012-11-23,7.361323641196939,7.450416816884647,7.305640406392119,7.450416816884647,6.256240845248697,4336100,6.65
8248,2012-11-26,7.439280169923682,7.439280169923682,7.294503759431156,7.405870229040793,6.218832848106821,12192200,6.59
8249,2012-11-27,7.439280169923682,7.494963404728502,7.339050347275011,7.339050347275011,6.1627230797233965,16357400,6.62
8250,2012-11-28,7.294503759431156,7.394733582079828,7.227683877665375,7.372460288157902,6.19077740708276,11786100,6.67
8251,2012-11-29,7.405870229040793,7.483826757767537,7.383596935118865,7.428143522962719,6.237535733013062,13022900,6.67
8252,2012-11-30,7.439280169923682,7.483826757767537,7.350186994235974,7.428143522962719,6.237535733013062,14760800,6.58
8253,2012-12-03,7.470535450629571,7.515202329258148,7.325368095086694,7.347701534400983,6.169986695680768,11320800,6.45
8254,2012-12-04,7.325368095086694,7.347701534400983,7.146700580572385,7.202534178858107,6.0480885505594495,19936000,6.57
8255,2012-12-05,7.2360343378295395,7.3700349737152715,7.15786730022953,7.336534814743838,6.160612234528595,23887200,6.54
8256,2012-12-06,7.414701852343849,7.425868572000994,7.2360343378295395,7.3030346557724055,6.132479917696352,10795600,6.64
8257,2012-12-07,7.3030346557724055,7.425868572000994,7.3030346557724055,7.414701852343849,6.226249096001325,9829800,6.71
8258,2012-12-10,7.39236841302956,7.57103592754387,7.347701534400983,7.492868889943859,6.291887074146019,11709500,6.76
8259,2012-12-11,7.537535768572437,7.615702806172448,7.492868889943859,7.548702488229581,6.3387716632985045,10245600,6.78
8260,2012-12-12,7.593369366858159,7.705036563429602,7.526369048915293,7.57103592754387,6.366944180321514,17598900,6.73
8261,2012-12-13,7.548702488229581,7.593369366858159,7.459368730972426,7.515202329258148,6.319990357507155,11013200,6.7
8262,2012-12-14,7.515202329258148,7.548702488229581,7.481702170286716,7.481702170286716,6.2918178404841445,8104500,6.91
8263,2012-12-17,7.548702488229581,7.727370002743891,7.5040356096010035,7.716203283086746,6.489024342973245,12274700,7.05
8264,2012-12-18,7.8278704796581895,7.917204236915344,7.738536722401035,7.872537358286767,6.620493483512703,26744500,7.05
8265,2012-12-19,8.02887143348679,8.02887143348679,7.850203918972479,7.872537358286767,6.620493483512703,25171800,7.18
8266,2012-12-20,7.872537358286767,8.02887143348679,7.861370638629623,8.017704713829644,6.7425747628364,13758300,7.11
8267,2012-12-21,7.928370956572489,8.017704713829644,7.839037199315334,7.939537676229634,6.676841867574619,27942100,6.99
8268,2012-12-24,7.850203918972479,7.917204236915344,7.7497034420581805,7.805537040343901,6.564149566138649,8580900,7.02
8269,2012-12-26,7.8278704796581895,7.906037517258201,7.805537040343901,7.839037199315334,6.592322083161659,7859900,6.99
8270,2012-12-27,7.850203918972479,7.894870797601056,7.705036563429602,7.805537040343901,6.564149566138649,10721100,6.93
8271,2012-12-28,7.738536722401035,7.8278704796581895,7.727370002743891,7.738536722401035,6.507805648764596,7146900,7.13
8272,2012-12-31,7.6938698437724575,7.973037835201066,7.682703124115314,7.961871115543922,6.695620940022039,13624400,7.31
8273,2013-01-02,8.149936946326212,8.205605914538822,7.9829300416883795,8.138803152683689,6.844415024908807,17693800,7.33
8274,2013-01-03,8.127669359041167,8.205605914538822,8.016331422615947,8.161070739968734,6.863140952436165,22191900,7.59
8275,2013-01-04,8.205605914538822,8.450549374674308,8.205605914538822,8.450549374674308,7.1065791236711835,22613400,7.46
8276,2013-01-07,8.450549374674308,8.450549374674308,8.250141089108912,8.305810057321521,6.9848589246743105,13545500,7.4
8277,2013-01-08,8.283542470036478,8.328077644606566,8.105401771756124,8.239007295466388,6.928681142092236,14243500,7.3
8278,2013-01-09,8.261274882751433,8.305810057321521,8.0942679781136,8.127669359041167,6.835050391076082,15827800,7.35
8279,2013-01-10,8.161070739968734,8.227873501823867,8.060866597186035,8.183338327253777,6.881865766584158,17753800,7.24
8280,2013-01-11,8.194472120896302,8.194472120896302,7.9606624544033355,8.060866597186035,6.778871495114644,18322100,7.19
8281,2013-01-14,8.060866597186035,8.105401771756124,7.971796248045857,8.005197628973425,6.732056119606566,13721500,7.29
8282,2013-01-15,7.9606624544033355,8.149936946326212,7.938394867118292,8.116535565398644,6.8256879840020845,19088600,7.38
8283,2013-01-16,8.161070739968734,8.294676263679,8.127669359041167,8.216739708181345,6.909955214564878,21398100,7.45
8284,2013-01-17,8.250141089108912,8.406014200104222,8.183338327253777,8.294676263679,6.975497630979678,20294300,7.43
8285,2013-01-18,8.316943850964044,8.428281787389265,8.183338327253777,8.272408676393955,6.956770590072954,18960500,7.76
8286,2013-01-22,8.316943850964044,8.695492834809796,8.294676263679,8.639823866597185,7.265753404481501,37498500,7.66
8287,2013-01-23,8.628690072954663,8.740028009379886,8.506218342886921,8.528485930171966,7.172121540085982,22621500,7.67
8288,2013-01-24,8.528485930171966,8.60642248566962,8.495084549244398,8.539619723814486,7.181483947159979,12471000,7.69
8289,2013-01-25,8.60642248566962,8.650957660239708,8.495084549244398,8.561887311099532,7.200212101446065,12567700,7.71
8290,2013-01-28,8.539619723814486,8.628690072954663,8.450549374674308,8.584154898384575,7.218938028973424,11641200,7.71
8291,2013-01-29,8.550753517457009,8.628690072954663,8.539619723814486,8.584154898384575,7.218938028973424,19986400,7.81
8292,2013-01-30,8.584154898384575,8.773429390307452,8.517352136529443,8.695492834809796,7.3125687799895775,23375700,7.78
8293,2013-01-31,8.472816961959353,8.695492834809796,8.417147993746743,8.66209145388223,7.284477105250131,26415700,7.88
8294,2013-02-01,8.65798506241224,8.790505241938957,8.613811669236668,8.702158455587814,7.318172917352239,17800100,7.81
8295,2013-02-04,8.635898365824454,8.69111510729392,8.558594927767201,8.62485501753056,7.253165143285408,10836800,7.93
8296,2013-02-05,8.69111510729392,8.801548590232851,8.62485501753056,8.757375197057279,7.364609092593231,15305000,7.94
8297,2013-02-06,8.7242451521756,8.823635286820638,8.680071759000027,8.768418545351173,7.373895444173565,16963200,7.96
8298,2013-02-07,8.790505241938957,8.83467863511453,8.69111510729392,8.790505241938957,7.392468147334236,13759800,7.93
8299,2013-02-08,8.790505241938957,8.790505241938957,8.7242451521756,8.757375197057279,7.364609092593231,8908400,7.94
8300,2013-02-11,8.779461893645065,8.801548590232851,8.69111510729392,8.768418545351173,7.373895444173565,17158600,7.93
8301,2013-02-12,8.790505241938957,8.801548590232851,8.69111510729392,8.757375197057279,7.364609092593231,11306400,7.85
8302,2013-02-13,8.790505241938957,8.801548590232851,8.65798506241224,8.669028410706133,7.290312758276406,18352200,7.91
8303,2013-02-14,8.635898365824454,8.735288500469492,8.62485501753056,8.735288500469492,7.346034180762904,12751900,7.85
8304,2013-02-15,8.746331848763385,8.779461893645065,8.635898365824454,8.669028410706133,7.290312758276406,10253700,7.96
8305,2013-02-19,8.680071759000027,8.801548590232851,8.669028410706133,8.790505241938957,7.392468147334236,12233800,7.71
8306,2013-02-20,8.746331848763385,8.768418545351173,8.503378186297736,8.514421534591628,7.160295001473084,14877000,7.59
8307,2013-02-21,8.481291489709948,8.558594927767201,8.326684613595445,8.381901355064912,7.048848843495604,23973600,7.77
8308,2013-02-22,8.459204793122163,8.591724972648882,8.426074748240483,8.580681624354986,7.216016423959581,15388000,7.48
8309,2013-02-25,8.646941714118347,8.680071759000027,8.260424523832087,8.260424523832087,6.946691245768115,18348500,7.5
8310,2013-02-26,8.315641265301553,8.359814658477125,8.194164434068727,8.282511220419874,6.965266157598443,15518100,7.62
8311,2013-02-27,8.282511220419874,8.459204793122163,8.249381175538192,8.41503139994659,7.076711211241094,11430600,7.65
8312,2013-02-28,8.437118096534377,8.52546488288552,8.348771310183231,8.448161444828271,7.104573578986588,11554400,7.71
8313,2013-03-01,8.371058499052726,8.503233106932505,8.315985745769483,8.492218556275857,7.1416231663981655,17651400,7.85
8314,2013-03-04,8.448160353649264,8.679465917438879,8.426131252335967,8.646422265468933,7.271301877099149,18824200,7.92
8315,2013-03-05,8.723524120065472,8.811640525318658,8.679465917438879,8.723524120065472,7.33614123244964,17692800,8.04
8316,2013-03-06,8.789611424005361,9.031931538451625,8.778596873348713,8.855698727945251,7.447295671856272,28197600,8.22
8317,2013-03-07,8.888742379915197,9.075989741078219,8.8667132786019,9.053960639764922,7.614024026601024,14117700,8.15
8318,2013-03-08,9.153091595674757,9.208164348957999,8.8667132786019,8.976858785168384,7.549185772705598,23946100,8.31
8319,2013-03-11,8.976858785168384,9.197149798301348,8.965844234511735,9.153091595674757,7.697390957611064,12761300,8.13
8320,2013-03-12,9.12004794370481,9.175120696988055,8.943815133198436,8.954829683855088,7.530660399956181,16614700,8.25
8321,2013-03-13,8.965844234511735,9.109033393048163,8.8667132786019,9.087004291734866,7.651224569988787,15792200,8.31
8322,2013-03-14,9.131062494361458,9.186135247644701,8.987873335825032,9.153091595674757,7.706871181361241,22810100,8.36
8323,2013-03-15,9.175120696988055,9.274251652897888,9.131062494361458,9.208164348957999,7.753241338170665,28238200,8.27
8324,2013-03-18,9.109033393048163,9.186135247644701,9.042946089108273,9.109033393048163,7.66977417474965,10948100,8.29
8325,2013-03-19,9.153091595674757,9.186135247644701,9.053960639764922,9.131062494361458,7.688322678055444,15083100,8.4
8326,2013-03-20,9.219178899614645,9.296280754211184,9.164106146331404,9.252222551584593,7.790335040417059,13419700,8.22
8327,2013-03-21,9.208164348957999,9.241208000927942,9.042946089108273,9.053960639764922,7.623404017940225,10010700,8.21
8328,2013-03-22,9.098018842391516,9.109033393048163,8.99888788648168,9.042946089108273,7.614127563377195,17160700,8.28
8329,2013-03-25,9.131062494361458,9.153091595674757,8.99888788648168,9.12004794370481,7.679046223492414,9926500,8.3
8330,2013-03-26,9.164106146331404,9.197149798301348,9.053960639764922,9.142077045018109,7.697598031163409,13455100,8.22
8331,2013-03-27,9.075989741078219,9.075989741078219,8.943815133198436,9.053960639764922,7.623404017940225,11296300,8.19
8332,2013-03-28,9.031931538451625,9.075989741078219,8.93280058254179,9.020916987794976,7.5955790600714,7841100,8.02
8333,2013-04-01,9.030305249622632,9.063383290830043,8.787732947434966,8.84286301611398,7.445659786729512,9929800,8.04
8334,2013-04-02,8.853889029849785,8.920045112264601,8.787732947434966,8.864915043585587,7.464225388657858,20246800,7.87
8335,2013-04-03,8.83183700237818,8.864915043585587,8.611316727662118,8.677472810076937,7.3063990280435736,15034200,7.97
8336,2013-04-04,8.677472810076937,8.809784974906574,8.666446796341136,8.787732947434966,7.399239166300409,8922800,7.99
8337,2013-04-05,8.611316727662118,8.84286301611398,8.556186658983105,8.809784974906574,7.4178069734314995,14532400,8.04
8338,2013-04-08,8.776706933699163,8.864915043585587,8.644394768869528,8.864915043585587,7.464225388657858,10312400,8.08
8339,2013-04-09,8.897993084792995,8.953123153472012,8.776706933699163,8.9090190985288,7.501362105521415,15188100,8.23
8340,2013-04-10,8.953123153472012,9.09646133203745,8.920045112264601,9.074409304565844,7.640618453801859,11696600,8.22
8341,2013-04-11,9.085435318301647,9.09646133203745,8.942097139736207,9.063383290830043,7.631337858040434,7872600,8.11
8342,2013-04-12,8.98620119467942,9.085435318301647,8.897993084792995,8.942097139736207,7.52921271361668,9023200,7.8
8343,2013-04-15,8.942097139736207,8.953123153472012,8.600290713926316,8.600290713926316,7.241412805686125,14878900,7.97
8344,2013-04-16,8.721576865020149,8.809784974906574,8.688498823812742,8.787732947434966,7.399239166300409,16890900,7.79
8345,2013-04-17,8.688498823812742,8.710550851284347,8.50105659030409,8.589264700190514,7.232130004721951,12784800,7.67
8346,2013-04-18,8.611316727662118,8.633368755133725,8.401822466681862,8.456952535360879,7.120723161935399,15995200,7.83
8347,2013-04-19,8.534134631511499,8.644394768869528,8.412848480417667,8.633368755133725,7.26926341378139,12312800,7.73
8348,2013-04-22,8.666446796341136,8.666446796341136,8.46797854909668,8.523108617775696,7.1764265833286744,13024700,8.01
8349,2013-04-23,8.732602878755952,8.953123153472012,8.655420782605331,8.83183700237818,7.436374780562592,24312100,8.22
8350,2013-04-24,8.84286301611398,9.074409304565844,8.809784974906574,9.063383290830043,7.631337858040434,16023300,8.32
8351,2013-04-25,9.074409304565844,9.250825524338692,9.074409304565844,9.17364342818807,7.724174688493148,15781600,8.37
8352,2013-04-26,9.23979951060289,9.250825524338692,9.09646133203745,9.228773496867085,7.7705942063208795,18355800,8.42
8353,2013-04-29,9.261851538074495,9.305955593017707,9.228773496867085,9.283903565546101,7.817014826749982,12958600,8.49
8354,2013-04-30,9.23979951060289,9.361085661696722,9.217747483131282,9.361085661696722,7.882001049107433,19998800,8.43
8355,2013-05-01,9.311429479061584,9.377467986005282,9.267403807765783,9.278410225589731,7.8123861894095175,17214600,8.46
8356,2013-05-02,9.278410225589731,9.410487239477131,9.212371718646033,9.311429479061584,7.840191702758163,13190500,8.58
8357,2013-05-03,9.410487239477131,9.520551417716629,9.39948082165318,9.44350649294898,7.951398347167786,13233900,8.71
8358,2013-05-06,9.43250007512503,9.586589924660329,9.421493657301081,9.586589924660329,8.071872395385176,7999100,8.73
8359,2013-05-07,9.652628431604027,9.685647685075876,9.520551417716629,9.608602760308228,8.09040830364249,12495400,8.81
8360,2013-05-08,9.597596342484279,9.729673356371675,9.575583506836377,9.696654102899828,8.164547534104619,10197100,8.81
8361,2013-05-09,9.685647685075876,9.817724698963275,9.663634849427975,9.696654102899828,8.164547534104619,15172600,8.81
8362,2013-05-10,9.696654102899828,9.784705445491426,9.608602760308228,9.696654102899828,8.164547534104619,9702400,8.84
8363,2013-05-13,9.718666938547727,9.806718281139325,9.663634849427975,9.729673356371675,8.192349745527915,9172900,9.0
8364,2013-05-14,9.751686192019575,9.905776041554873,9.740679774195627,9.905776041554873,8.34062930709395,13326800,9.14
8365,2013-05-15,9.883763205906973,10.114897980209921,9.850743952435124,10.059865891090173,8.470370759119106,15372000,8.95
8366,2013-05-16,10.048859473266223,10.103891562385972,9.795711863315375,9.850743952435124,8.294290086771555,14737300,9.05
8367,2013-05-17,9.905776041554873,10.004833801970422,9.872756788083025,9.960808130674625,8.386964124849213,15019300,9.15
8368,2013-05-20,9.949801712850672,10.114897980209921,9.938795295026724,10.070872308914122,8.479637062285091,13365200,9.16
8369,2013-05-21,10.114897980209921,10.158923651505722,10.037853055442271,10.081878726738072,8.488901164167508,10670600,9.02
8370,2013-05-22,10.070872308914122,10.279994247569169,9.883763205906973,9.927788877202772,8.3591630140677,16338900,8.99
8371,2013-05-23,9.817724698963275,10.004833801970422,9.707660520723776,9.894769623730925,8.331357500719054,15793900,9.1
8372,2013-05-24,9.850743952435124,10.026846637618322,9.850743952435124,10.015840219794372,8.433302244529823,12234400,9.23
8373,2013-05-28,10.158923651505722,10.246974994097322,10.114897980209921,10.158923651505722,8.55377409146365,15628300,9.26
8374,2013-05-29,10.070872308914122,10.279994247569169,10.048859473266223,10.19194290497757,8.581579604812294,14873500,9.38
8375,2013-05-30,10.19194290497757,10.434084097104467,10.180936487153621,10.32401991886497,8.69278624922192,15413600,9.13
8376,2013-05-31,10.302007083217068,10.390058425808666,10.048859473266223,10.048859473266223,8.46110335531134,17333800,9.12
8377,2013-06-03,10.057743079347677,10.123623492531179,9.772261288885844,10.01382280389201,8.431603664656707,22932200,8.98
8378,2013-06-04,10.024802872755927,10.11264342366726,9.81618156434151,9.860101839797178,8.302172808902633,19924900,8.88
8379,2013-06-05,9.81618156434151,9.882061977525009,9.68442073797451,9.75030115115801,8.209717335047793,18810000,9.03
8380,2013-06-06,9.739321082294094,9.925982252980674,9.695400806838425,9.915002184116759,8.348394506792175,15185500,9.21
8381,2013-06-07,9.991862666164176,10.156563699122927,9.860101839797178,10.11264342366726,8.514808430493696,20071900,9.36
8382,2013-06-10,10.211464043442511,10.321264732081678,10.057743079347677,10.277344456626011,8.653484504231189,22035500,9.22
8383,2013-06-11,10.14558363025901,10.288324525489926,10.090683285939427,10.123623492531179,8.524054746484,18512700,9.07
8384,2013-06-12,10.156563699122927,10.266364387762092,9.871081908661093,9.958922459572426,8.412750886417362,18000900,9.17
8385,2013-06-13,9.94794239070851,10.07970321707551,9.84912177093326,10.068723148211593,8.505502822131527,11367700,8.98
8386,2013-06-14,10.035782941619843,10.068723148211593,9.78324135774976,9.860101839797178,8.32927381487255,14164100,8.97
8387,2013-06-17,9.969902528436345,9.969902528436345,9.794221426613676,9.84912177093326,8.319996754689427,14743500,9.11
8388,2013-06-18,9.882061977525009,10.024802872755927,9.794221426613676,10.002842735028091,8.44985473512231,14771100,9.07
8389,2013-06-19,9.958922459572426,10.046763010483762,9.904022115252843,9.958922459572426,8.412750886417362,18897200,9.06
8390,2013-06-20,9.838141702069343,10.057743079347677,9.827161633205426,9.94794239070851,8.403474924241126,29187500,9.1
8391,2013-06-21,10.046763010483762,10.07970321707551,9.904022115252843,9.991862666164176,8.440577674939187,29187300,9.1
8392,2013-06-24,9.893042046388928,10.551846178223927,9.838141702069343,9.991862666164176,8.440577674939187,26617900,9.27
8393,2013-06-25,10.090683285939427,10.222444112306427,10.024802872755927,10.17852383685076,8.598256953859462,13056800,9.53
8394,2013-06-26,10.332244800945594,10.47498569617651,10.288324525489926,10.464005627312593,8.839415500338324,22702400,9.71
8395,2013-06-27,10.54086610936001,10.661646866863096,10.47498569617651,10.661646866863096,9.006372937448608,20494800,9.53
8396,2013-06-28,10.650666797999175,10.661646866863096,10.453025558448676,10.464005627312593,8.839415500338324,15855500,9.74
8397,2013-07-01,10.558666158667101,10.756229558725323,10.547690414219423,10.690375092039249,9.030642773001249,12806200,9.82
8398,2013-07-02,10.70135083648693,10.909889980992826,10.679399347591572,10.77818104762068,9.104814658829776,18019700,9.88
8399,2013-07-03,10.70135083648693,10.855011258754432,10.59159339201014,10.844035514306753,9.160445219562837,9560100,10.18
8400,2013-07-05,10.986720192126578,11.173307847737119,10.931841469888186,11.173307847737119,9.438598023228138,13319200,10.15
8401,2013-07-08,11.315992525556947,11.348919758899982,11.140380614394084,11.140380614394084,9.410778901351053,16502800,10.2
8402,2013-07-09,11.239162314423194,11.27208954776623,11.019647425469616,11.195259336632477,9.457139348323604,19810500,10.13
8403,2013-07-10,11.206235081080159,11.217210825527836,10.986720192126578,11.118429125498727,9.392234283532254,18114300,9.88
8404,2013-07-11,11.283065292213909,11.294041036661588,10.679399347591572,10.844035514306753,9.160445219562837,25174700,10.0
8405,2013-07-12,10.909889980992826,10.997695936574258,10.844035514306753,10.9757444476789,9.271708536177847,14176600,9.93
8406,2013-07-15,11.063550403260333,11.107453381051046,10.887938492097469,10.898914236545147,9.206804568960944,13011300,9.74
8407,2013-07-16,10.909889980992826,10.942817214335864,10.657447858696214,10.690375092039249,9.030642773001249,25940500,9.98
8408,2013-07-17,10.734278069829964,10.96476870323122,10.723302325382285,10.953792958783543,9.253161723210159,13162600,10.23
8409,2013-07-18,10.931841469888186,11.27208954776623,10.844035514306753,11.228186569975515,9.48495407990291,16414100,10.23
8410,2013-07-19,11.27208954776623,11.283065292213909,11.085501892155689,11.228186569975515,9.48495407990291,13346400,10.42
8411,2013-07-22,11.228186569975515,11.436725714481414,11.206235081080159,11.436725714481414,9.661116973437045,19519500,10.42
8412,2013-07-23,11.370871247795339,11.447701458929094,11.140380614394084,11.436725714481414,9.661116973437045,34590500,10.22
8413,2013-07-24,11.48062869227213,11.546483158958203,11.217210825527836,11.217210825527836,9.475682868567956,19704400,10.18
8414,2013-07-25,11.206235081080159,11.337944014452304,11.085501892155689,11.173307847737119,9.438598023228138,16872400,10.23
8415,2013-07-26,11.085501892155689,11.250138058870872,11.052574658812652,11.228186569975515,9.48495407990291,10978700,10.06
8416,2013-07-29,11.228186569975515,11.239162314423194,10.986720192126578,11.041598914364975,9.327337999336462,13308000,10.04
8417,2013-07-30,11.118429125498727,11.1842835921848,10.96476870323122,11.019647425469616,9.30879228394322,17276200,10.01
8418,2013-07-31,11.07452614770801,11.283065292213909,10.9757444476789,10.986720192126578,9.280974259640578,27569700,10.26
8419,2013-08-01,11.094107928526533,11.291433958875821,11.017370027835145,11.247583729909312,9.501341543054684,18890800,10.24
8420,2013-08-02,11.203733500942803,11.302396516117447,11.116033043009788,11.225658615426058,9.482817013827779,12861300,10.25
8421,2013-08-05,11.214696058184431,11.280471401634191,11.148920714734668,11.236621172667684,9.49208147095268,7204200,10.02
8422,2013-08-06,11.225658615426058,11.225658615426058,10.973519798868637,10.984482356110263,9.279087753793661,13452000,9.91
8423,2013-08-07,10.96255724162701,10.96255724162701,10.820043997485856,10.863894226452365,9.177221479393015,12508300,9.93
8424,2013-08-08,10.96255724162701,11.017370027835145,10.831006554727486,10.885819340935619,9.195742719852744,11255100,9.92
8425,2013-08-09,10.874856783693993,11.017370027835145,10.863894226452365,10.874856783693993,9.186481551495019,10860200,9.85
8426,2013-08-12,10.80908144024423,10.92966956990213,10.754268654036096,10.798118883002603,9.121657758013827,15257800,9.88
8427,2013-08-13,10.852931669210738,10.918707012660503,10.69945586782796,10.831006554727486,9.149439070575559,11294200,9.95
8428,2013-08-14,10.820043997485856,10.940632127143756,10.798118883002603,10.907744455418872,9.214262864056748,12576200,9.81
8429,2013-08-15,10.776193768519349,10.852931669210738,10.69945586782796,10.754268654036096,9.084616373350093,14222200,9.84
8430,2013-08-16,10.721380982311214,10.907744455418872,10.721380982311214,10.787156325760977,9.112395493400376,14188700,9.68
8431,2013-08-19,10.787156325760977,10.831006554727486,10.611755409894943,10.611755409894943,8.964229954745441,14287800,9.86
8432,2013-08-20,10.611755409894943,10.918707012660503,10.58983029541169,10.80908144024423,9.130918926371553,21645800,9.84
8433,2013-08-21,10.787156325760977,10.92966956990213,10.655605638861452,10.787156325760977,9.112395493400376,18017000,10.06
8434,2013-08-22,10.80908144024423,11.072182814043279,10.776193768519349,11.028332585076772,9.316131330968844,12848900,9.94
8435,2013-08-23,11.072182814043279,11.105070485768161,10.841969111969112,10.896781898177245,9.205004984466193,9969400,9.81
8436,2013-08-26,10.885819340935619,10.907744455418872,10.74330609679447,10.754268654036096,9.084616373350093,10436100,9.46
8437,2013-08-27,10.622717967136571,10.633680524378198,10.359616593337522,10.370579150579152,8.760495213432703,20356800,9.44
8438,2013-08-28,10.359616593337522,10.447317051270538,10.239028463679627,10.348654036095896,8.7419706842058,14454000,9.49
8439,2013-08-29,10.315766364371015,10.545980066445182,10.293841249887763,10.403466822304031,8.78827542973871,10545600,9.4
8440,2013-08-30,10.447317051270538,10.458279608512166,10.249991020921254,10.304803807129389,8.704929299542066,9168700,9.35
8441,2013-09-03,10.435180889091988,10.566578759678666,10.161435325369743,10.238084083211973,8.648569517636206,14264700,9.49
8442,2013-09-04,10.25998372830975,10.500879824385327,10.227134260663082,10.39138159889643,8.778066499028398,16323600,9.57
8443,2013-09-05,10.40233142144532,10.555628937129777,10.40233142144532,10.478980179287548,8.85206430483154,9079300,9.55
8444,2013-09-06,10.555628937129777,10.577528582227556,10.270933550858643,10.45708053418977,8.833570054546463,13253900,9.54
8445,2013-09-09,10.500879824385327,10.511829646934217,10.325682663603091,10.446130711640878,8.824316359510396,15267000,9.66
8446,2013-09-10,10.511829646934217,10.665127162618676,10.489930001836438,10.577528582227556,8.935313615706239,16719000,9.55
8447,2013-09-11,10.555628937129777,10.588478404776446,10.40233142144532,10.45708053418977,8.861083673665059,8174000,9.48
8448,2013-09-12,10.446130711640878,10.478980179287548,10.336632486151979,10.38043177634754,8.79613699118083,8416300,9.52
8449,2013-09-13,10.358532131249762,10.446130711640878,10.29283319595642,10.424231066543099,8.833251414710293,6917000,9.59
8450,2013-09-16,10.555628937129777,10.566578759678666,10.446130711640878,10.500879824385327,8.89820028715903,9681800,9.64
8451,2013-09-17,10.511829646934217,10.555628937129777,10.446130711640878,10.555628937129777,8.944591400351914,11419200,9.61
8452,2013-09-18,10.555628937129777,10.676076985167565,10.468030356738659,10.522779469483106,8.916759141397144,15766600,9.21
8453,2013-09-19,10.533729292031996,10.555628937129777,10.019087632234175,10.084786567527516,8.54561162115576,36857600,9.29
8454,2013-09-20,10.117636035174185,10.205234615565304,10.051937099880844,10.172385147918632,8.619840468214685,20894200,9.07
8455,2013-09-23,10.128585857723076,10.139535680271964,9.887689761647499,9.931489051843057,8.41571168629377,22966200,9.19
8456,2013-09-24,9.854840294000828,10.150485502820853,9.679643133218592,10.062886922429735,8.527056051864411,23539200,9.25
8457,2013-09-25,10.051937099880844,10.238084083211973,9.898639584196387,10.128585857723076,8.582726044685222,19929600,9.18
8458,2013-09-26,10.128585857723076,10.205234615565304,9.997187987136398,10.051937099880844,8.517780457183246,7553500,9.3
8459,2013-09-27,10.117636035174185,10.36948195379865,10.062886922429735,10.183334970467524,8.629119347842614,20922200,9.26
8460,2013-09-30,10.030037454783066,10.216184438114192,9.986238164587506,10.139535680271964,8.592004924313152,13037600,9.4
8461,2013-10-01,10.165715276647855,10.34136478466769,10.165715276647855,10.31940859616521,8.744425326316872,12132200,9.33
8462,2013-10-02,10.198649559401575,10.33038669041645,10.154737182396616,10.242561936406533,8.679308760265645,9730600,9.3
8463,2013-10-03,10.242561936406533,10.352342878918929,10.132780993894139,10.209627653652815,8.651399151250718,17761100,9.43
8464,2013-10-04,10.231583842155294,10.396255255923888,10.220605747904054,10.352342878918929,8.772334935331799,11716900,9.27
8465,2013-10-07,10.242561936406533,10.308430501913971,10.176693370899095,10.176693370899095,8.623491737854641,9151500,9.22
8466,2013-10-08,10.187671465150334,10.33038669041645,10.110824805391658,10.121802899642898,8.576980845940415,14940800,9.28
8467,2013-10-09,10.154737182396616,10.242561936406533,10.08886861688918,10.187671465150334,8.632794574923143,14863400,9.47
8468,2013-10-10,10.34136478466769,10.484080009933804,10.297452407662732,10.396255255923888,8.809545185796376,25179500,9.59
8469,2013-10-11,10.352342878918929,10.5938609524462,10.31940859616521,10.527992386938763,8.92117483938068,16567100,9.72
8470,2013-10-14,10.473101915682564,10.681685706456117,10.429189538677605,10.670707612204877,9.042109525652334,12353600,9.57
8471,2013-10-15,10.648751423702397,10.670707612204877,10.462123821431325,10.506036198436284,8.902566969624829,11439100,9.81
8472,2013-10-16,10.5938609524462,10.791466648968512,10.582882858194962,10.769510460466034,9.125831765840562,13392200,9.94
8473,2013-10-17,10.725598083461074,10.923203779983385,10.670707612204877,10.912225685732146,9.246765354302793,16369300,10.11
8474,2013-10-18,10.923203779983385,11.109831382254459,10.86831330872719,11.09885328800322,9.404909193229601,31126400,10.04
8475,2013-10-21,11.032984722495783,11.120809476505702,10.934181874234628,11.022006628244542,9.339791529368949,20361200,9.68
8476,2013-10-22,10.714619989209835,10.923203779983385,10.462123821431325,10.62679523519992,9.004894883950056,51792600,9.59
8477,2013-10-23,10.527992386938763,10.62679523519992,10.440167632928846,10.527992386938763,8.92117483938068,22468800,9.54
8478,2013-10-24,10.429189538677605,10.495058104185043,10.33038669041645,10.473101915682564,8.874661751847603,17386300,9.49
8479,2013-10-25,10.473101915682564,10.517014292687524,10.31940859616521,10.418211444426367,8.828149762123951,16669800,9.56
8480,2013-10-28,10.440167632928846,10.582882858194962,10.363320973170168,10.495058104185043,8.893268523794028,11539600,9.5
8481,2013-10-29,10.53897048119,10.571904763943722,10.418211444426367,10.429189538677605,8.837451501383024,15554200,9.54
8482,2013-10-30,10.462123821431325,10.53897048119,10.418211444426367,10.473101915682564,8.874661751847603,16111500,9.63
8483,2013-10-31,10.484080009933804,10.62679523519992,10.418211444426367,10.571904763943722,8.958383992035829,46873700,9.55
8484,2013-11-01,10.582540706829308,10.725548013678353,10.483535648241507,10.505536772372132,8.902144348261674,14832000,9.45
8485,2013-11-04,10.51653733443744,10.571540144763997,10.395531151719018,10.395531151719018,8.80893108560126,12847000,9.54
8486,2013-11-05,10.384530589653707,10.538538458568063,10.30752665519653,10.49453621030682,8.892824672079941,14482500,9.45
8487,2013-11-06,10.549539020633373,10.549539020633373,10.285525531065908,10.395531151719018,8.80893108560126,21563400,9.26
8488,2013-11-07,10.428532837914952,10.450533962045574,10.175519910412795,10.186520472478106,8.631818736181131,18588100,9.78
8489,2013-11-08,10.230522720739353,10.758549699874285,10.21952215867404,10.758549699874285,9.116539802633554,37095500,9.8
8490,2013-11-11,10.736548575743663,10.824553072266152,10.659544641286486,10.780550824004909,9.135190155559084,10476800,9.64
8491,2013-11-12,10.736548575743663,10.780550824004909,10.549539020633373,10.60454183095993,8.986039034796562,10934000,9.67
8492,2013-11-13,10.582540706829308,10.681545765417109,10.51653733443744,10.637543517155864,9.01400686379141,8358900,9.81
8493,2013-11-14,10.692546327482418,10.80255194813553,10.60454183095993,10.79155138607022,9.144508731684606,12771100,9.85
8494,2013-11-15,10.824553072266152,10.890556444658019,10.758549699874285,10.835553634331463,9.181794036748773,17799900,9.66
8495,2013-11-18,10.846554196396776,10.879555882592708,10.61554239302524,10.626542955090551,9.004682787384851,12320000,9.58
8496,2013-11-19,10.637543517155864,10.637543517155864,10.472535086176196,10.538538458568063,8.930111077200314,13752900,9.61
8497,2013-11-20,10.549539020633373,10.670545203351796,10.51653733443744,10.571540144763997,8.958077806138954,12090600,9.74
8498,2013-11-21,10.538538458568063,10.813552510200841,10.538538458568063,10.714547451613042,9.07925779773801,11750500,9.86
8499,2013-11-22,10.747549137808974,10.846554196396776,10.670545203351796,10.846554196396776,9.191114812986713,7004400,9.82
8500,2013-11-25,10.90155700672333,10.978560941180508,10.79155138607022,10.80255194813553,9.153828407866339,9733100,9.76
8501,2013-11-26,10.846554196396776,10.890556444658019,10.725548013678353,10.736548575743663,9.097901550326299,10263400,9.82
8502,2013-11-27,10.736548575743663,10.923558130853953,10.714547451613042,10.80255194813553,9.153828407866339,9213000,9.73
8503,2013-11-29,10.813552510200841,10.824553072266152,10.670545203351796,10.70354688954773,9.069935921443864,4863500,9.74
8504,2013-12-02,10.715466961883552,10.924495578183128,10.704465455762522,10.715466961883552,9.080036969311175,12211500,9.55
8505,2013-12-03,10.704465455762522,10.748471480246643,10.440429308857794,10.506438345583977,8.902908320160138,16219300,9.67
8506,2013-12-04,10.517439851705007,10.803479010851795,10.506438345583977,10.63845641903634,9.014780435603672,15705500,9.56
8507,2013-12-05,10.528441357826036,10.64945792515737,10.506438345583977,10.517439851705007,8.912234296898935,10329700,9.71
8508,2013-12-06,10.660459431278401,10.803479010851795,10.64945792515737,10.682462443520462,9.052066740149069,16302600,9.63
8509,2013-12-09,10.737469974125613,10.770474492488704,10.572447382310157,10.59445039455222,8.977488630305213,15019300,9.56
8510,2013-12-10,10.583448888431187,10.63845641903634,10.286408223163368,10.517439851705007,8.912234296898935,26578100,9.42
8511,2013-12-11,10.61645340679428,10.62745491291531,10.330414247647491,10.363418766010582,8.80936361376363,15199700,9.52
8512,2013-12-12,10.352417259889553,10.572447382310157,10.330414247647491,10.473433827220886,8.902881916545448,14537900,9.53
8513,2013-12-13,10.473433827220886,10.517439851705007,10.396423284373672,10.484435333341915,8.912234296898935,14538200,9.57
8514,2013-12-16,10.572447382310157,10.59445039455222,10.495436839462945,10.528441357826036,8.949640517861049,8494400,9.52
8515,2013-12-17,10.517439851705007,10.572447382310157,10.451430814978824,10.473433827220886,8.902881916545448,8037700,9.6
8516,2013-12-18,10.539442863947066,10.583448888431187,10.385421778252642,10.561445876189127,8.977694358469678,18371400,9.59
8517,2013-12-19,10.495436839462945,10.61645340679428,10.473433827220886,10.550444370068098,8.968340877965579,10970000,9.63
8518,2013-12-20,10.60545190067325,10.693463949641492,10.539442863947066,10.59445039455222,9.00575039937953,17570900,9.82
8519,2013-12-23,10.62745491291531,10.814480516972825,10.60545190067325,10.803479010851795,9.183433524439067,7419600,9.85
8520,2013-12-24,10.792477504730766,10.858486541456946,10.748471480246643,10.836483529214885,9.211489565348918,3982800,9.88
8521,2013-12-26,10.836483529214885,10.902492565941069,10.825482023093855,10.86948804757798,9.239545606258769,5327200,9.83
8522,2013-12-27,10.891491059820039,10.891491059820039,10.781475998609736,10.814480516972825,9.192787004943169,4730400,9.84
8523,2013-12-30,10.814480516972825,10.847485035335916,10.748471480246643,10.825482023093855,9.20213718499543,4707200,9.89
8524,2013-12-31,10.825482023093855,10.924495578183128,10.792477504730766,10.88048955369901,9.24889908676287,6774500,9.89
8525,2014-01-02,10.807279279741445,10.949768763145746,10.77439709126353,10.840161468219362,9.214618424011183,12170200,9.87
8526,2014-01-03,10.873043656697277,10.916886574667831,10.77439709126353,10.818240009234083,9.195980799581902,6671400,10.07
8527,2014-01-06,10.993611681116297,11.168983352998513,10.98265095162366,11.037454599086852,9.382321969540346,26432000,10.1
8528,2014-01-07,11.168983352998513,11.20186554147643,10.993611681116297,11.070336787564766,9.410274021892475,21812600,10.25
8529,2014-01-08,11.081297517057406,11.278590647924895,11.059376058072129,11.234747729954343,9.550032091507209,18251300,10.45
8530,2014-01-09,11.256669188939618,11.464923049299749,11.256669188939618,11.45396231980711,9.736371069319757,33896400,10.48
8531,2014-01-10,11.388197942851281,11.519726696762941,11.32243356589545,11.486844508285026,9.764325313817782,20615600,10.31
8532,2014-01-13,11.464923049299749,11.519726696762941,11.24570845944698,11.300512106910174,9.605934004065563,16696700,10.37
8533,2014-01-14,11.421080131329196,11.497805237777664,11.278590647924895,11.366276483866004,9.661837012696866,17881900,10.63
8534,2014-01-15,11.432040860821832,11.71701982763043,11.432040860821832,11.651255450674604,9.904081191286616,22993200,10.48
8535,2014-01-16,11.563569614733495,11.585491073718773,11.410119401836559,11.486844508285026,9.764325313817782,13848300,10.57
8536,2014-01-17,11.508765967270303,11.706059098137793,11.508765967270303,11.585491073718773,9.848177086582362,23296400,10.86
8537,2014-01-21,11.629333991689325,11.958155876468476,11.508765967270303,11.903352229005284,10.11837331752424,39727600,11.02
8538,2014-01-22,11.925273687990561,12.144488277843328,11.881430770020007,12.0787239008875,10.267448007207717,20300200,10.92
8539,2014-01-23,11.991038064946391,12.001998794439029,11.793744934078902,11.969116605961114,10.174279614374392,24655000,10.55
8540,2014-01-24,11.881430770020007,11.925273687990561,11.530687426255579,11.563569614733495,9.829542750371928,22183200,10.41
8541,2014-01-27,11.618373262196688,11.629333991689325,11.311472836402812,11.410119401836559,9.699105685117734,16709100,10.53
8542,2014-01-28,11.563569614733495,11.607412532704048,11.366276483866004,11.541648155748216,9.810910606307393,13402700,10.31
8543,2014-01-29,11.475883778792388,11.508765967270303,11.212826270969066,11.300512106910174,9.605934004065563,18508700,10.43
8544,2014-01-30,11.432040860821832,11.45396231980711,11.289551377417535,11.432040860821832,9.717741117401118,8568200,10.17
8545,2014-01-31,11.278590647924895,11.300512106910174,11.12514043502796,11.147061894013236,9.475495842738418,15592400,9.82
8546,2014-02-03,11.127833640711984,11.127833640711984,10.691019758839088,10.723780799979558,9.115686531009752,18259200,9.97
8547,2014-02-04,10.82206392340096,11.073231905477874,10.712860452932734,10.887586005681893,9.254927508064963,15435900,9.9
8548,2014-02-05,10.843904617494603,10.898506352728715,10.73470114702638,10.811143576354135,9.189948167032256,14989100,10.27
8549,2014-02-06,10.83298427044778,11.226116764133385,10.789302882260492,11.215196417086563,9.533411646244799,17491000,10.23
8550,2014-02-07,11.258877805273853,11.335320234601609,11.040470864337404,11.171515028899274,9.496280282216192,17551700,10.2
8551,2014-02-10,11.182435375946097,11.247957458227031,11.051391211384226,11.138753987758806,9.46843121317739,10865400,10.3
8552,2014-02-11,11.127833640711984,11.280718499367497,11.040470864337404,11.247957458227031,9.5612596232489,12210800,10.25
8553,2014-02-12,11.247957458227031,11.38992196983572,11.160594681852452,11.193355722992917,9.514847056265204,9325400,10.3
8554,2014-02-13,11.084152252524694,11.258877805273853,11.06231155843105,11.247957458227031,9.5612596232489,8496400,10.35
8555,2014-02-14,11.247957458227031,11.379001622788898,11.226116764133385,11.302559193461141,9.60767437430201,7538400,10.37
8556,2014-02-18,11.302559193461141,11.379001622788898,11.280718499367497,11.324399887554787,9.626240056316313,6282000,10.1
8557,2014-02-19,11.302559193461141,11.324399887554787,10.996789476150116,11.029550517290582,9.375603895140578,13759000,10.22
8558,2014-02-20,11.029550517290582,11.204276070039741,10.953108087962827,11.160594681852452,9.486999079261102,13315400,10.24
8559,2014-02-21,11.160594681852452,11.324399887554787,11.127833640711984,11.182435375946097,9.50556257720599,10904700,10.44
8560,2014-02-24,11.237037111180207,11.455444052116656,11.215196417086563,11.400842316882542,9.69121939734902,12908500,10.45
8561,2014-02-25,11.422683010976188,11.488205093257122,11.335320234601609,11.411762663929366,9.70049950826941,13184200,10.52
8562,2014-02-26,11.444523705069832,11.499125440303942,11.346240581648432,11.488205093257122,9.765483217440936,10871600,10.57
8563,2014-02-27,11.4772847462103,11.564647522584877,11.38992196983572,11.542806828491234,9.811893600355225,7872000,10.64
8564,2014-02-28,11.553727175538056,11.76121376942768,11.510045787350766,11.619249257818991,9.876872941387933,13617200,10.53
8565,2014-03-03,11.458095838641011,11.50149771681768,11.349591143199335,11.425544430008506,9.712217312341034,11663900,10.78
8566,2014-03-04,11.577451003626853,11.740208046789368,11.534049125450183,11.696806168612696,9.942799555577187,12966000,10.73
8567,2014-03-05,11.675105229524362,11.805310864054373,11.610002412259355,11.64255382089186,9.896685060014473,15980100,10.83
8568,2014-03-06,11.696806168612696,11.837862272686875,11.664254759980194,11.751058516333535,9.988915136186852,15066100,11.05
8569,2014-03-07,11.91381555949605,12.054871663570228,11.892114620407714,11.989768846305223,10.191833022273196,19680800,10.9
8570,2014-03-10,11.935516498584384,12.000619315849391,11.751058516333535,11.82701180314271,10.053481940256376,14406100,10.8
8571,2014-03-11,11.837862272686875,11.902965089951882,11.664254759980194,11.718507107701033,9.961248608943134,14468400,10.75
8572,2014-03-12,11.653404290436026,11.68595569906853,11.479796777729344,11.664254759980194,9.942750728464237,10292800,10.67
8573,2014-03-13,11.707656638156864,11.82701180314271,11.555750064538518,11.577451003626853,9.86875703645474,14290100,10.63
8574,2014-03-14,11.555750064538518,11.707656638156864,11.50149771681768,11.534049125450183,9.831762360543902,10703700,10.8
8575,2014-03-17,11.588301473171022,11.783609924966038,11.588301473171022,11.718507107701033,9.988996514708434,13999200,10.81
8576,2014-03-18,11.740208046789368,11.816161333598542,11.653404290436026,11.729357577245201,9.99824436990093,9476400,11.09
8577,2014-03-19,11.740208046789368,12.1308249503794,11.707656638156864,12.033170724481893,10.257220121840259,21808600,11.3
8578,2014-03-20,11.978918376761053,12.336983871718585,11.968067907216888,12.261030584909415,10.451446781821721,21195200,11.09
8579,2014-03-21,12.478039975792766,12.521441853969435,12.022320254937727,12.033170724481893,10.257220121840259,50564700,11.07
8580,2014-03-24,12.098273541746899,12.282731523997748,11.968067907216888,12.011469785393558,10.238720071267451,19259400,11.11
8581,2014-03-25,12.076572602658564,12.098273541746899,11.924666029040218,12.054871663570228,10.275714747178293,11775000,11.0
8582,2014-03-26,12.119974480835236,12.195927767644408,11.902965089951882,11.935516498584384,10.173978574638268,13641300,10.79
8583,2014-03-27,11.870413681319379,11.924666029040218,11.631703351347692,11.707656638156864,9.979746489422032,18555000,10.95
8584,2014-03-28,11.740208046789368,12.011469785393558,11.68595569906853,11.881264150863547,10.127730618300163,13414300,11.11
8585,2014-03-31,11.95721743767272,12.065722133114397,11.924666029040218,12.054871663570228,10.275714747178293,10591100,11.25
8586,2014-04-01,12.026075116420328,12.199112168455153,11.972001037659446,12.166667721198623,10.371012484080786,14528800,11.09
8587,2014-04-02,12.199112168455153,12.199112168455153,11.896297327394208,11.9936306691638,10.223515700926301,20477100,11.08
8588,2014-04-03,11.9936306691638,12.036889932172505,11.79896398562462,11.982815853411623,10.214294989015997,12892100,10.97
8589,2014-04-04,12.036889932172505,12.166667721198623,11.83140843288115,11.86385288013768,10.112892032078863,15490400,10.74
8590,2014-04-07,11.853038064385505,11.86385288013768,11.474519513059324,11.61511211783762,9.90085891740484,15554700,10.66
8591,2014-04-08,11.604297302085444,11.712445459607208,11.420445434298442,11.528593591820206,9.827108362864445,12826900,10.69
8592,2014-04-09,11.539408407572383,11.658371380846324,11.496149144563677,11.561038039076736,9.854764009705912,12992200,10.29
8593,2014-04-10,11.593482486333267,11.658371380846324,11.128445408989673,11.128445408989673,9.4860177258934,23123000,10.17
8594,2014-04-11,10.92296390969832,11.13926022474185,10.771556489167848,10.998667619963557,9.375395138527537,21157600,10.18
8595,2014-04-14,11.204149119254911,11.26903801376797,10.814815752176555,11.009482435715732,9.384614768956265,14060700,10.27
8596,2014-04-15,11.031112067220086,11.117630593237497,10.868889830937437,11.10681577748532,9.467583872443814,13132700,10.34
8597,2014-04-16,11.160889856246204,11.214963935007086,11.041926882972263,11.182519487750557,9.532110470629176,10698500,10.22
8598,2014-04-17,11.160889856246204,11.258223198015793,11.031112067220086,11.05274169872444,9.421490046226463,17835300,10.28
8599,2014-04-21,11.074371330228791,11.160889856246204,10.998667619963557,11.117630593237497,9.476801339909397,12494500,10.39
8600,2014-04-22,11.247408382263616,11.398815802794088,11.117630593237497,11.236593566511441,9.578206459809678,19540100,10.41
8601,2014-04-23,11.236593566511441,11.377186171289734,11.182519487750557,11.258223198015793,9.596642476222415,11883900,10.31
8602,2014-04-24,11.301482461024499,11.323112092528852,11.096000961733145,11.150075040494027,9.50445698675086,11848900,10.15
8603,2014-04-25,11.10681577748532,11.160889856246204,10.92296390969832,10.977037988459204,9.356955877670075,12863500,10.07
8604,2014-04-28,11.031112067220086,11.074371330228791,10.793186120672203,10.890519462441791,9.283210730537556,15474500,10.09
8605,2014-04-29,10.966223172707025,11.009482435715732,10.85807501518526,10.912149093946143,9.301646746950293,7174100,10.14
8606,2014-04-30,10.879704646689614,10.998667619963557,10.814815752176555,10.966223172707025,9.347738410204494,10612600,10.21
8607,2014-05-01,10.981941614123581,11.068159016393443,10.89572421185372,11.003495964691048,9.379512519558638,14076300,10.24
8608,2014-05-02,11.025050315258513,11.316034047919294,11.01427313997478,11.035827490542244,9.407070834476672,11708700,10.25
8609,2014-05-05,11.14359924337957,11.14359924337957,10.960387263556116,11.046604665825976,9.416257298688526,12099400,10.11
8610,2014-05-06,11.025050315258513,11.078936191677176,10.874169861286255,10.89572421185372,9.287643566569988,10493100,10.25
8611,2014-05-07,10.949610088272383,11.05738184110971,10.841838335435057,11.046604665825976,9.416257298688526,13393400,10.17
8612,2014-05-08,11.003495964691048,11.186707944514502,10.938832912988651,10.960387263556116,9.342764507276167,14772200,10.26
8613,2014-05-09,10.917278562421187,11.068159016393443,10.809506809583858,11.05738184110971,9.425446996052964,8666200,10.51
8614,2014-05-12,11.111267717528374,11.337588398486758,11.068159016393443,11.326811223203027,9.65510644591425,15253200,10.43
8615,2014-05-13,11.369919924337959,11.38069709962169,11.2190394703657,11.240593820933164,9.581617965372004,13860400,10.19
8616,2014-05-14,11.186707944514502,11.208262295081967,10.92805573770492,10.981941614123581,9.361137435699876,16732400,10.04
8617,2014-05-15,10.949610088272383,10.971164438839848,10.669403530895336,10.82028398486759,9.223337239369483,20326600,9.88
8618,2014-05-16,10.787952459016394,10.831061160151325,10.56163177805801,10.647849180327869,9.076352734262294,14274800,10.03
8619,2014-05-19,10.61551765447667,10.82028398486759,10.604740479192937,10.809506809583858,9.214151852875158,8691700,9.98
8620,2014-05-20,10.787952459016394,10.831061160151325,10.669403530895336,10.755620933165195,9.16821953181589,12059500,10.1
8621,2014-05-21,10.77717528373266,10.960387263556116,10.77717528373266,10.884947036569988,9.278458180075663,7336000,10.09
8622,2014-05-22,10.884947036569988,10.949610088272383,10.787952459016394,10.874169861286255,9.269272793581338,9021300,10.07
8623,2014-05-23,10.863392686002522,10.971164438839848,10.82028398486759,10.852615510718788,9.250900942875155,8257400,10.12
8624,2014-05-27,10.917278562421187,11.046604665825976,10.863392686002522,10.906501387137453,9.296831108499369,9732800,10.1
8625,2014-05-28,10.89572421185372,10.971164438839848,10.831061160151325,10.884947036569988,9.278458180075663,11533200,10.1
8626,2014-05-29,10.874169861286255,10.981941614123581,10.798729634300125,10.884947036569988,9.278458180075663,11312000,10.19
8627,2014-05-30,10.884947036569988,10.992718789407313,10.874169861286255,10.981941614123581,9.361137435699876,10480600,10.34
8628,2014-06-02,10.950772709918061,11.155158448118888,10.918501277570561,11.122887015771388,9.481279053687333,13729300,10.44
8629,2014-06-03,11.079858439308058,11.284244177508885,11.02607271872889,11.23045845692972,9.572977252988341,14303200,10.49
8630,2014-06-04,11.187429880466388,11.359544186319718,11.144401304003054,11.284244177508885,9.618824201210023,22393800,10.6
8631,2014-06-05,11.327272753972217,11.434844195130548,11.187429880466388,11.402572762783048,9.719686411583309,16513300,10.63
8632,2014-06-06,11.413329906898882,11.499387059825546,11.359544186319718,11.434844195130548,9.747198883373962,9165900,10.85
8633,2014-06-09,11.445601339246382,11.736044230373874,11.413329906898882,11.671501365678877,9.948928682692591,16686800,10.86
8634,2014-06-10,11.725287086258042,11.725287086258042,11.510144203941378,11.682258509794709,9.958094845193692,10491400,10.73
8635,2014-06-11,11.628472789215545,11.639229933331377,11.488629915709714,11.54241563628888,9.884399802284943,10044900,10.61
8636,2014-06-12,11.553172780404712,11.617715645099711,11.359544186319718,11.413329906898882,9.773858313636229,11706400,10.71
8637,2014-06-13,11.434844195130548,11.553172780404712,11.359544186319718,11.520901348057214,9.865977117272168,17700900,10.59
8638,2014-06-16,11.488629915709714,11.510144203941378,11.348787042203883,11.391815618667215,9.755435628623454,14502900,10.74
8639,2014-06-17,11.37030133043555,11.660744221563041,11.359544186319718,11.553172780404712,9.893613296220154,14556200,10.73
8640,2014-06-18,11.563929924520544,11.606958500983875,11.47787277159388,11.54241563628888,9.884399802284943,14439800,10.69
8641,2014-06-19,11.553172780404712,11.596201356868043,11.413329906898882,11.499387059825546,9.847552280830568,9665200,10.77
8642,2014-06-20,11.57468706863638,11.649987077447209,11.445601339246382,11.585444212752211,9.921248399453729,30387900,10.71
8643,2014-06-23,11.596201356868043,11.606958500983875,11.445601339246382,11.520901348057214,9.865977117272168,16961400,10.58
8644,2014-06-24,11.47787277159388,11.57468706863638,11.381058474551383,11.381058474551383,9.746221058973834,11715700,10.68
8645,2014-06-25,11.359544186319718,11.531658492173047,11.219701312813887,11.488629915709714,9.838344165467415,14440600,10.68
8646,2014-06-26,11.488629915709714,11.510144203941378,11.316515609856385,11.488629915709714,9.838344165467415,9688400,10.67
8647,2014-06-27,11.488629915709714,11.563929924520544,11.424087051014714,11.47787277159388,9.82912744438897,10064600,10.62
8648,2014-06-30,11.413329906898882,11.531658492173047,11.413329906898882,11.424087051014714,9.783069656142619,8954900,10.76
8649,2014-07-01,11.503875802728226,11.686818635886672,11.493114459601259,11.579205204617,9.915907259823715,9365500,10.7
8650,2014-07-02,11.600727890870933,11.665295949632739,11.503875802728226,11.514637145855193,9.860611174300105,6844500,10.87
8651,2014-07-03,11.62225057712487,11.794432067156349,11.600727890870933,11.697579979013641,10.017274807542497,5475100,10.77
8652,2014-07-07,11.654534606505772,11.654534606505772,11.546921175236097,11.589966547743966,9.925121121809024,9994800,10.57
8653,2014-07-08,11.53615983210913,11.579205204617,11.342455655823713,11.374739685204618,9.74081052193914,9205200,10.63
8654,2014-07-09,11.40702371458552,11.493114459601259,11.396262371458551,11.439307743966422,9.7961023029255,8271400,10.55
8655,2014-07-10,11.267126253934943,11.428546400839455,11.213319538300105,11.353216998950684,9.722380645699896,12190300,10.61
8656,2014-07-11,11.310171626442813,11.503875802728226,11.256364910807976,11.417785057712488,9.777673502820567,10612100,10.62
8657,2014-07-14,11.525398488982164,11.557682518363064,11.40702371458552,11.428546400839455,9.786888440940189,5882300,10.73
8658,2014-07-15,11.482353116474293,11.6114892339979,11.460830430220359,11.546921175236097,9.888258140927597,10682900,10.63
8659,2014-07-16,11.6114892339979,11.6114892339979,11.417785057712488,11.439307743966422,9.7961023029255,10435100,10.21
8660,2014-07-17,11.385501028331584,11.40702371458552,10.955047303252886,10.987331332633788,9.409051226946485,23119300,10.25
8661,2014-07-18,11.073422077649528,11.127228793284367,10.955047303252886,11.030376705141657,9.445915283962224,16231300,10.19
8662,2014-07-21,11.030376705141657,11.030376705141657,10.879717901364112,10.965808646379854,9.390621350707239,27103600,10.1
8663,2014-07-22,11.10570610703043,11.137990136411332,10.696775068205666,10.868956558237146,9.307680450824765,27348800,10.1
8664,2014-07-23,10.847433871983212,10.976569989506821,10.81514984260231,10.868956558237146,9.307680450824765,15607200,10.29
8665,2014-07-24,10.89047924449108,11.10570610703043,10.868956558237146,11.073422077649528,9.482775036440714,15571800,10.36
8666,2014-07-25,11.030376705141657,11.170274165792236,11.030376705141657,11.1487514795383,9.54728390781532,11916300,10.24
8667,2014-07-28,11.137990136411332,11.159512822665267,10.987331332633788,11.019615362014692,9.436697117439664,10140800,10.18
8668,2014-07-29,10.976569989506821,11.051899391395592,10.922763273871984,10.955047303252886,9.381405336453305,10627200,10.3
8669,2014-07-30,11.030376705141657,11.159512822665267,10.976569989506821,11.084183420776496,9.49199105069465,10200500,10.14
8670,2014-07-31,11.008854018887725,11.073422077649528,10.879717901364112,10.912001930745017,9.34454235557188,14883200,9.99
8671,2014-08-01,10.865584985621311,10.919481736542052,10.6392186317542,10.76857083396398,9.221716835578427,14464400,9.94
8672,2014-08-04,10.790129534332273,10.854805635437163,10.596101231017608,10.714674083043237,9.175561813959943,12841300,9.85
8673,2014-08-05,10.6392186317542,10.779350184148127,10.574542530649312,10.617659931385903,9.092483206220676,10879300,9.84
8674,2014-08-06,10.58532188083346,10.76857083396398,10.552983830281015,10.606880581201757,9.08325177072297,12292400,9.71
8675,2014-08-07,10.660777332122496,10.660777332122496,10.402072927702942,10.46674902880783,8.96325173273296,12710500,9.76
8676,2014-08-08,10.509866429544422,10.520645779728572,10.412852277887088,10.520645779728572,9.009405676416426,13231100,9.72
8677,2014-08-11,10.58532188083346,10.596101231017608,10.46674902880783,10.477528378991979,8.972477778555573,8277700,9.74
8678,2014-08-12,10.46674902880783,10.574542530649312,10.46674902880783,10.499087079360274,8.990939571615963,6495700,9.91
8679,2014-08-13,10.531425129912718,10.703894732859089,10.531425129912718,10.682336032490793,9.14786750746683,17097700,9.9
8680,2014-08-14,10.671556682306646,10.747012133595682,10.628439281570051,10.671556682306646,9.138637149904142,8037000,9.78
8681,2014-08-15,10.703894732859089,10.81168823470057,10.499087079360274,10.542204480096865,9.027865313606782,17638500,9.95
8682,2014-08-18,10.617659931385903,10.800908884516423,10.58532188083346,10.725453433227385,9.184790015652592,9870600,9.88
8683,2014-08-19,10.747012133595682,10.822467584884716,10.6392186317542,10.64999798193835,9.120176434778772,11614100,9.96
8684,2014-08-20,10.64999798193835,10.76857083396398,10.628439281570051,10.736232783411536,9.194023607020332,7524100,10.12
8685,2014-08-21,10.736232783411536,10.973378487462792,10.714674083043237,10.908702386357902,9.341716873568437,12001800,10.1
8686,2014-08-22,10.887143685989606,11.03805458856768,10.833246935068868,10.887143685989606,9.323255080508048,7796400,10.22
8687,2014-08-25,10.951819787094495,11.03805458856768,10.919481736542052,11.016495888199385,9.434027994740426,6990800,10.26
8688,2014-08-26,11.027275238383535,11.113510039856717,10.98415783764694,11.059613288935978,9.470950502926188,11046700,10.16
8689,2014-08-27,11.081171989304272,11.10273068967257,10.930261086726201,10.951819787094495,9.378641537624238,6079300,10.11
8690,2014-08-28,10.919481736542052,10.941040436910349,10.844026285253015,10.897923036173756,9.332484360135716,5987100,10.15
8691,2014-08-29,10.908702386357902,10.951819787094495,10.833246935068868,10.941040436910349,9.369410102126533,7311400,10.18
8692,2014-09-02,10.96512647512299,11.07283891593952,10.878956522469764,10.96512647512299,9.390036681818755,16182400,10.12
8693,2014-09-03,11.008211451449602,11.062067671857868,10.878956522469764,10.90049901063307,9.334691875478406,18234700,10.14
8694,2014-09-04,10.943583986959682,11.051296427776215,10.90049901063307,10.922041498796379,9.353139785217055,10880700,10.14
8695,2014-09-05,10.90049901063307,10.932812742878031,10.792786569816537,10.922041498796379,9.353139785217055,7557800,10.15
8696,2014-09-08,10.90049901063307,10.943583986959682,10.846642790224804,10.932812742878031,9.362364278648581,7486000,10.0
8697,2014-09-09,10.889727766551415,10.922041498796379,10.771244081653233,10.771244081653233,9.224004417046523,12066900,10.2
8698,2014-09-10,10.728159105326618,11.018982695531257,10.717387861244966,10.986668963286297,9.455761736080596,17175000,10.28
8699,2014-09-11,10.922041498796379,11.083610160021175,10.922041498796379,11.07283891593952,9.529927137204819,12638500,10.35
8700,2014-09-12,11.10515264818448,11.223636333082666,11.07283891593952,11.148237624511095,9.594817420050331,24691900,10.28
8701,2014-09-15,11.10515264818448,11.1697801126744,10.99744020736795,11.07283891593952,9.529927137204819,14761400,10.21
8702,2014-09-16,11.018982695531257,11.126695136347788,10.986668963286297,10.99744020736795,9.465031468737266,12224100,10.38
8703,2014-09-17,10.99744020736795,11.320577529817545,10.975897719204642,11.180551356756055,9.622630926517976,25588300,10.54
8704,2014-09-18,11.245178821245974,11.449832458797387,11.223636333082666,11.352891262062506,9.770956343144384,21650000,10.44
8705,2014-09-19,11.428289970634077,11.449832458797387,11.180551356756055,11.245178821245974,9.678251476706818,15740500,10.34
8706,2014-09-22,11.26672130940928,11.277492553490934,11.115923892266135,11.137466380429442,9.585548764518068,14257800,10.18
8707,2014-09-23,11.10515264818448,11.1697801126744,10.96512647512299,10.96512647512299,9.437222270767254,11504500,10.18
8708,2014-09-24,10.954355231041337,11.008211451449602,10.835871546143151,10.96512647512299,9.437222270767254,14148600,10.06
8709,2014-09-25,10.932812742878031,10.954355231041337,10.782015325734884,10.835871546143151,9.325975784767532,11407700,10.12
8710,2014-09-26,10.857414034306457,10.943583986959682,10.835871546143151,10.90049901063307,9.381600643454005,12727800,10.06
8711,2014-09-29,10.771244081653233,10.911270254714724,10.760472837571578,10.835871546143151,9.325975784767532,10405100,10.04
8712,2014-09-30,10.857414034306457,10.922041498796379,10.749701593489926,10.814329057979844,9.307437396578598,14261700,9.89
8713,2014-10-01,10.830767711312244,10.85236445649931,10.636397004628675,10.6795904950028,9.19147432674902,15773800,9.91
8714,2014-10-02,10.6795904950028,10.765977475751056,10.550010023880422,10.701187240189864,9.210061565494264,12609600,10.1
8715,2014-10-03,10.809170966125182,10.927953064654028,10.79837259353165,10.906356319466967,9.386643033167251,15774500,9.98
8716,2014-10-06,10.938751437247562,10.949549809841093,10.776775848344586,10.776775848344586,9.275118520858516,9175200,9.86
8717,2014-10-07,10.809170966125182,10.819969338718712,10.647195377222205,10.647195377222205,9.163594008549781,24718000,10.0
8718,2014-10-08,10.625598632035144,10.819969338718712,10.604001886848081,10.79837259353165,9.293701440254724,18163800,9.72
8719,2014-10-09,10.690388867596333,10.733582357970459,10.496018160912763,10.496018160912763,9.03348009782128,19677600,9.59
8720,2014-10-10,10.485219788319233,10.636397004628675,10.355639317196852,10.355639317196852,8.912663585895812,15840200,9.43
8721,2014-10-13,10.39883280757098,10.485219788319233,10.182865355700345,10.182865355700345,8.763964596096583,19951200,9.52
8722,2014-10-14,10.290849081635661,10.366437689790382,10.215260473480942,10.280050709042131,8.847606630531564,20649700,9.1
8723,2014-10-15,10.010091394203839,10.042486511984436,9.556559745275509,9.8265190601138,8.457272457206878,30574900,9.06
8724,2014-10-16,9.67534184380436,9.94530115864265,9.642946726023762,9.783325569739675,8.420095820041867,31833500,9.1
8725,2014-10-17,9.869712550487927,9.988494649016776,9.76172882455261,9.8265190601138,8.457272457206878,25394500,9.16
8726,2014-10-20,9.804922314926737,10.02088976679737,9.804922314926737,9.891309295674992,8.513033093605355,22126300,9.26
8727,2014-10-21,9.956099531236182,10.161268610513282,9.869712550487927,9.999293021610308,8.605969287331584,42954300,9.26
8728,2014-10-22,9.934502786049118,10.107276747545622,9.923704413455585,9.999293021610308,8.605969287331584,33571600,9.41
8729,2014-10-23,10.13967186532622,10.269252336448599,10.107276747545622,10.161268610513282,8.745376277514078,19928800,9.44
8730,2014-10-24,10.193663728293876,10.247655591261536,10.07488162976503,10.193663728293876,8.773258755387834,16111600,9.4
8731,2014-10-27,10.161268610513282,10.204462100887408,10.08568000235856,10.15047023791975,8.736079958548306,12277000,9.63
8732,2014-10-28,10.161268610513282,10.420429552758042,10.161268610513282,10.39883280757098,8.949838063386304,13103800,9.76
8733,2014-10-29,10.366437689790382,10.614800259441612,10.344840944603321,10.53921165128689,9.07065781482355,17592300,9.76
8734,2014-10-30,10.496018160912763,10.636397004628675,10.420429552758042,10.53921165128689,9.07065781482355,14804400,9.93
8735,2014-10-31,10.657993749815736,10.765977475751056,10.614800259441612,10.722783985376928,9.228650963914031,17040200,10.03
8736,2014-11-03,10.737567107486315,10.94384999428332,10.726710113444367,10.88956502407358,9.372191536770966,17205600,10.01
8737,2014-11-04,10.900422018115528,10.94384999428332,10.780995083654103,10.867851035989684,9.353502307227156,15628200,10.11
8738,2014-11-05,10.94384999428332,11.008991958535006,10.867851035989684,10.976420976409162,9.446944112148584,20024600,10.23
8739,2014-11-06,10.976420976409162,11.150132881080326,10.867851035989684,11.106704904912537,9.559074060914414,19488200,10.16
8740,2014-11-07,11.019848952576954,11.09584791087059,10.954706988325269,11.030705946618902,9.493666100308703,17372900,10.23
8741,2014-11-10,11.074133922786693,11.106704904912537,11.008991958535006,11.106704904912537,9.559074060914414,12227500,10.19
8742,2014-11-11,11.106704904912537,11.171846869164222,11.030705946618902,11.063276928744745,9.521697773225608,8255300,10.21
8743,2014-11-12,11.019848952576954,11.084990916828643,10.965563982367216,11.084990916828643,9.540382659971797,12349800,10.17
8744,2014-11-13,11.063276928744745,11.106704904912537,10.965563982367216,11.04156294066085,9.503009629381202,11572400,10.17
8745,2014-11-14,11.008991958535006,11.09584791087059,10.998134964493058,11.04156294066085,9.503009629381202,12756800,10.1
8746,2014-11-17,10.987277970451109,11.008991958535006,10.922136006199425,10.965563982367216,9.437600583076085,10299000,10.09
8747,2014-11-18,10.94384999428332,11.019848952576954,10.94384999428332,10.954706988325269,9.428254882604778,7940800,10.07
8748,2014-11-19,10.965563982367216,10.998134964493058,10.846137047905792,10.932993000241373,9.409565653060966,10429400,10.03
8749,2014-11-20,10.878708030031632,10.88956502407358,10.780995083654103,10.88956502407358,9.372191536770966,14458200,10.04
8750,2014-11-21,10.998134964493058,11.063276928744745,10.900422018115528,10.900422018115528,9.381533980144063,10818000,10.18
8751,2014-11-24,10.965563982367216,11.074133922786693,10.965563982367216,11.052419934702797,9.512352072754299,10152900,10.14
8752,2014-11-25,11.074133922786693,11.084990916828643,10.965563982367216,11.008991958535006,9.47497578506549,10342500,10.14
8753,2014-11-26,11.019848952576954,11.052419934702797,10.954706988325269,11.008991958535006,9.47497578506549,9158700,10.07
8754,2014-11-28,11.019848952576954,11.063276928744745,10.911279012157477,10.932993000241373,9.409565653060966,6981100,9.77
8755,2014-12-01,10.929824242372622,10.940743147709656,10.624094892935625,10.667770514283768,9.181300222744152,17304600,9.86
8756,2014-12-02,10.635013798272661,10.842472999676335,10.635013798272661,10.766040662317087,9.265879155375364,15505900,9.96
8757,2014-12-03,10.755121756980051,10.897067526361516,10.700527230294874,10.875229715687444,9.359852714158562,9670000,10.11
8758,2014-12-04,10.875229715687444,11.039013295742977,10.798797378328194,11.039013295742977,9.500814690169157,19004700,10.37
8759,2014-12-05,11.137283443776298,11.410256077202186,11.104526727765192,11.322904834505902,9.745148126786535,24235300,10.37
8760,2014-12-08,11.30106702383183,11.497607319898473,11.224634686472582,11.322904834505902,9.745148126786535,18258400,10.45
8761,2014-12-09,11.18095906512444,11.421174982539222,11.137283443776298,11.410256077202186,9.820326973813092,16127000,10.14
8762,2014-12-10,11.30106702383183,11.410256077202186,11.049932201080011,11.071770011754085,9.574819754871983,16788900,10.17
8763,2014-12-11,11.08268891709112,11.25739140248369,11.039013295742977,11.104526727765192,9.603147762878386,14805300,10.01
8764,2014-12-12,11.00625657973187,11.08268891709112,10.897067526361516,10.929824242372622,9.452065053510895,13203100,9.86
8765,2014-12-15,10.984418769057799,11.017175485068906,10.73328394630598,10.766040662317087,9.310423921588333,15771000,9.92
8766,2014-12-16,10.667770514283768,10.973499863720765,10.624094892935625,10.831554094339301,9.367081029491679,26967400,10.22
8767,2014-12-17,10.88614862102448,11.170040159787403,10.831554094339301,11.159121254450369,9.65036110955573,21592900,10.44
8768,2014-12-18,11.25739140248369,11.410256077202186,11.246472497146655,11.39933717186515,9.858096559264432,19974200,10.45
8769,2014-12-19,11.45393169855033,11.519445130572544,11.39933717186515,11.410256077202186,9.8675392285999,17396800,10.51
8770,2014-12-22,11.443012793213294,11.486688414561435,11.344742645179974,11.475769509224401,9.924198520284312,8526400,10.66
8771,2014-12-23,11.519445130572544,11.705066521302149,11.486688414561435,11.639553089279936,10.065835284644736,11369700,10.67
8772,2014-12-24,11.67230980529104,11.67230980529104,11.53036403590958,11.65047199461697,10.075277953980207,4854400,10.68
8773,2014-12-26,11.65047199461697,11.737823237313254,11.617715278605864,11.661390899954005,10.084721715206207,6512800,10.73
8774,2014-12-29,11.628634183942898,11.82517448000954,11.606796373268828,11.715985426639184,10.13193506188355,10192400,10.7
8775,2014-12-30,11.683228710628077,11.759661047987326,11.606796373268828,11.683228710628077,10.103603778205542,7921300,10.56
8776,2014-12-31,11.72690433197622,11.759661047987326,11.519445130572544,11.53036403590958,9.971408591290054,6229100,10.51
8777,2015-01-02,11.683616023482397,11.716527617914739,11.365470610636395,11.530028582798119,9.97112154511846,9557200,10.15
8778,2015-01-05,11.47517592541088,11.519058051320672,11.09120732370019,11.135089449609984,9.62957818273736,12597500,9.81
8779,2015-01-06,11.09120732370019,11.102177855177636,10.718209253466949,10.762091379376743,9.307010548652801,22149400,9.87
8780,2015-01-07,10.89373775710612,10.926649351538467,10.685297659034605,10.82791456824143,9.363934442382984,14461900,10.02
8781,2015-01-08,10.937619883015914,11.01441360335805,10.871796694151223,10.992472540403154,9.506243079655295,14098600,9.73
8782,2015-01-09,10.992472540403154,11.003443071880604,10.630445001647361,10.674327127557156,9.231112023679223,14962300,9.54
8783,2015-01-12,10.696268190512052,10.740150316421845,10.411034372098397,10.465887029485637,9.050853026866974,17224200,9.39
8784,2015-01-13,10.542680749827777,10.65238606460226,10.224535336981777,10.301329057323915,8.908545486647812,18948800,9.16
8785,2015-01-14,10.136771085162191,10.21356480550433,9.961242581523019,10.049006833342606,8.69033503324248,24600800,8.99
8786,2015-01-15,9.950272050045571,10.070947896297502,9.763773014928951,9.862507798225984,8.529055055886216,24855900,9.07
8787,2015-01-16,9.851537266748538,10.038036301865157,9.763773014928951,9.950272050045571,8.604953580859794,41123500,8.74
8788,2015-01-20,9.719890889019156,9.950272050045571,9.423686539128052,9.588244511289778,8.291871068290638,49734700,8.71
8789,2015-01-21,9.654067700154467,9.708920357541707,9.51145079094764,9.555332916857434,8.263409121425546,26963100,9.19
8790,2015-01-22,9.621156105722124,10.191623742549432,9.610185574244674,10.08191842777495,8.718800271267014,31189900,9.01
8791,2015-01-23,10.049006833342606,10.158712148117086,9.862507798225984,9.88444886118088,8.548027493023318,22072000,9.08
8792,2015-01-26,9.873478329703431,10.01609523891026,9.84056673527109,9.961242581523019,8.614438702375196,21049700,8.97
8793,2015-01-27,9.84056673527109,9.961242581523019,9.741831951974055,9.84056673527109,8.510080424642823,19222300,8.74
8794,2015-01-28,9.939301518568122,9.950272050045571,9.57727397981233,9.588244511289778,8.291871068290638,21154500,8.85
8795,2015-01-29,9.566303448334883,9.741831951974055,9.533391853902536,9.708920357541707,8.396232637182456,21703400,8.7
8796,2015-01-30,9.533391853902536,9.763773014928951,9.500480259470192,9.544362385379985,8.253922902856997,19817600,8.93
8797,2015-02-02,9.590474774413988,9.787090430381474,9.503090038428438,9.754321154386892,8.43549761118259,21380800,9.11
8798,2015-02-03,9.77616733838328,9.983706086348958,9.77616733838328,9.950936810354376,8.605525368917272,18651600,9.04
8799,2015-02-04,9.907244442361602,10.027398454341732,9.874475166367022,9.874475166367022,8.539403523815405,17204500,9.2
8800,2015-02-05,9.92909062635799,10.092937006330894,9.92909062635799,10.049244638338118,8.690544163176014,14320000,9.56
8801,2015-02-06,10.366014306285734,10.606322330245995,10.311398846294765,10.44247595027309,9.030608417118975,33160300,9.36
8802,2015-02-09,10.289552662298378,10.322321938292959,10.169398650318248,10.224014110309216,8.841681525609017,18081100,9.35
8803,2015-02-10,10.278629570300186,10.344168122289348,10.125706282325472,10.213091018311022,8.832237420267381,13432100,9.32
8804,2015-02-11,10.169398650318248,10.26770647830199,10.11478319032728,10.180321742316444,8.803896365768868,16271300,9.54
8805,2015-02-12,10.278629570300186,10.475245226267669,10.213091018311022,10.4206297662767,9.0117147448897,16265400,9.52
8806,2015-02-13,10.44247595027309,10.551706870255025,10.333245030291154,10.398783582280315,8.992823257278825,10904200,9.68
8807,2015-02-17,10.366014306285734,10.573553054251411,10.311398846294765,10.573553054251411,9.143963896639427,13310400,9.51
8808,2015-02-18,10.573553054251411,10.573553054251411,10.35509121428754,10.38786049028212,8.983375875009587,11056500,9.53
8809,2015-02-19,10.35509121428754,10.44247595027309,10.224014110309216,10.409706674278507,9.002268454929663,10257900,9.66
8810,2015-02-20,10.376937398283927,10.562629962253219,10.278629570300186,10.551706870255025,9.125070224410152,10207100,9.57
8811,2015-02-23,10.475245226267669,10.518937594260445,10.35509121428754,10.453399042271283,9.040053614769812,11831900,9.67
8812,2015-02-24,10.44247595027309,10.62816851424238,10.44247595027309,10.562629962253219,9.13451760667939,12723200,9.62
8813,2015-02-25,10.573553054251411,10.573553054251411,10.464322134269477,10.50801450226225,9.087287249188401,7689700,9.62
8814,2015-02-26,10.497091410264057,10.562629962253219,10.4206297662767,10.50801450226225,9.087287249188401,10429800,9.61
8815,2015-02-27,10.475245226267669,10.551706870255025,10.453399042271283,10.497091410264057,9.077839866919163,8081200,9.7
8816,2015-03-02,10.434985282844666,10.543569937192686,10.358976024801052,10.532711471757883,9.108641103528306,7853900,9.62
8817,2015-03-03,10.445843748279467,10.510994540888278,10.369834490235855,10.445843748279467,9.033522239650345,11552600,9.55
8818,2015-03-04,10.380692955670657,10.402409886540262,10.315542163061846,10.369834490235855,8.967787261601138,7859700,9.7
8819,2015-03-05,10.369834490235855,10.543569937192686,10.261249835887835,10.532711471757883,9.108641103528306,10091400,9.76
8820,2015-03-06,10.56528686806229,10.83674850393234,10.510994540888278,10.597862264366695,9.164987852362579,20008100,9.76
8821,2015-03-09,10.554428402627488,10.706446918714715,10.543569937192686,10.597862264366695,9.164987852362579,11022200,9.55
8822,2015-03-10,10.467560679149074,10.489277610018677,10.369834490235855,10.369834490235855,8.967787261601138,16660500,9.54
8823,2015-03-11,10.348117559366251,10.413268351975063,10.315542163061846,10.358976024801052,9.005545403457578,10318600,9.89
8824,2015-03-12,10.717305384149515,10.815031573062736,10.6304376606711,10.73902231501912,9.335939188781927,32861900,9.91
8825,2015-03-13,10.706446918714715,10.815031573062736,10.652154591540706,10.760739245888725,9.354818802633417,20272500,9.88
8826,2015-03-16,10.760739245888725,10.825890038497537,10.597862264366695,10.72816384958432,9.32649883893291,13490500,9.89
8827,2015-03-17,10.68472998784511,10.760739245888725,10.554428402627488,10.73902231501912,9.335939188781927,19051900,9.69
8828,2015-03-18,10.72816384958432,10.83674850393234,10.369834490235855,10.521853006323083,9.14714413611357,30471400,9.5
8829,2015-03-19,10.510994540888278,10.532711471757883,10.0657974580614,10.315542163061846,8.967787261601138,38704300,9.64
8830,2015-03-20,10.358976024801052,10.467560679149074,10.28296676675744,10.467560679149074,9.099945644408116,26440100,9.55
8831,2015-03-23,10.445843748279467,10.500136075453478,10.28296676675744,10.369834490235855,9.014986839153137,14963400,9.43
8832,2015-03-24,10.358976024801052,10.369834490235855,10.206957508713826,10.239532905018232,8.90171024189074,16705200,9.25
8833,2015-03-25,10.239532905018232,10.239532905018232,10.033222061756994,10.044080527191797,8.73179371722733,14946300,9.31
8834,2015-03-26,10.0549389926266,10.17438211240942,9.95721280371338,10.109231319800609,8.788434730474885,19301700,9.23
8835,2015-03-27,10.141806716105014,10.152665181539815,9.968071269148183,10.022363596322192,8.712914103375839,15379500,9.34
8836,2015-03-30,10.109231319800609,10.196099043279023,10.098372854365806,10.141806716105014,8.816751436635762,11360900,9.45
8837,2015-03-31,10.087514388931003,10.261249835887835,10.033222061756994,10.261249835887835,8.920587684049144,25716100,9.46
8838,2015-04-01,10.240432334878845,10.272941643878461,10.110395098880385,10.251268771212052,8.911911247875096,19357500,9.58
8839,2015-04-02,10.305450952878076,10.446324625209744,10.20792302587923,10.381306007210513,9.024960202633993,19494400,9.55
8840,2015-04-06,10.056212917214356,10.392142443543715,10.056212917214356,10.348796698210897,8.99669769303336,14104100,9.62
8841,2015-04-07,10.33796026187769,10.511343243208973,10.327123825544485,10.424651752543332,9.062641742695446,11860600,9.63
8842,2015-04-08,10.424651752543332,10.54385255220859,10.40297887987692,10.435488188876539,9.072062940443535,19775400,9.67
8843,2015-04-09,10.435488188876539,10.52217967954218,10.370469570877308,10.478833934209359,9.10974773143589,17434000,9.59
8844,2015-04-10,10.457161061542948,10.500506806875768,10.33796026187769,10.392142443543715,9.034381400382081,17772700,9.64
8845,2015-04-13,10.381306007210513,10.489670370542562,10.370469570877308,10.446324625209744,9.081484138191625,14897000,9.54
8846,2015-04-14,10.381306007210513,10.40297887987692,10.283778080211667,10.33796026187769,8.987275411641638,20994900,9.71
8847,2015-04-15,10.348796698210897,10.565525424875,10.294614516544872,10.52217967954218,9.147427104210077,19924800,9.7
8848,2015-04-16,10.533016115875384,10.54385255220859,10.40297887987692,10.511343243208973,9.138008073749255,19136600,9.59
8849,2015-04-17,10.446324625209744,10.478833934209359,10.359633134544103,10.392142443543715,9.034381400382081,12993100,9.59
8850,2015-04-20,10.435488188876539,10.478833934209359,10.327123825544485,10.392142443543715,9.034381400382081,14857100,9.58
8851,2015-04-21,10.565525424875,10.69556266087346,10.348796698210897,10.381306007210513,9.024960202633993,30466500,9.73
8852,2015-04-22,10.305450952878076,10.565525424875,10.283778080211667,10.54385255220859,9.166267332418988,18488900,9.62
8853,2015-04-23,10.478833934209359,10.511343243208973,10.392142443543715,10.424651752543332,9.062641742695446,10795500,9.58
8854,2015-04-24,10.457161061542948,10.500506806875768,10.348796698210897,10.381306007210513,9.024960202633993,11099200,9.56
8855,2015-04-27,10.424651752543332,10.500506806875768,10.359633134544103,10.359633134544103,9.006121058068715,10873300,9.64
8856,2015-04-28,10.359633134544103,10.478833934209359,10.327123825544485,10.446324625209744,9.081484138191625,12141100,9.8
8857,2015-04-29,10.413815316210126,10.717235533539872,10.392142443543715,10.619707606541025,9.23221354936834,17493100,9.83
8858,2015-04-30,10.608871170207818,10.738908406206281,10.565525424875,10.652216915540642,9.260474975325339,22080500,9.83
8859,2015-05-01,10.630539896133387,10.684447299257796,10.511943609259689,10.598195454258741,9.21351156908812,11788000,9.98
8860,2015-05-04,10.619758415508505,10.770699144256849,10.608976934883623,10.759917663631969,9.3541042327327,12280900,9.91
8861,2015-05-05,10.71679174113244,10.932421353630074,10.684447299257796,10.684447299257796,9.288494610538047,26269500,9.92
8862,2015-05-06,10.749136183007087,10.781480624881732,10.58741397363386,10.695228779882676,9.297866951645256,14280600,9.89
8863,2015-05-07,10.65210285738315,10.738354702382205,10.544288051134332,10.662884338008032,9.269748850175564,15442400,9.93
8864,2015-05-08,10.71679174113244,10.759917663631969,10.608976934883623,10.70601026050756,9.30724144904859,20395800,10.07
8865,2015-05-11,10.727573221757321,10.867732469880785,10.695228779882676,10.856950989255905,9.43845638084565,12547900,10.17
8866,2015-05-12,10.813825066756376,11.051017640503774,10.770699144256849,10.964765795504722,9.532190573398372,21751000,10.26
8867,2015-05-13,10.943202834254958,11.0941435630033,10.867732469880785,11.061799121128656,9.616547034103574,14809700,10.19
8868,2015-05-14,11.104925043628183,11.115706524253065,10.953984314879838,10.986328756754483,9.550933099316667,14835700,9.98
8869,2015-05-15,10.997110237379365,11.02945467925401,10.71679174113244,10.759917663631969,9.3541042327327,18780000,10.21
8870,2015-05-18,10.803043586131492,11.051017640503774,10.792262105506612,11.007891718004247,9.56967993782721,14927600,10.39
8871,2015-05-19,11.040236159878893,11.223521330501882,11.02945467925401,11.201958369252118,9.738390702941487,15793800,10.26
8872,2015-05-20,11.169613927377473,11.201958369252118,11.01867319862913,11.061799121128656,9.616547034103574,9431000,10.24
8873,2015-05-21,11.01867319862913,11.126488004877947,10.975547276129602,11.040236159878893,9.597799117444964,13552200,10.22
8874,2015-05-22,11.051017640503774,11.104925043628183,11.01867319862913,11.01867319862913,9.579053357082485,6978800,10.18
8875,2015-05-26,10.975547276129602,11.007891718004247,10.900076911755429,10.975547276129602,9.541563992653645,10852900,10.28
8876,2015-05-27,11.007891718004247,11.0941435630033,10.986328756754483,11.083362082378418,9.635289560021867,8677200,10.22
8877,2015-05-28,11.072580601753538,11.104925043628183,10.921639873005194,11.01867319862913,9.579053357082485,10353300,10.09
8878,2015-05-29,11.040236159878893,11.040236159878893,10.856950989255905,10.878513950505665,9.457206453800381,12771800,9.98
8879,2015-06-01,10.894260176501648,10.926491715485378,10.700870942599252,10.722358635255073,9.32145239678928,14854400,10.13
8880,2015-06-02,10.743846327910894,10.91574786915747,10.722358635255073,10.883516330173737,9.461552152905238,14823800,10.3
8881,2015-06-03,10.926491715485378,11.119880949387774,10.883516330173737,11.066161717748221,9.620337606554699,35803900,10.22
8882,2015-06-04,11.012442486108666,11.119880949387774,10.947979408141201,10.980210947124936,9.545616304113343,15847800,10.52
8883,2015-06-05,11.184344027355241,11.409964800241369,11.184344027355241,11.302526336962261,9.825822262653055,25929000,10.43
8884,2015-06-08,11.238063258994796,11.431452492897192,11.195087873683152,11.205831720011062,9.741759185829583,15661800,10.55
8885,2015-06-09,11.227319412666885,11.431452492897192,11.16285633469942,11.334757875945995,9.853840065106983,17767400,10.65
8886,2015-06-10,11.334757875945995,11.549634802504212,11.313270183290172,11.442196339225102,10.004134657003496,14940100,10.56
8887,2015-06-11,11.431452492897192,11.485171724536745,11.291782490634349,11.345501722273905,9.919595627787695,12486700,10.58
8888,2015-06-12,11.334757875945995,11.409964800241369,11.302526336962261,11.366989414929726,9.938380168707415,9064500,10.5
8889,2015-06-15,11.227319412666885,11.345501722273905,11.195087873683152,11.28103864430644,9.86323448433611,10774100,10.6
8890,2015-06-16,11.28103864430644,11.409964800241369,11.227319412666885,11.388477107585548,9.957169007165666,8919400,10.44
8891,2015-06-17,11.420708646569283,11.474427878208836,11.184344027355241,11.216575566338973,9.80687334088452,14028900,10.5
8892,2015-06-18,11.259550951650617,11.291782490634349,11.03393017876449,11.28103864430644,9.86323448433611,16610800,10.44
8893,2015-06-19,11.227319412666885,11.291782490634349,11.173600181027332,11.216575566338973,9.80687334088452,10049200,10.61
8894,2015-06-22,11.324014029618082,11.399220953913458,11.28103864430644,11.399220953913458,9.966562352010158,9267200,10.76
8895,2015-06-23,11.474427878208836,11.624841726799588,11.431452492897192,11.560378648832122,10.107466822216077,12882600,10.67
8896,2015-06-24,11.51740326352048,11.592610187815856,11.409964800241369,11.463684031880923,10.022923495461743,9869300,10.57
8897,2015-06-25,11.50665941719257,11.52814710984839,11.270294797978528,11.356245568601816,9.928987898247554,15100400,10.53
8898,2015-06-26,11.420708646569283,11.495915570864657,11.291782490634349,11.313270183290172,9.89141237010032,14277200,10.29
8899,2015-06-29,11.141368642043597,11.259550951650617,10.990954793452845,11.05541787142031,9.665971019447866,18228000,10.36
8900,2015-06-30,11.16285633469942,11.291782490634349,11.05541787142031,11.130624795715686,9.731723358974682,12922600,10.41
8901,2015-07-01,11.248052955324445,11.312511711515414,11.162107947069815,11.183594199133474,9.778034493760842,10993200,10.27
8902,2015-07-02,11.097649190878846,11.183594199133474,10.947245426433245,11.033190434687873,9.646537556818657,12811000,10.17
8903,2015-07-06,10.861300418178617,10.979474804528733,10.818327914051304,10.925759174369588,9.552605034359365,12639600,10.04
8904,2015-07-07,10.872043544210445,10.893529796274105,10.54974976325559,10.786098535955817,9.430497589568999,20789400,9.83
8905,2015-07-08,10.700153527701191,10.71089665373302,10.54974976325559,10.560492889287419,9.233248424061612,17361900,10.0
8906,2015-07-09,10.732382905796676,10.786098535955817,10.667924149605705,10.743126031828504,9.392925654897885,14816500,10.14
8907,2015-07-10,10.904272922305932,11.011704182624216,10.829071040083132,10.893529796274105,9.524427963403086,13351700,10.2
8908,2015-07-13,11.011704182624216,11.065419812783361,10.947245426433245,10.957988552465073,9.580784253940852,13757900,10.22
8909,2015-07-14,10.818327914051304,10.99021793056056,10.796841661987647,10.979474804528733,9.599571832745312,21315800,10.31
8910,2015-07-15,11.011704182624216,11.248052955324445,10.99021793056056,11.076162938815187,9.684107342864564,26565600,10.39
8911,2015-07-16,11.194337325165302,11.237309829292617,11.1191354429425,11.162107947069815,9.759251212206793,14450100,10.12
8912,2015-07-17,11.000961056592388,11.033190434687873,10.764612283892161,10.872043544210445,9.505640384598623,26639300,10.2
8913,2015-07-20,10.957988552465073,11.000961056592388,10.83981416611496,10.957988552465073,9.580784253940852,17290200,10.41
8914,2015-07-21,11.000961056592388,11.301768585483586,11.000961056592388,11.183594199133474,9.778034493760842,25902200,10.7
8915,2015-07-22,11.140621695006159,11.656291744533926,11.140621695006159,11.495144854056498,10.05042860292306,50668500,10.62
8916,2015-07-23,11.473658601992842,11.677777996597584,11.301768585483586,11.40919984580187,9.975287956518642,25786400,10.56
8917,2015-07-24,11.387713593738214,11.441429223897357,11.301768585483586,11.3447410896109,9.918930591668271,15410600,10.41
8918,2015-07-27,11.258796081356273,11.258796081356273,11.108392316910674,11.183594199133474,9.778034493760842,18577300,10.4
8919,2015-07-28,11.226566703260787,11.312511711515414,11.043933560719701,11.172851073101643,9.768642852983817,14121000,10.52
8920,2015-07-29,11.183594199133474,11.3447410896109,11.1191354429425,11.301768585483586,9.881360805622364,15971900,10.57
8921,2015-07-30,11.291025459451758,11.387713593738214,11.237309829292617,11.35548421564273,9.928322232445295,11128500,10.39
8922,2015-07-31,11.333997963579073,11.3447410896109,11.151364821037989,11.162107947069815,9.759251212206793,11300700,10.37
8923,2015-08-03,11.188697359807989,11.253247536883805,11.048838642810388,11.15642227127008,9.754278386537205,14982800,10.37
8924,2015-08-04,11.15642227127008,11.328556076805587,11.14566390842411,11.15642227127008,9.754278386537205,13652900,10.48
8925,2015-08-05,11.242489174037832,11.446898068111249,11.210214085499926,11.274764262575742,9.857746941208314,12096000,10.57
8926,2015-08-06,11.328556076805587,11.479173156649157,11.285522625421711,11.371589528189464,9.94240342260696,20280800,10.62
8927,2015-08-07,11.339314439651556,11.532964970879002,11.285522625421711,11.42538134241931,9.989435757460685,26399300,10.8
8928,2015-08-10,11.511448245187063,11.629790236492727,11.446898068111249,11.619031873646758,10.158747644421695,12584800,10.58
8929,2015-08-11,11.500689882341094,11.543723333724973,11.317797713959619,11.382347891035433,9.951808383406906,12792600,10.35
8930,2015-08-12,11.264005899729773,11.274764262575742,10.962771740042633,11.13490554557814,9.735467389101025,16591800,10.41
8931,2015-08-13,11.199455722653957,11.285522625421711,11.113388819886204,11.199455722653957,9.791902533082126,13293400,10.55
8932,2015-08-14,11.220972448345895,11.371589528189464,11.15642227127008,11.350072802497527,9.923591349334497,11154900,10.55
8933,2015-08-17,11.231730811191863,11.414622979573341,11.16718063411605,11.350072802497527,9.923591349334497,13069800,10.5
8934,2015-08-18,11.328556076805587,11.403864616727372,11.253247536883805,11.296280988267679,9.876561166153346,10898700,10.25
8935,2015-08-19,11.253247536883805,11.296280988267679,11.00580519142651,11.02732191711845,9.641404871066149,29846100,9.93
8936,2015-08-20,10.930496651504725,10.973530102888603,10.683054306047435,10.683054306047435,9.340405243689053,19190600,9.67
8937,2015-08-21,10.564712314741772,10.650779217509529,10.381820146360297,10.403336872052234,9.095843987801912,19259700,8.98
8938,2015-08-24,9.800868552677958,10.005277446751375,9.62873474714245,9.661009835680359,8.446812398193995,38293000,8.77
8939,2015-08-25,10.166652889440911,10.220444703670758,9.424325853069035,9.435084215915005,8.249280249651722,29720700,9.25
8940,2015-08-26,9.768593464140052,9.973002358213465,9.607218021450512,9.951485632521527,8.700778614881083,22494200,9.56
8941,2015-08-27,10.112861075211066,10.317269969284482,10.05906926098122,10.284994880746574,8.992374357294517,24075600,9.62
8942,2015-08-28,10.231203066516727,10.371061783514328,10.19892797797882,10.349545057822388,9.048809501275617,13097300,9.59
8943,2015-08-31,10.241961429362696,10.371061783514328,10.19892797797882,10.317269969284482,9.020593543039494,13324600,9.21
8944,2015-09-01,10.07475319926874,10.150179159049362,9.826925045703838,9.923901279707497,8.676662996343694,19585200,9.34
8945,2015-09-02,10.07475319926874,10.096303473491773,9.837700182815357,10.063978062157222,8.7991332047532,12069200,9.43
8946,2015-09-03,10.096303473491773,10.333356489945157,10.03165265082267,10.16095429616088,8.883922758683731,13322100,9.26
8947,2015-09-04,10.07475319926874,10.128628884826327,9.87002559414991,9.977776965265083,8.72376543071298,12480500,9.52
8948,2015-09-08,10.204054844606947,10.279480804387568,10.085528336380255,10.257930530164534,8.968710157586838,10022400,9.34
8949,2015-09-09,10.365681901279707,10.408782449725779,10.03165265082267,10.063978062157222,8.854943027422303,10729200,9.52
8950,2015-09-10,10.010102376599633,10.32258135283364,10.010102376599633,10.257930530164534,9.025595338939672,16330900,9.51
8951,2015-09-11,10.16095429616088,10.26870566727605,10.128628884826327,10.247155393053017,9.016114295795248,12928100,9.59
8952,2015-09-14,10.204054844606947,10.451882998171845,10.171729433272395,10.333356489945157,9.091959408409506,17577000,9.73
8953,2015-09-15,10.408782449725779,10.527308957952467,10.387232175502744,10.4842084095064,9.224687547349179,16306500,9.57
8954,2015-09-16,10.473433272394882,10.473433272394882,10.16095429616088,10.311806215722122,9.07299624460695,17332100,9.29
8955,2015-09-17,10.290255941499087,10.376457038391226,9.945451553930532,10.010102376599633,8.807539966727605,35232500,8.94
8956,2015-09-18,9.87002559414991,9.891575868372945,9.611422303473493,9.632972577696528,8.47571423180987,28374200,9.09
8957,2015-09-21,9.729948811700183,9.902351005484462,9.708398537477148,9.794599634369288,8.6179266464351,15484000,8.92
8958,2015-09-22,9.62219744058501,9.762274223034735,9.546771480804388,9.611422303473493,8.456755378062159,14478600,8.95
8959,2015-09-23,9.568321755027423,9.762274223034735,9.568321755027423,9.643747714808045,8.485196352468009,10734500,8.92
8960,2015-09-24,9.503670932358318,9.632972577696528,9.460570383912248,9.611422303473493,8.456755378062159,10548000,9.08
8961,2015-09-25,9.78382449725777,9.848475319926875,9.719173674588665,9.78382449725777,8.608446680804388,12336900,8.8
8962,2015-09-28,9.740723948811699,9.751499085923218,9.482120658135283,9.482120658135283,8.342988247897624,13023600,8.83
8963,2015-09-29,9.4928957952468,9.589872029250458,9.41746983546618,9.514446069469836,8.371428144789762,12504800,9.01
8964,2015-09-30,9.740723948811699,9.762274223034735,9.568321755027423,9.708398537477148,8.542082611334553,14803000,9.03
8965,2015-10-01,9.712766210613948,9.777446118786738,9.594186378963833,9.734326180004876,8.564894036268386,14611900,8.91
8966,2015-10-02,9.443266593227323,9.6049663636593,9.206106929927094,9.6049663636593,8.45107356786132,21449300,9.04
8967,2015-10-05,9.680426256527552,9.809786072873132,9.626526333050228,9.745106164700342,8.574377188804984,18751500,9.09
8968,2015-10-06,9.723546195309412,9.842126026959528,9.691206241223018,9.799006088177668,8.621803731472685,13598800,9.21
8969,2015-10-07,9.863685996350458,10.003825797391501,9.799006088177668,9.928365904523249,8.73562312188128,15413300,9.26
8970,2015-10-08,9.885245965741387,10.014605782086965,9.809786072873132,9.982265828000573,8.783045352555101,15348100,9.09
8971,2015-10-09,9.949925873914179,10.036165751477897,9.745106164700342,9.799006088177668,8.621803731472685,11229000,9.08
8972,2015-10-12,9.766666134091274,9.83134604226406,9.723546195309412,9.788226103482204,8.612319500937613,10553200,8.98
8973,2015-10-13,9.766666134091274,9.820566057568598,9.680426256527552,9.680426256527552,8.517469649597626,12389500,8.82
8974,2015-10-14,9.691206241223018,9.712766210613948,9.432486608531859,9.507946501400115,8.36570902505487,15899100,9.08
8975,2015-10-15,9.594186378963833,9.809786072873132,9.529506470791043,9.788226103482204,8.612319500937613,17701200,9.02
8976,2015-10-16,9.842126026959528,9.863685996350458,9.658866287136625,9.723546195309412,8.555409805733314,15726200,8.94
8977,2015-10-19,9.712766210613948,9.83134604226406,9.626526333050228,9.637306317745693,8.479527337464997,12407300,9.21
8978,2015-10-20,9.809786072873132,10.025385766782433,9.723546195309412,9.928365904523249,8.73562312188128,25254500,9.03
8979,2015-10-21,9.874465981045923,9.982265828000573,9.723546195309412,9.734326180004876,8.564894036268386,16303400,9.21
8980,2015-10-22,9.799006088177668,10.025385766782433,9.799006088177668,9.928365904523249,8.73562312188128,17742800,9.45
8981,2015-10-23,10.003825797391501,10.197865521909872,9.949925873914179,10.187085537214406,8.963260824700006,16672300,9.32
8982,2015-10-26,10.187085537214406,10.230205475996268,10.003825797391501,10.046945736173363,8.8399550477594,9041100,9.24
8983,2015-10-27,9.982265828000573,10.036165751477897,9.874465981045923,9.960705858609643,8.76407689148496,9075000,9.66
8984,2015-10-28,9.982265828000573,10.445805169905567,9.960705858609643,10.413465215819173,9.162445835913521,17966500,9.64
8985,2015-10-29,10.424245200514637,10.521265062773821,10.37034527703731,10.391905246428243,9.143475218846442,14713000,9.35
8986,2015-10-30,10.37034527703731,10.424245200514637,9.960705858609643,10.079285690259757,8.868409895361548,23278600,9.58
8987,2015-11-02,10.19782991202346,10.370674486803521,10.13301319648094,10.349068914956012,9.105786005498535,13042800,9.54
8988,2015-11-03,10.316660557184752,10.413885630498536,10.262646627565983,10.305857771260998,9.067761279325515,11121000,9.59
8989,2015-11-04,10.349068914956012,10.413885630498536,10.295054985337243,10.359871700879767,9.11528921627566,11767200,9.73
8990,2015-11-05,10.370674486803521,10.586730205278595,10.349068914956012,10.511110703812319,9.248357933284458,20710000,10.13
8991,2015-11-06,10.81358870967742,11.029644428152494,10.81358870967742,10.943222140762465,9.628556582478007,23751000,9.99
8992,2015-11-09,10.889208211143696,11.01884164222874,10.694758064516131,10.791983137829913,9.495485704912024,17932200,10.07
8993,2015-11-10,10.78118035190616,10.921616568914956,10.651546920821115,10.878405425219944,9.57152867558651,14183200,9.95
8994,2015-11-11,10.921616568914956,10.986433284457478,10.737969208211146,10.748771994134897,9.457467460410557,12101900,9.8
8995,2015-11-12,10.662349706744868,10.694758064516131,10.565124633431084,10.586730205278595,9.314895532624636,15262600,9.71
8996,2015-11-13,10.575927419354839,10.619138563049853,10.446293988269796,10.489505131964812,9.229348270894427,13141100,9.81
8997,2015-11-16,10.435491202346043,10.6083357771261,10.392280058651027,10.597532991202348,9.324399823680352,12428600,9.87
8998,2015-11-17,10.662349706744868,10.81358870967742,10.640744134897362,10.662349706744868,9.381427730571849,13332400,10.09
8999,2015-11-18,10.694758064516131,10.900010997067449,10.629941348973608,10.900010997067449,9.590539418255132,19338300,10.14
9000,2015-11-19,10.835194281524927,11.040447214076249,10.6083357771261,10.954024926686218,9.638065194648094,32049300,10.08
9001,2015-11-20,11.029644428152494,11.051250000000001,10.835194281524927,10.889208211143696,9.581034046920822,15200100,10.08
9002,2015-11-23,10.921616568914956,11.008038856304987,10.856799853372436,10.889208211143696,9.581034046920822,10235900,10.13
9003,2015-11-24,10.81358870967742,10.986433284457478,10.791983137829913,10.943222140762465,9.628556582478007,13836300,10.09
9004,2015-11-25,10.954024926686218,11.01884164222874,10.84599706744868,10.900010997067449,9.590539418255132,8577300,10.17
9005,2015-11-27,10.900010997067449,10.997236070381232,10.81358870967742,10.986433284457478,9.666578067815252,5136000,10.14
9006,2015-11-30,10.986433284457478,11.01884164222874,10.867602639296189,10.954024926686218,9.638065194648094,11749400,10.25
9007,2015-12-01,11.067463016594441,11.143341803192051,10.969904576683225,11.110822323221647,9.77602558039108,14012700,10.1
9008,2015-12-02,11.143341803192051,11.143341803192051,10.92654527005602,10.948224923369622,9.632962632157279,13473200,9.97
9009,2015-12-03,11.00242405665363,11.024103709967234,10.763947870203994,10.807307176831202,9.508971274943454,15801600,10.26
9010,2015-12-04,10.839826656801606,11.143341803192051,10.742268216890393,11.12166214987845,9.785563543866399,19157400,10.03
9011,2015-12-07,11.067463016594441,11.089142669908044,10.818147003488003,10.872346136772011,9.566197971812706,15003200,9.64
9012,2015-12-08,10.774787696860797,10.807307176831202,10.406233590529542,10.44959289715675,9.194232572032554,24117700,9.45
9013,2015-12-09,10.362874283902336,10.471272550470353,10.124398097452701,10.243636190677519,9.069466167212768,25877300,9.61
9014,2015-12-10,10.243636190677519,10.557991163724765,10.156917577423105,10.417073417186343,9.223022067650355,16280900,9.37
9015,2015-12-11,10.232796364020716,10.297835323961527,10.081038790825495,10.156917577423105,8.992688758985308,17851200,9.36
9016,2015-12-14,10.265315843991123,10.31951497727513,9.972640524257477,10.146077750766304,8.983089008498045,20950400,9.77
9017,2015-12-15,10.31951497727513,10.688069083606385,10.30867515061833,10.59051064369517,9.376581220035938,21971900,9.94
9018,2015-12-16,10.688069083606385,10.818147003488003,10.44959289715675,10.774787696860797,9.539732535030124,30767500,9.73
9019,2015-12-17,10.818147003488003,10.861506310115209,10.547151337067964,10.547151337067964,9.338189805965543,21232800,9.35
9020,2015-12-18,10.31951497727513,10.417073417186343,10.091878617482296,10.135237924109502,8.973493593941445,55937800,9.39
9021,2015-12-21,10.17859723073671,10.211116710707113,10.026839657541485,10.17859723073671,9.011881756063842,14228300,9.5
9022,2015-12-22,10.286995497304726,10.30867515061833,10.081038790825495,10.297835323961527,9.117450827874432,13100700,9.69
9023,2015-12-23,10.373714110559137,10.514631857097557,10.33035480393193,10.503792030440756,9.299803811808477,10672100,9.71
9024,2015-12-24,10.492952203783954,10.60135047035197,10.471272550470353,10.525471683754361,9.31899680888701,3692400,9.63
9025,2015-12-28,10.471272550470353,10.492952203783954,10.276155670647924,10.438753070499947,9.242218316676883,8696100,9.76
9026,2015-12-29,10.514631857097557,10.612190297008773,10.492952203783954,10.579670817038368,9.366982553531338,8090500,9.65
9027,2015-12-30,10.557991163724765,10.557991163724765,10.417073417186343,10.46043272381355,9.261413481720748,6842700,9.6
9028,2015-12-31,10.384553937215939,10.547151337067964,10.341194630588731,10.406233590529542,9.213427737076419,9616300,9.44
9029,2016-01-04,10.1185109912374,10.259196170794713,10.064401306792282,10.215908423238616,9.044917495580712,17834000,9.42
9030,2016-01-05,10.22673036012764,10.291661981461784,10.096867117459354,10.19426454946057,9.025755091931318,16058300,9.26
9031,2016-01-06,10.021113559236186,10.107689054348377,9.934538064123993,10.021113559236186,8.872450451767715,17107900,8.96
9032,2016-01-07,9.793852884566682,9.92371612723497,9.696455452565468,9.696455452565468,8.585006821670973,27113600,8.76
9033,2016-01-08,9.783030947677657,9.847962569011802,9.447550904117916,9.480016714784988,8.393377374208582,23234600,8.68
9034,2016-01-11,9.566592209897179,9.631523831231323,9.274399913893532,9.393441219672795,8.316723430836246,19568600,8.74
9035,2016-01-12,9.501660588563034,9.54494833611913,9.22029022944841,9.45837284100694,8.374212806171808,18781200,8.33
9036,2016-01-13,9.534126399230107,9.555770273008156,8.960563744111838,9.014673428556959,7.981373250519171,27971600,8.36
9037,2016-01-14,9.068783113002077,9.177002481892316,8.841522438332575,9.047139239224029,8.01011739709011,43913000,8.2
9038,2016-01-15,7.7701506863192025,8.938919870333791,7.661931317428963,8.873988248999646,7.856812756926506,37304300,8.08
9039,2016-01-19,8.99302955477891,9.090426986780125,8.657549511219168,8.744125006331359,7.741835088449072,29177900,7.9
9040,2016-01-20,8.506042394772832,8.69001532188624,8.224672035658209,8.549330142328929,7.569368044636074,34519400,7.83
9041,2016-01-21,8.506042394772832,8.744125006331359,8.419466899660641,8.47357658410576,7.50229692637897,31909000,7.93
9042,2016-01-22,8.614261763663071,8.765768880109407,8.560152079217952,8.581795952996,7.598113273400698,17985400,7.57
9043,2016-01-25,8.516864331661855,8.560152079217952,8.17056235121309,8.192206224991137,7.253180267968394,18528400,7.82
9044,2016-01-26,8.25713784632528,8.581795952996,8.25713784632528,8.462754647216736,7.492716265651117,22821100,7.95
9045,2016-01-27,8.45193271032771,8.852344375221598,8.387001088993568,8.603439826774048,7.6172756770500945,28181600,8.01
9046,2016-01-28,8.744125006331359,8.938919870333791,8.63590563744112,8.668371448108191,7.674765052385655,29478000,8.12
9047,2016-01-29,8.679193384997214,8.819878564554527,8.614261763663071,8.787412753887454,7.780162060135238,26117500,7.94
9048,2016-02-01,8.79099902577274,8.81262509963688,8.520673102470994,8.585551324063415,7.6014384507129575,24594000,7.63
9049,2016-02-02,8.412542733150298,8.412542733150298,8.174655920644762,8.250347179169252,7.304655188645824,27109100,7.82
9050,2016-02-03,8.32603843769374,8.509860065538925,7.936769108139226,8.455794880878576,7.486554258524488,34311700,7.9
9051,2016-02-04,8.390916659286157,8.75855991497653,8.36929058542202,8.542299176335135,7.56314299911434,22205200,7.8
9052,2016-02-05,8.596364360995484,8.704494730316181,8.412542733150298,8.434168807014437,7.4674086953325665,20024500,7.53
9053,2016-02-08,8.29359932689753,8.3044123638296,7.969208218935436,8.142216809848552,7.208920884864051,26654500,7.65
9054,2016-02-09,7.969208218935436,8.32603843769374,7.936769108139226,8.271973253033389,7.323803995748827,26030000,7.51
9055,2016-02-10,8.32603843769374,8.423355770082367,8.120590735984413,8.120590735984413,7.189772077761049,23601200,7.08
9056,2016-02-11,7.839451775750598,7.893516960410947,7.569125852448854,7.655630147905412,6.778107867416527,28325600,7.6
9057,2016-02-12,7.828638738818529,8.250347179169252,7.807012664954389,8.217908068373042,7.275935762554248,32594900,7.84
9058,2016-02-16,8.390916659286157,8.574738287131343,8.23953414223718,8.477420954742716,7.505701984323799,24383700,7.82
9059,2016-02-17,8.585551324063415,8.672055619519972,8.390916659286157,8.455794880878576,7.486554258524488,20674900,7.62
9060,2016-02-18,8.542299176335135,8.542299176335135,8.120590735984413,8.23953414223718,7.295083488353556,24287600,7.65
9061,2016-02-19,8.20709503144097,8.380103622354088,8.098964662120274,8.271973253033389,7.323803995748827,19930100,7.9
9062,2016-02-22,8.423355770082367,8.553112213267205,8.401729696218228,8.542299176335135,7.56314299911434,16755900,7.57
9063,2016-02-23,8.499047028606856,8.542299176335135,8.109777699052342,8.185468957576832,7.247215255158977,19334700,7.42
9064,2016-02-24,8.001647329731645,8.055712514391995,7.796199628022319,8.023273403595784,7.103610555575237,22039600,7.51
9065,2016-02-25,8.034086440527854,8.163842883712691,7.947582145071296,8.120590735984413,7.189772077761049,15091200,7.75
9066,2016-02-26,8.26116021610132,8.509860065538925,8.174655920644762,8.380103622354088,7.419539380834292,19076300,7.52
9067,2016-02-29,8.33685147462581,8.36929058542202,8.131403772916482,8.131403772916482,7.19934810326809,17443400,7.98
9068,2016-03-01,8.193440150840711,8.602573824601482,8.171906799590143,8.591807148976198,7.606977176196394,17608800,8.12
9069,2016-03-02,8.613340500226764,8.796373985856583,8.570273797725632,8.742540607730167,7.740433350574471,16713300,8.28
9070,2016-03-03,8.731773932104883,8.93634076898527,8.699473905229032,8.914807417734702,7.892955154149798,20972500,8.39
9071,2016-03-04,9.011707498362252,9.227041010867921,8.925574093359986,9.03324084961282,7.997812884731998,26469200,8.38
9072,2016-03-07,8.904040742109418,9.076307552113953,8.882507390858851,9.022474173987538,7.988278993465808,14909500,8.05
9073,2016-03-08,8.904040742109418,8.93634076898527,8.559507122100348,8.667173878353184,7.673705801719215,29012400,7.87
9074,2016-03-09,8.710240580854316,8.742540607730167,8.430307014596947,8.473373717098081,7.558456075823494,22307700,7.97
9075,2016-03-10,8.613340500226764,8.710240580854316,8.419540338971663,8.581040473350916,7.654496975736146,23258000,8.24
9076,2016-03-11,8.688707229603748,8.893274066484135,8.667173878353184,8.871740715233567,7.913806974833285,14643700,8.21
9077,2016-03-14,8.871740715233567,8.914807417734702,8.721007256479599,8.839440688357719,7.884995350860027,16257400,8.11
9078,2016-03-15,8.753307283355452,8.753307283355452,8.624107175852048,8.731773932104883,7.788953374279812,13348000,8.02
9079,2016-03-16,8.753307283355452,8.914807417734702,8.50567374397393,8.634873851477332,7.70251634902491,19985800,8.12
9080,2016-03-17,8.602573824601482,8.753307283355452,8.419540338971663,8.742540607730167,7.79855940227269,17728900,8.23
9081,2016-03-18,8.839440688357719,8.957874120235836,8.721007256479599,8.860974039608285,7.904204176843097,30536600,8.21
9082,2016-03-21,8.860974039608285,8.979407471486402,8.731773932104883,8.839440688357719,7.884995350860027,15639300,8.18
9083,2016-03-22,8.677940553978466,8.882507390858851,8.656407202727898,8.807140661481867,7.856183726886769,15599600,8.08
9084,2016-03-23,8.774840634606017,8.807140661481867,8.677940553978466,8.699473905229032,7.760142826974116,13052100,8.06
9085,2016-03-24,8.634873851477332,8.688707229603748,8.419540338971663,8.677940553978466,7.74093507765861,11387600,8.05
9086,2016-03-28,8.699473905229032,8.742540607730167,8.570273797725632,8.667173878353184,7.731330126333296,9218000,7.9
9087,2016-03-29,8.559507122100348,8.559507122100348,8.344173609594678,8.50567374397393,7.587267699796751,22268000,7.9
9088,2016-03-30,8.548740446475065,8.677940553978466,8.462607041472797,8.50567374397393,7.587267699796751,17122400,7.85
9089,2016-03-31,8.462607041472797,8.559507122100348,8.387240312095813,8.451840365847513,7.539246173172861,15297600,7.89
9090,2016-04-01,8.358379343060507,8.454822181634281,8.219073020676166,8.454822181634281,7.541906059152977,15285100,7.87
9091,2016-04-04,8.433390439729,8.540549149255416,8.358379343060507,8.433390439729,7.522790016960559,12083400,7.66
9092,2016-04-05,8.31551585924994,8.379811084965791,8.208357149723525,8.208357149723525,7.322053892753102,14743300,7.81
9093,2016-04-06,8.219073020676166,8.379811084965791,8.154777794960316,8.36909521401315,7.46543653244783,19375600,7.6
9094,2016-04-07,8.229788891628807,8.31551585924994,8.069050827339183,8.144061924007673,7.26470147982747,16828900,7.67
9095,2016-04-08,8.261936504486732,8.36909521401315,8.1762095368656,8.219073020676166,7.331612449642858,18383500,7.76
9096,2016-04-11,8.251220633534091,8.44410631068164,8.229788891628807,8.31551585924994,7.4176437479990485,23200300,7.97
9097,2016-04-12,8.390526955918434,8.57269676211334,8.347663472107866,8.540549149255416,7.6183777290323125,15865800,8.4
9098,2016-04-13,8.636991987829193,9.033479213076932,8.615560245923906,9.00133160021901,8.029406391162789,32141600,8.48
9099,2016-04-14,8.990615729266366,9.247796632129768,8.958468116408442,9.087058567840142,8.105874846280841,35699700,8.74
9100,2016-04-15,9.526409276898452,9.537125147851093,9.162069664508634,9.365671212608826,8.354404826524172,42654700,8.76
9101,2016-04-18,9.279944244987693,9.472829922135242,9.183501406413916,9.38710295451411,8.373526226652066,19793300,8.98
9102,2016-04-19,9.515693405945811,9.64428385737751,9.419250567372032,9.622852115472226,8.583818764575087,27380400,9.16
9103,2016-04-20,9.64428385737751,9.847885405477701,9.5907045026143,9.815737792619776,8.75587600335199,28551200,9.17
9104,2016-04-21,9.869317147382985,9.922896502146191,9.772874308809207,9.826453663572417,8.765434560241745,17329000,9.34
9105,2016-04-22,9.858601276430342,10.09435043738846,9.826453663572417,10.008623469767326,8.92793538530308,22043700,9.3
9106,2016-04-25,9.944328244051476,10.019339340719966,9.826453663572417,9.96575998595676,8.889700086156958,16553800,9.4
9107,2016-04-26,9.96575998595676,10.105066308341101,9.890748889288268,10.072918695483175,8.985286726641618,17023300,9.59
9108,2016-04-27,10.08363456643582,10.319383727393936,10.008623469767326,10.276520243583368,9.166906808656655,31436800,9.42
9109,2016-04-28,10.147929792151668,10.308667856441291,10.051486953577893,10.09435043738846,9.004407055182416,21401200,9.38
9110,2016-04-29,10.051486953577893,10.126498050246383,9.922896502146191,10.051486953577893,8.966169612862105,23878100,9.45
9111,2016-05-02,10.08569344250694,10.1177115169276,9.90425768745655,10.08569344250694,8.996682955350934,18427900,9.24
9112,2016-05-03,9.925603070403657,9.94694845335076,9.71214924093261,9.861566921562343,8.796757829591764,23707300,9.04
9113,2016-05-04,9.701476549459057,9.84022153861524,9.520040794408667,9.648113092091295,8.606350610088707,25300200,9.04
9114,2016-05-05,9.701476549459057,9.765512698300371,9.584076943249983,9.648113092091295,8.606350610088707,16834400,9.08
9115,2016-05-06,9.552058868829324,9.701476549459057,9.520040794408667,9.690803857985506,8.644432907804637,20046400,9.05
9116,2016-05-09,9.669458475038402,9.75484000682682,9.584076943249983,9.658785783564849,8.615871718152261,13770900,9.23
9117,2016-05-10,9.71214924093261,9.882912304509446,9.690803857985506,9.850894230088791,8.787236721528208,13378600,9.22
9118,2016-05-11,9.797530772721029,10.021657293665628,9.797530772721029,9.84022153861524,8.7777166807338,14905100,9.13
9119,2016-05-12,9.893584995982998,9.98963921924497,9.669458475038402,9.744167315353268,8.692032044507533,17652700,8.99
9120,2016-05-13,9.744167315353268,9.882912304509446,9.488022719988011,9.594749634723534,8.558751473385811,16600700,9.05
9121,2016-05-16,9.541386177355772,9.701476549459057,9.520040794408667,9.658785783564849,8.615871718152261,12127300,9.17
9122,2016-05-17,9.616095017670638,9.936275761877209,9.552058868829324,9.786858081247477,8.730114342223462,26396900,9.64
9123,2016-05-18,9.765512698300371,10.30981996345154,9.75484000682682,10.288474580504436,9.177570134059584,36225600,9.47
9124,2016-05-19,10.160402282821808,10.352510729345747,9.968293836297866,10.107038825454046,9.015725171478048,19345700,9.51
9125,2016-05-20,10.160402282821808,10.267129197557331,10.08569344250694,10.149729591348255,9.053805334655683,14869000,9.47
9126,2016-05-23,10.128384208401151,10.203093048716017,9.98963921924497,10.107038825454046,9.015725171478048,14037600,9.65
9127,2016-05-24,10.17107497429536,10.331165346398643,10.160402282821808,10.299147271977988,9.187090174853996,14450000,9.85
9128,2016-05-25,10.384528803766406,10.565964558816797,10.373856112292854,10.512601101449034,9.377494192549609,17412600,9.73
9129,2016-05-26,10.512601101449034,10.523273792922586,10.331165346398643,10.384528803766406,9.263250501209262,13385400,9.87
9130,2016-05-27,10.459237644081274,10.533946484396138,10.363183420819302,10.533946484396138,9.39653640867672,13114800,9.83
9131,2016-05-31,10.565964558816797,10.662018782078768,10.427219569660615,10.491255718501929,9.358456245499086,24980000,9.93
9132,2016-06-01,10.286707341360398,10.595202184069242,10.2122430689824,10.56328892447867,9.422711154262338,20315400,10.0
9133,2016-06-02,10.510100158494389,10.637753196856666,10.446273639313247,10.637753196856666,9.489133285223511,11752800,9.73
9134,2016-06-03,10.329258354147823,10.393084873328963,10.105865537013834,10.350533860541537,9.232926190803177,20465100,9.95
9135,2016-06-06,10.446273639313247,10.637753196856666,10.393084873328963,10.584564430872382,9.44168890596553,14497500,9.83
9136,2016-06-07,10.584564430872382,10.605839937266097,10.446273639313247,10.456911392510104,9.327820268195735,12400100,9.82
9137,2016-06-08,10.382447120132106,10.510100158494389,10.371809366935251,10.446273639313247,9.380356939909051,16659900,9.7
9138,2016-06-09,10.329258354147823,10.350533860541537,10.148416549801258,10.318620600950965,9.265728766561004,13663200,9.52
9139,2016-06-10,10.137778796604403,10.159054302998117,10.05267677102955,10.127141043407546,9.09378863408957,16682700,9.36
9140,2016-06-13,10.063314524226406,10.18032980939183,9.95693699225784,9.95693699225784,8.940949651258412,17829600,9.09
9141,2016-06-14,9.903748226273558,10.02076351143898,9.595253383564714,9.66971765594271,8.683039452551261,20246500,9.1
9142,2016-06-15,9.733544175123852,9.95693699225784,9.63780439635214,9.680355409139567,8.692592154922039,29858700,8.97
9143,2016-06-16,9.584615630367857,9.616528889958426,9.350585060037009,9.54206461758043,8.568411279203215,44564800,9.09
9144,2016-06-17,9.54206461758043,9.712268668730138,9.520789111186716,9.66971765594271,8.683039452551261,20699000,9.17
9145,2016-06-20,9.903748226273558,10.010125758242124,9.744181928320707,9.754819681517564,8.75945788019152,12534900,9.17
9146,2016-06-21,9.786732941108133,9.839921707092417,9.63780439635214,9.754819681517564,8.75945788019152,13159200,9.12
9147,2016-06-22,9.776095187911276,9.903748226273558,9.690993162336422,9.70163091553328,8.711695432112954,14676100,9.45
9148,2016-06-23,9.850559460289274,10.05267677102955,9.82928395389556,10.05267677102955,9.02692184504477,12912800,8.53
9149,2016-06-24,9.456962592005576,9.573977877171,9.06336572372188,9.074003476918737,8.148110459069448,31847600,7.91
9150,2016-06-27,8.90379942576903,8.90379942576903,8.361274012729341,8.414462778713624,7.555867378913608,30320400,8.23
9151,2016-06-28,8.659131102241327,8.786784140603608,8.52084031068219,8.754870881013037,7.861541089474645,26919000,8.42
9152,2016-06-29,8.77614638740675,8.96762594495017,8.74423312781618,8.956988191753315,8.043032860541537,20291700,8.51
9153,2016-06-30,9.03145246413131,9.052727970525023,8.871886166178461,9.052727970525023,8.129007181878531,26525500,8.36
9154,2016-07-01,8.992815299965093,9.046090272121283,8.832990383496517,8.907575344515186,7.9986627650522815,15101200,8.02
9155,2016-07-05,8.779715411340327,8.790370405771565,8.481375567265655,8.545305533853083,7.673359392069918,17939400,8.19
9156,2016-07-06,8.470720572834418,8.737095433615375,8.310895656365844,8.726440439184136,7.836012144060542,26737200,8.25
9157,2016-07-07,8.715785444752898,8.95019532224014,8.70513045032166,8.790370405771565,7.893418057557724,21554000,8.44
9158,2016-07-08,8.939540327808901,9.088710249846235,8.918230338946424,8.992815299965093,8.075205048547966,23632600,8.57
9159,2016-07-11,9.099365244277474,9.195260194158621,9.056745266552522,9.13133022757119,8.199589322539357,18732000,8.83
9160,2016-07-12,9.248535166314811,9.440325066077099,9.248535166314811,9.408360082783384,8.448351477525476,21033400,8.86
9161,2016-07-13,9.37639509948967,9.450980060508337,9.301810138471003,9.440325066077099,8.477054967023788,18219500,9.08
9162,2016-07-14,9.653424954701865,9.717354921289294,9.600149982545672,9.67473494356434,8.687543316513457,20403000,9.12
9163,2016-07-15,9.728009915720532,9.781284887876724,9.61080497697691,9.717354921289294,8.725814991011022,21362600,9.16
9164,2016-07-18,9.717354921289294,9.845214854464155,9.685389937995579,9.759974899014248,8.764083469010256,21831200,8.88
9165,2016-07-19,9.589494988114435,9.696044932426817,9.42967007164586,9.461635054939576,8.496190271522847,33691900,8.92
9166,2016-07-20,9.514910027095768,9.557530004820721,9.37639509948967,9.50425503266453,8.534460880520971,26129500,8.94
9167,2016-07-21,9.536220015958243,9.685389937995579,9.493600038233291,9.525565021527004,8.553596185020032,21061300,9.03
9168,2016-07-22,9.525565021527004,9.685389937995579,9.493600038233291,9.621459971408148,8.639705588015525,19156900,8.97
9169,2016-07-25,9.600149982545672,9.642769960270627,9.536220015958243,9.557530004820721,8.5822986090189,11725200,9.15
9170,2016-07-26,9.56818499925196,9.770629893445486,9.536220015958243,9.74931990458301,8.754518480509335,20471100,9.1
9171,2016-07-27,9.781284887876724,9.898489826620343,9.642769960270627,9.696044932426817,8.706680752011405,23562400,9.16
9172,2016-07-28,9.653424954701865,9.791939882307961,9.589494988114435,9.759974899014248,8.764083469010256,13576500,9.17
9173,2016-07-29,9.696044932426817,9.930454809914059,9.696044932426817,9.770629893445486,8.773654850507837,28556900,9.02
9174,2016-08-01,9.804245357049439,9.836181009678263,9.580695788647658,9.601986223733542,8.622219562472752,19576500,8.9
9175,2016-08-02,9.5913410061906,9.623276658819425,9.389081872874705,9.474243613218242,8.507512020838783,20249300,9.04
9176,2016-08-03,9.484888830761182,9.69779318162002,9.452953178132358,9.623276658819425,8.641337308658121,18022500,9.04
9177,2016-08-04,9.644567093905309,9.69779318162002,9.601986223733542,9.623276658819425,8.641337308658121,12049600,9.39
9178,2016-08-05,9.81489057459238,10.05973057808004,9.793600139506495,9.995859272822392,8.975901592728224,16707600,9.39
9179,2016-08-08,10.006504490365334,10.070375795622985,9.963923620193565,9.995859272822392,8.975901592728224,11365200,9.37
9180,2016-08-09,10.006504490365334,10.070375795622985,9.953278402650623,9.974568837736507,8.956781717499345,10501300,9.26
9181,2016-08-10,9.974568837736507,9.995859272822392,9.836181009678263,9.857471444764146,8.851635710262444,18159000,9.3
9182,2016-08-11,9.857471444764146,9.942633185107683,9.81489057459238,9.900052314935914,8.889872267154939,11666400,9.23
9183,2016-08-12,9.804245357049439,9.825535792135321,9.729728834248846,9.825535792135321,8.82295749420176,9984200,9.56
9184,2016-08-15,9.88940709739297,10.198118406138287,9.878761879850028,10.1768279710524,9.138405096608247,18672200,9.54
9185,2016-08-16,10.11295666579475,10.240699276310053,10.05973057808004,10.155537535966516,9.119286285901126,17488000,9.55
9186,2016-08-17,10.144892318423574,10.198118406138287,10.10231144825181,10.16618275350946,9.128847820298194,16724800,9.63
9187,2016-08-18,10.16618275350946,10.251344493852995,10.134247100880634,10.251344493852995,9.205317740517918,12426300,9.69
9188,2016-08-19,10.240699276310053,10.315215799110645,10.155537535966516,10.315215799110645,9.26267204359578,11066800,9.66
9189,2016-08-22,10.251344493852995,10.347151451739471,10.208763623681229,10.28328014648182,9.233993827535093,14818900,9.67
9190,2016-08-23,10.315215799110645,10.368441886825355,10.293925364024762,10.293925364024762,9.24355642645392,11186300,9.63
9191,2016-08-24,10.304570581567704,10.379087104368296,10.240699276310053,10.251344493852995,9.205317740517918,14044700,9.65
9192,2016-08-25,10.251344493852995,10.368441886825355,10.251344493852995,10.27263492893888,9.224435486703287,15908800,9.79
9193,2016-08-26,10.304570581567704,10.5068297148836,10.27263492893888,10.421667974540062,9.358262903566136,18289000,9.86
9194,2016-08-29,10.44295840962595,10.613281890313017,10.432313192083008,10.496184497340657,9.42517661199756,12043700,9.97
9195,2016-08-30,10.496184497340657,10.634572325398901,10.485539279797715,10.613281890313017,9.530323683756214,13300600,9.97
9196,2016-08-31,10.613281890313017,10.645217542941841,10.432313192083008,10.613281890313017,9.530323683756214,14360400,9.85
9197,2016-09-01,10.609068169392117,10.651546920821115,10.354195660818133,10.460392539390625,9.393036386015707,15272600,9.93
9198,2016-09-02,10.513490978676872,10.598448481534868,10.37543503653263,10.545350042248621,9.46932503767583,14590200,9.89
9199,2016-09-06,10.577209105820371,10.619687857249367,10.439153163676126,10.502871290819625,9.431180180861375,25578000,9.96
9200,2016-09-07,10.40729410010438,10.598448481534868,10.39667441224713,10.577209105820371,9.560769045877032,25300500,9.93
9201,2016-09-08,10.587828793677618,10.704645360107362,10.481631915105124,10.545350042248621,9.531968452408172,17253000,9.83
9202,2016-09-09,10.534730354391371,10.651546920821115,10.439153163676126,10.439153163676126,9.43597815583528,20459400,9.92
9203,2016-09-12,10.41791378796163,10.577209105820371,10.290477533674634,10.534730354391371,9.52237250246036,22353100,9.61
9204,2016-09-13,10.42853347581888,10.42853347581888,10.078083776529649,10.205520030816642,9.224797167043592,32703900,9.52
9205,2016-09-14,10.173660967244894,10.216139718673888,10.046224712957903,10.109942840101397,9.138403882387296,22165000,9.63
9206,2016-09-15,10.014365649386152,10.258618470102888,9.950647522242656,10.22675940653114,9.24399650072071,16629700,9.56
9207,2016-09-16,10.152421591530395,10.22675940653114,10.078083776529649,10.152421591530395,9.176802549741538,23557000,9.66
9208,2016-09-19,10.216139718673888,10.39667441224713,10.216139718673888,10.258618470102888,9.272792846314431,13215200,9.65
9209,2016-09-20,10.37543503653263,10.37543503653263,10.184280655102143,10.24799878224564,9.263194772429047,8484100,9.68
9210,2016-09-21,10.301097221531885,10.40729410010438,10.216139718673888,10.279857845817387,9.291992179991551,21196600,9.77
9211,2016-09-22,10.343575972960885,10.39667441224713,10.279857845817387,10.37543503653263,9.378383340710274,12771000,9.78
9212,2016-09-23,10.311716909389135,10.492251602962376,10.301097221531885,10.38605472438988,9.38798035262687,13343900,9.56
9213,2016-09-26,10.290477533674634,10.311716909389135,10.120562527958647,10.152421591530395,9.176802549741538,17065100,9.71
9214,2016-09-27,10.088703464386898,10.332956285103634,10.03560502510065,10.311716909389135,9.320787463616483,15910000,9.83
9215,2016-09-28,10.37543503653263,10.439153163676126,10.22675940653114,10.439153163676126,9.43597815583528,12901700,9.67
9216,2016-09-29,10.39667441224713,10.619687857249367,10.23737909438839,10.269238157960139,9.28239410610617,17502500,9.87
9217,2016-09-30,10.343575972960885,10.55596973010587,10.258618470102888,10.481631915105124,9.474374699251952,15485500,9.92
9218,2016-10-03,10.415547906953655,10.542825478118058,10.373122049898853,10.521612549590657,9.510515281674934,14397500,10.08
9219,2016-10-04,10.553431942381758,10.797380620446864,10.532219013854357,10.691315977809863,9.663909149795845,19913200,10.31
9220,2016-10-05,10.733741834864661,11.009509905720869,10.733741834864661,10.935264655874967,9.884417541838173,15205000,10.32
9221,2016-10-06,10.935264655874967,11.062542227039371,10.882232334556466,10.94587112013867,9.894002603593279,14442700,10.33
9222,2016-10-07,10.967084048666068,11.009509905720869,10.797380620446864,10.956477584402368,9.903589786641238,15135900,10.37
9223,2016-10-10,11.05193576277567,11.104968084094173,10.967084048666068,10.998903441457168,9.941938518833073,9465900,10.26
9224,2016-10-11,10.935264655874967,11.062542227039371,10.797380620446864,10.882232334556466,9.836479505305528,15658400,10.24
9225,2016-10-12,10.882232334556466,10.998903441457168,10.839806477501666,10.861019406029065,9.817305139209612,18336300,9.95
9226,2016-10-13,10.712528906337262,10.733741834864661,10.373122049898853,10.553431942381758,9.53927683081881,17088800,10.05
9227,2016-10-14,10.670103049282462,10.839806477501666,10.595857799436558,10.659496585018761,9.635149721944824,15093800,10.01
9228,2016-10-17,10.72313537060096,10.744348299128363,10.57464487090916,10.61707072796396,9.596798868460136,18969300,10.25
9229,2016-10-18,10.606464263700259,10.882232334556466,10.468580228272154,10.871625870292766,9.826891261611143,35550900,10.54
9230,2016-10-19,10.956477584402368,11.253458583785974,10.871625870292766,11.179213333940073,10.104921691294798,32929700,10.61
9231,2016-10-20,11.179213333940073,11.444374940532578,11.147393941148971,11.253458583785974,10.17203091198408,25311300,10.64
9232,2016-10-21,11.158000405412672,11.348916762159277,11.115574548357872,11.285277976577076,10.200794582420809,13930500,10.61
9233,2016-10-24,11.370129690686678,11.444374940532578,11.253458583785974,11.253458583785974,10.17203091198408,12002900,10.62
9234,2016-10-25,11.221639190994875,11.348916762159277,11.200426262467476,11.264065048049673,10.181618095032041,12755900,10.75
9235,2016-10-26,11.179213333940073,11.454981404796282,11.179213333940073,11.401949083477778,10.30625253530193,16865600,10.84
9236,2016-10-27,11.476194333323681,11.624684833015484,11.423162012005179,11.49740726185108,10.392537182733557,17057900,10.65
9237,2016-10-28,11.51862019037848,11.539833118905882,11.232245655258575,11.295884440840776,10.210380704822343,17271900,10.71
9238,2016-10-31,11.35952322642298,11.46558786905998,11.295884440840776,11.35952322642298,10.267903803110094,14577300,10.84
9239,2016-11-01,11.472826938136258,11.557810841381713,11.334728095362395,11.515318889758985,10.408727551118075,23181100,10.51
9240,2016-11-02,11.451580962324893,11.462203950230576,11.143514313060125,11.164760288871488,10.091856569477073,26381900,10.46
9241,2016-11-03,11.24974419211694,11.377220046985123,11.079776385626035,11.11164534934308,10.043847037936136,21137500,10.52
9242,2016-11-04,11.122268337248762,11.345351083268078,10.962923518663535,11.175383276777168,10.101460812842602,17525500,10.96
9243,2016-11-07,11.430334986513532,11.653417732532848,11.409089010702168,11.642794744627167,10.523955100931003,20491900,10.89
9244,2016-11-08,11.557810841381713,11.632171756721483,11.36659705907944,11.568433829287395,10.456740269555384,17481300,11.54
9245,2016-11-09,11.749024623683983,12.365157922213523,11.67466370834421,12.258928043156704,11.080877989471853,26809800,12.18
9246,2016-11-10,12.620109631949886,13.172505003045334,12.609486644044201,12.938799269120334,11.695416777516751,39209900,12.45
9247,2016-11-11,12.864438353780562,13.246865918385105,12.747585486818066,13.225619942573742,11.954673984251285,30371300,13.27
9248,2016-11-14,13.671785434612373,14.234803793613507,13.661162446706692,14.096704950839642,12.742048785521623,49676000,13.53
9249,2016-11-15,13.937360132254417,14.383525624293048,13.65053945880101,14.372902636387368,12.991705998085791,38734400,12.89
9250,2016-11-16,14.032967023405554,14.181688854085097,13.671785434612373,13.693031410423739,12.377168272339688,52425700,13.17
9251,2016-11-17,13.629293482989649,14.054212999216915,13.597424519272602,13.990475071782827,12.646029722439748,59508300,13.26
9252,2016-11-18,13.990475071782827,14.160442878273734,13.916114156443054,14.086081962933962,12.73244666675368,41142400,13.11
9253,2016-11-21,14.192311841990778,14.213557817802144,13.926737144348735,13.926737144348735,12.588415947533282,25605300,13.15
9254,2016-11-22,14.032967023405554,14.07545897502828,13.788638301574874,13.969229095971462,12.626822298007486,30905000,13.3
9255,2016-11-23,14.0648359871226,14.160442878273734,13.916114156443054,14.12857391455669,12.77085514182546,22007200,13.36
9256,2016-11-25,14.192311841990778,14.26667275733055,14.086081962933962,14.192311841990778,12.828466792134344,7301000,13.08
9257,2016-11-28,13.990475071782827,14.107327938745325,13.841753241103282,13.89486818063169,12.559609591229446,16588500,13.18
9258,2016-11-29,13.9479831201601,14.149819890368052,13.820507265291917,14.001098059688507,12.655629716610111,18209000,13.54
9259,2016-11-30,14.30916470895328,14.489755503349867,14.26667275733055,14.383525624293048,13.00130917915253,23328300,13.84
9260,2016-12-01,14.453155712581594,14.761121558037045,14.389438641108056,14.697404486563505,13.285024269550018,26961700,13.74
9261,2016-12-02,14.654926438914478,14.67616546273899,14.431916688757083,14.591209367440936,13.189033439423937,22137700,14.02
9262,2016-12-05,14.792980093773815,14.899175212896383,14.697404486563505,14.888555700984128,13.457806914216011,25628900,14.24
9263,2016-12-06,14.994750820106695,15.154043498790548,14.78236058186156,15.122184963053778,13.668985466151959,24188900,14.46
9264,2016-12-07,15.037228867755724,15.377053248947943,14.973511796282184,15.355814225123432,13.943808876880448,27360600,14.55
9265,2016-12-08,15.408911784684713,15.642541046754365,15.270858129825376,15.451389832333742,14.030598961885747,29711500,14.6
9266,2016-12-09,15.52572641571954,15.52572641571954,15.24961910600086,15.504487391895024,14.078812607918586,22542900,14.36
9267,2016-12-12,15.387672760860202,15.610682511017595,15.18590203452732,15.24961910600086,13.847378398961197,27497600,14.29
9268,2016-12-13,15.302716665562146,15.377053248947943,14.952272772457668,15.175282522615062,13.779878657344513,22190100,14.34
9269,2016-12-14,15.026609355843467,15.642541046754365,14.814219117598329,15.228380082176347,13.82809548923092,34204400,14.52
9270,2016-12-15,15.462009344245999,15.621302022929852,15.228380082176347,15.41953129659697,14.001671411436762,23696600,14.2
9271,2016-12-16,15.483248368070512,15.578823975280825,15.026609355843467,15.079706915404751,13.693092820143974,40262100,14.28
9272,2016-12-19,15.069087403492494,15.238999594088604,14.941653260545413,15.164663010702807,13.770234016625798,20147400,14.58
9273,2016-12-20,15.29209715364989,15.58944348719308,15.238999594088604,15.483248368070512,14.059525450383543,20740700,14.53
9274,2016-12-21,15.472628856158256,15.504487391895024,15.32395568938666,15.430150808509227,14.011310742399514,10701600,14.55
9275,2016-12-22,15.440770320421484,15.546965439544055,15.313336177474401,15.451389832333742,14.030598961885747,11161500,14.56
9276,2016-12-23,15.462009344245999,15.536345927631796,15.345194713211171,15.462009344245999,14.040238292848503,8573800,14.64
9277,2016-12-27,15.504487391895024,15.600062999105337,15.451389832333742,15.546965439544055,14.117384799086286,9803900,14.43
9278,2016-12-28,15.557584951456311,15.568204463368566,15.238999594088604,15.32395568938666,13.91488132643146,12332800,14.17
9279,2016-12-29,15.345194713211171,15.387672760860202,14.994750820106695,15.04784837966798,13.664162083841413,13542100,14.36
9280,2016-12-30,15.111565451141523,15.366433737035686,15.037228867755724,15.24961910600086,13.847378398961197,17954600,14.43
9281,2017-01-03,15.37242304572165,15.541350771498811,15.024009611306257,15.235169268527706,13.834259029245715,15937800,14.62
9282,2017-01-04,15.340749097138431,15.509676822915592,15.277401199972,15.435770942888086,14.016415907547799,9759700,14.43
9283,2017-01-05,15.351307079999504,15.509676822915592,15.00289364558411,15.235169268527706,13.834259029245715,12715500,14.48
9284,2017-01-06,15.361865062860579,15.44632892574916,15.203495319944489,15.287959182833069,13.88219543882984,8194100,14.37
9285,2017-01-09,15.140147422778053,15.277401199972,15.00289364558411,15.17182137136127,13.776735971223731,9540100,14.56
9286,2017-01-10,15.266843217110926,15.488560857193448,15.119031457055907,15.37242304572165,13.958889682130959,15784900,14.52
9287,2017-01-11,15.203495319944489,15.330191114277358,15.076799525611618,15.330191114277358,13.920546255774402,15381900,14.43
9288,2017-01-12,15.256285234249852,15.277401199972,14.950103731278746,15.235169268527706,13.834259029245715,15692000,14.68
9289,2017-01-13,15.351307079999504,15.763068411581335,15.351307079999504,15.49911884005452,14.073938965569779,26587300,13.78
9290,2017-01-17,15.319633131416287,15.319633131416287,14.527784416835845,14.54890038255799,13.211094151038344,26023000,14.03
9291,2017-01-18,14.654480211168716,14.823407936945875,14.411646605364048,14.812849954084802,13.45077303156412,20628200,13.98
9292,2017-01-19,14.865639868390167,15.097915491333765,14.686154159751935,14.760060039779443,13.402836621979993,12778900,14.04
9293,2017-01-20,14.74950205691837,14.928987765556604,14.675596176890862,14.823407936945875,13.460359680001975,20038200,13.91
9294,2017-01-23,14.665038194029789,14.865639868390167,14.54890038255799,14.686154159751935,13.335726915520157,13191100,14.24
9295,2017-01-24,14.738944074057297,15.140147422778053,14.728386091196223,15.034567594167328,13.65210215094363,16160200,14.62
9296,2017-01-25,15.256285234249852,15.467444891471303,15.17182137136127,15.435770942888086,14.016415907547799,14882800,14.7
9297,2017-01-26,15.467444891471303,15.636372617248464,15.361865062860579,15.520234805776665,14.093112262445487,13194700,14.54
9298,2017-01-27,15.478002874332375,15.488560857193448,15.256285234249852,15.351307079999504,13.939718496851825,9361500,14.45
9299,2017-01-30,15.203495319944489,15.330191114277358,15.00289364558411,15.256285234249852,13.853433381919706,16119400,14.41
9300,2017-01-31,15.203495319944489,15.45688690861023,15.076799525611618,15.214053302805562,13.815085732370006,15317300,14.46
9301,2017-02-01,15.313686407802862,15.513658945086885,15.197912833585793,15.218962574352535,13.819541076107441,14411900,14.25
9302,2017-02-02,15.04003977783525,15.187387963202426,14.945315944384921,14.99794029630177,13.618843375254002,12731600,14.62
9303,2017-02-03,15.282111796652753,15.482084333936777,15.113713870518836,15.387360500486448,13.972456917907417,14251000,14.63
9304,2017-02-06,15.282111796652753,15.513658945086885,15.240012315119275,15.397885370869819,13.982013500215517,10411500,14.58
9305,2017-02-07,15.471559463553405,15.639957389687321,15.324211278186231,15.34526101895297,13.934226378726864,16867100,14.49
9306,2017-02-08,15.187387963202426,15.271586926269382,14.987415425918401,15.250537185502644,13.848213980492853,14423800,14.99
9307,2017-02-09,15.250537185502644,15.776780704671127,15.250537185502644,15.776780704671127,14.32606625061268,17083200,14.99
9308,2017-02-10,15.797830445437866,15.96622837157178,15.69258174160417,15.776780704671127,14.32606625061268,17501200,15.15
9309,2017-02-13,15.913604019654931,16.145151168089065,15.913604019654931,15.94517863080504,14.478983144899695,11738900,15.49
9310,2017-02-14,15.95570350118841,16.387223186906567,15.903079149271562,16.30302422383961,14.80392167819362,12495400,15.56
9311,2017-02-15,16.471422149973524,16.481947020356895,16.155676038472432,16.376698316523196,14.870820911811435,14434700,15.59
9312,2017-02-16,16.439847538823415,16.439847538823415,16.124101427322326,16.408272927673305,14.899492763709809,19147600,15.38
9313,2017-02-17,16.187250649622545,16.218825260772654,16.00832785310526,16.187250649622545,14.698792957882292,11504400,15.43
9314,2017-02-21,16.31354909422298,16.387223186906567,16.134626297705694,16.239875001539392,14.746579026883905,11857800,15.32
9315,2017-02-22,16.092526816172214,16.2714496126895,16.071477075405475,16.124101427322326,14.641450306572581,13662400,15.34
9316,2017-02-23,16.145151168089065,16.187250649622545,15.860979667738084,16.145151168089065,14.66056347118878,15193600,15.2
9317,2017-02-24,15.95570350118841,16.103051686555588,15.860979667738084,15.997802982721888,14.526766056440195,15315600,15.31
9318,2017-02-27,16.029377593872,16.166200908855803,15.96622837157178,16.11357655693896,14.631895829238559,9942200,15.27
9319,2017-02-28,16.050427334638737,16.103051686555588,15.913604019654931,16.071477075405475,14.593664237570968,13345900,15.91
9320,2017-03-01,16.41597979499674,16.836632704541824,16.405463472258113,16.73146947715555,15.192969319256278,21595000,15.32
9321,2017-03-02,16.836632704541824,16.85766640165135,16.10049011283793,16.11100643557656,14.629559431798887,19305600,15.36
9322,2017-03-03,16.142555403792436,16.300300244871842,16.10049011283793,16.153071726531063,14.66775997414695,17478400,15.23
9323,2017-03-06,16.00584320819029,16.079457467360676,15.837582044372256,16.016359530928916,14.543615835849732,13541100,15.25
9324,2017-03-07,16.016359530928916,16.163588049269695,15.900679980804018,16.03739217640617,14.562715581207627,11551900,15.21
9325,2017-03-08,16.258234953917338,16.363398181303605,15.963777917235781,15.99532688545166,14.586690693787148,15975300,15.2
9326,2017-03-09,16.03739217640617,16.258234953917338,15.911196303542646,15.984810562713033,14.577098755817245,11940300,15.13
9327,2017-03-10,16.089973790099307,16.121522758315184,15.658804557815598,15.911196303542646,14.509968861247495,13792100,15.12
9328,2017-03-13,15.963777917235781,16.00584320819029,15.763967785201867,15.900679980804018,14.500377974909867,8711000,15.09
9329,2017-03-14,15.795516753417747,15.879647335326762,15.51157603947482,15.869131012588136,14.471606367529256,11586800,15.0
9330,2017-03-15,15.974294239974407,16.142555403792436,15.700869848770104,15.774484107940493,14.385295751916525,26270900,15.05
9331,2017-03-16,15.890163658065392,16.026875853667544,15.763967785201867,15.82706572163363,14.433248080340114,18075800,15.05
9332,2017-03-17,15.82706572163363,15.890163658065392,15.564157653167955,15.82706572163363,14.433248080340114,34593000,14.88
9333,2017-03-20,15.753451462463241,15.869131012588136,15.606222944122463,15.64828823507697,14.270215632187728,15471200,14.1
9334,2017-03-21,15.742935139724613,15.795516753417747,14.722851834077794,14.828015061464063,13.522179079466452,27095600,14.18
9335,2017-03-22,14.73336815681642,15.04885783897523,14.438911120134865,14.91214564337308,13.598898808741557,23672500,14.23
9336,2017-03-23,14.849047706941318,15.290733261963652,14.785949770509557,14.964727257066215,13.646851137165147,18160600,14.23
9337,2017-03-24,15.059374161713858,15.12247209814562,14.73336815681642,14.964727257066215,13.646851137165147,14864000,14.08
9338,2017-03-27,14.56510699299839,14.870080352418572,14.312715247271342,14.806982415986809,13.502998358423469,18574900,14.4
9339,2017-03-28,14.796466093248183,15.248667971009144,14.764917125032301,15.143504743622875,13.80988253368526,14736900,14.31
9340,2017-03-29,15.154021066361501,15.196086357316007,14.943694611588962,15.04885783897523,13.7235729697048,10766900,14.68
9341,2017-03-30,15.04885783897523,15.532608684952073,15.027825193497977,15.43796178030443,14.078411576654732,13106300,14.53
9342,2017-03-31,15.343314875656786,15.458994425781684,15.22763532553189,15.280216939225024,13.934555643016234,12912000,14.58
9343,2017-04-03,15.266492614221917,15.339889213328753,14.983391446238405,15.287463071109585,13.9411660300584,16905400,14.56
9344,2017-04-04,15.16164032978358,15.29794829955342,15.098728959120578,15.266492614221917,13.922040973376847,10004000,14.37
9345,2017-04-05,15.591534695980762,15.633475609756097,15.04630281690141,15.067273273789077,13.740364468653386,19344900,14.53
9346,2017-04-06,15.04630281690141,15.308433527997252,14.889024390243902,15.235036928890416,13.893354436877363,14163700,14.44
9347,2017-04-07,15.088243730676744,15.24552215733425,14.983391446238405,15.140669872895911,13.80729797294744,13992500,14.22
9348,2017-04-10,15.109214187564412,15.235036928890416,14.868053933356235,14.909994847131571,13.596938077293027,11537400,14.17
9349,2017-04-11,14.784172105805565,14.899509618687738,14.62689367914806,14.857568704912403,13.549129629680523,17832100,13.96
9350,2017-04-12,14.847083476468567,14.930965304019237,14.532526623153556,14.637378907591895,13.348330165321197,18538900,13.68
9351,2017-04-13,14.563982308485057,14.763201648917898,14.333307282720714,14.34379251116455,13.080600342236345,16908500,13.99
9352,2017-04-17,14.385733424939884,14.74223119203023,14.238940226726212,14.668834592923394,13.37701460477499,18530200,13.34
9353,2017-04-18,14.259910683613878,14.459130024046718,13.630796976983854,13.987294744074202,12.755497446152527,39772700,13.36
9354,2017-04-19,14.12360271384404,14.217969769838545,13.9243833734112,14.00826520096187,12.774619357265545,29156200,13.64
9355,2017-04-20,14.165543627619375,14.333307282720714,14.071176571624871,14.301851597389215,13.042352325918928,24624200,13.47
9356,2017-04-21,14.249425455170044,14.364762968052217,14.018750429405701,14.12360271384404,12.879799829354177,18510400,13.81
9357,2017-04-24,14.574467536928893,14.731745963586398,14.396218653383718,14.480100480934388,13.204902725437993,26731000,13.86
9358,2017-04-25,14.668834592923394,14.689805049811062,14.417189110271385,14.532526623153556,13.2527111730505,27694600,14.02
9359,2017-04-26,14.522041394709722,14.836598248024735,14.501070937822055,14.700290278254894,13.405701141274479,19059200,13.79
9360,2017-04-27,14.700290278254894,14.721260735142561,14.280881140501545,14.459130024046718,13.185779765802131,19331100,13.75
9361,2017-04-28,14.480100480934388,14.595437993816558,14.406703881827552,14.417189110271385,13.1475338465304,14091500,13.87
9362,2017-05-01,14.457258318248869,14.66678380112204,14.342019302668623,14.530592237254478,13.250947827056425,15256800,13.84
9363,2017-05-02,14.572497333829112,14.614402430403747,14.362971850955942,14.499163414823503,13.222286836254202,15366000,14.12
9364,2017-05-03,14.394400673386917,14.802975364989601,14.362971850955942,14.792499090845942,13.489791163120627,18782800,14.27
9365,2017-05-04,15.18012123416131,15.242978879023262,14.907738106426187,14.949643203000822,13.633096117131732,21097500,14.28
9366,2017-05-05,14.981072025431798,15.02297712200643,14.865833009851553,14.96011947714448,13.64264838389592,11117300,14.35
9367,2017-05-08,14.89726183228253,15.127739863443017,14.844880461564236,15.03345339615009,13.709523679891964,11615800,14.21
9368,2017-05-09,15.054405944437406,15.201073782448628,14.823927913276918,14.88678555813887,13.57577204027246,11254000,14.35
9369,2017-05-10,14.834404187420578,15.054405944437406,14.761070268414967,15.03345339615009,13.709523679891964,16698500,14.18
9370,2017-05-11,14.96011947714448,15.096311041012042,14.782022816702284,14.855356735707893,13.54711104947024,13374000,14.13
9371,2017-05-12,14.719165171840332,14.81345163913326,14.551544785541795,14.802975364989601,13.499344477512228,13168600,14.34
9372,2017-05-15,14.865833009851553,15.02297712200643,14.865833009851553,15.02297712200643,13.699971413127777,10304200,14.54
9373,2017-05-16,15.03345339615009,15.305836523885214,14.981072025431798,15.232502604879603,13.891043986724306,17249600,13.97
9374,2017-05-17,15.232502604879603,15.232502604879603,14.50963968896716,14.635354978691064,13.346486209109518,39891200,14.01
9375,2017-05-18,14.624878704547406,14.855356735707893,14.520115963110818,14.677260075265698,13.384699466675928,19820100,14.09
9376,2017-05-19,14.74011772012765,14.949643203000822,14.698212623553015,14.761070268414967,13.461128077063574,13766400,14.07
9377,2017-05-22,14.802975364989601,14.87630928399521,14.635354978691064,14.74011772012765,13.442020400652957,12038000,14.47
9378,2017-05-23,14.761070268414967,15.242978879023262,14.708688897696673,15.159168685873993,13.824169738355677,15570200,14.27
9379,2017-05-24,15.148692411730336,15.169644960017651,14.855356735707893,14.949643203000822,13.633096117131732,19811900,14.28
9380,2017-05-25,15.002024573719114,15.085834766868382,14.844880461564236,14.96011947714448,13.64264838389592,18015800,14.13
9381,2017-05-26,14.918214380569845,15.012500847862773,14.792499090845942,14.802975364989601,13.499344477512228,12053100,13.97
9382,2017-05-30,14.729641445983992,14.74011772012765,14.488687140679843,14.635354978691064,13.346486209109518,16152800,13.84
9383,2017-05-31,14.677260075265698,14.698212623553015,14.247732835375697,14.499163414823503,13.222286836254202,31447300,13.79
9384,2017-06-01,14.58022400032659,14.590690779939171,14.266220611949135,14.433689085750443,13.16257929600539,27049100,13.54
9385,2017-06-02,14.25575383233655,14.30808773039946,14.098752138147823,14.172019595435895,12.9239534676859,24083700,13.53
9386,2017-06-05,14.161552815823313,14.318554510012044,14.140619256598152,14.161552815823313,12.914408811357188,15492300,13.5
9387,2017-06-06,14.067351799310078,14.172019595435895,13.878949766283602,14.130152476985568,12.885773795693087,17350500,13.59
9388,2017-06-07,14.140619256598152,14.339488069237206,14.056885019697495,14.224353493498805,13.039290052270827,13937700,14.03
9389,2017-06-08,14.224353493498805,14.883760609091466,14.161552815823313,14.684891796452408,13.461460281198587,23115300,14.4
9390,2017-06-09,14.80002637219081,15.176830438243758,14.789559592578229,15.072162642117942,13.81646518535241,17130900,14.36
9391,2017-06-12,15.114029760568267,15.375699250882814,15.030295523667611,15.030295523667611,13.778086644546958,25258200,14.42
9392,2017-06-13,15.155896879018595,15.271031454756997,14.988428405217284,15.093096201343105,13.83565602577208,17011500,14.5
9393,2017-06-14,14.967494845992123,15.208230777081504,14.758159253740482,15.176830438243758,13.912414154060949,16289500,14.4
9394,2017-06-15,15.072162642117942,15.30243179359474,15.030295523667611,15.072162642117942,13.81646518535241,12898700,14.36
9395,2017-06-16,15.040762303280193,15.114029760568267,14.957028066379538,15.030295523667611,13.778086644546958,22663000,14.5
9396,2017-06-19,15.124496540180848,15.312898573207324,15.082629421730521,15.176830438243758,13.912414154060949,10083300,14.27
9397,2017-06-20,15.124496540180848,15.124496540180848,14.91516094792921,14.936094507154374,13.691735712743156,13928100,13.96
9398,2017-06-21,14.946561286766958,14.967494845992123,14.601157559551753,14.611624339164337,13.39429600310261,13669600,13.84
9399,2017-06-22,14.56975722071401,14.684891796452408,14.41275552652528,14.486022983813353,13.279160380686248,11788300,13.57
9400,2017-06-23,14.559290441101426,14.590690779939171,14.088285358535241,14.203419934273642,13.02010025852912,23569200,13.75
9401,2017-06-26,14.224353493498805,14.496489763425936,14.182486375048478,14.391821967300118,13.192806308848564,20666600,14.0
9402,2017-06-27,14.5174233226511,14.705825355677574,14.444155865363028,14.653491457614663,13.432676637263986,22856900,14.09
9403,2017-06-28,14.768626033353065,14.925627727541793,14.695358576064992,14.7476924741279,13.51902861574575,20979100,14.66
9404,2017-06-29,15.312898573207324,15.543167724684126,15.155896879018595,15.34429891204507,14.065931457316648,32447100,14.64
9405,2017-06-30,15.417566369333143,15.501300606233798,15.145430099406015,15.323365352819907,14.046741663574942,13453000,14.88
9406,2017-07-03,15.470106664596834,15.679586781923806,15.386314617666045,15.585320729126668,14.286871838083064,9366200,14.85
9407,2017-07-05,15.606268740859365,15.64816476432476,15.375840611799696,15.553898711527621,14.25806622714943,14363700,14.71
9408,2017-07-06,15.543424705661273,15.679586781923806,15.386314617666045,15.407262629398744,14.123648072863647,11626900,14.69
9409,2017-07-07,15.50152868219588,15.522476693928576,15.260626547269863,15.386314617666045,14.104443983107696,13656500,14.75
9410,2017-07-10,15.354892600066998,15.512002688062228,15.292048564868908,15.449158652864137,14.162053110173785,9640200,14.75
9411,2017-07-11,15.459632658730486,15.56437271739397,15.365366605933348,15.449158652864137,14.162053110173785,10827300,14.63
9412,2017-07-12,15.354892600066998,15.459632658730486,15.250152541403514,15.323470582467955,14.046837998243369,11351700,14.82
9413,2017-07-13,15.375840611799696,15.553898711527621,15.302522570735256,15.522476693928576,14.229262711016972,15767700,14.68
9414,2017-07-14,15.302522570735256,15.459632658730486,15.12446447100733,15.375840611799696,14.094843509330602,11022500,14.7
9415,2017-07-17,15.365366605933348,15.480580670463182,15.229204529670817,15.396788623532395,14.114048646487134,8545900,14.54
9416,2017-07-18,15.239678535537166,15.365366605933348,15.103516459274633,15.229204529670817,13.960423260243642,9975200,14.47
9417,2017-07-19,15.250152541403514,15.323470582467955,15.019724412343846,15.155886488606379,13.893214706801045,14924100,14.31
9418,2017-07-20,15.187308506205422,15.229204529670817,14.956880377145755,14.988302394744801,13.739593510159896,18573000,14.23
9419,2017-07-21,14.894036341947663,15.05114642994289,14.674082218754341,14.90451034781401,13.66277924593727,19775300,14.4
9420,2017-07-24,14.935932365413057,15.155886488606379,14.894036341947663,15.082568447541936,13.826004058557272,14459900,14.56
9421,2017-07-25,15.239678535537166,15.470106664596834,15.187308506205422,15.250152541403514,13.979627349999594,18396700,14.45
9422,2017-07-26,15.375840611799696,15.449158652864137,15.082568447541936,15.134938476873678,13.874013759246855,21764100,14.39
9423,2017-07-27,15.155886488606379,15.187308506205422,14.977828388878452,15.072094441675588,13.816402537379592,19114400,14.5
9424,2017-07-28,15.082568447541936,15.239678535537166,14.998776400611149,15.187308506205422,13.92201927033409,16575100,14.6
9425,2017-07-31,15.250152541403514,15.375840611799696,15.239678535537166,15.292048564868908,14.01803448211091,13453700,14.69
9426,2017-08-01,15.3299358501786,15.423920470513483,15.225508494250954,15.340378585771365,14.062334991788823,16128000,14.83
9427,2017-08-02,15.35082132136413,15.507462355255603,15.288164907807543,15.486576884070072,14.196356016112805,13687900,14.9
9428,2017-08-03,15.507462355255603,15.63277518236878,15.39259226373519,15.559676033219425,14.26336287331734,18065400,14.94
9429,2017-08-04,15.70587433151813,15.956499985744484,15.465691412884542,15.601446975590482,14.301654296188893,32547300,14.87
9430,2017-08-07,15.653660653554308,15.664103389147073,15.517905090848366,15.52834782644113,14.23464430616368,9644900,14.86
9431,2017-08-08,15.497019619662836,15.778973480667485,15.476134148477307,15.517905090848366,14.22507145044579,16854200,14.68
9432,2017-08-09,15.382149528142426,15.476134148477307,15.235951229843717,15.3299358501786,14.052763180344495,12848400,14.3
9433,2017-08-10,15.204623023065425,15.246393965436482,14.901783690875249,14.933111897653543,13.68900092870613,14306000,14.07
9434,2017-08-11,14.891340955282484,15.03753925358119,14.6198298298706,14.692928979019953,13.468828380015397,18741400,14.41
9435,2017-08-14,14.849570012911425,15.110638402730542,14.849570012911425,15.047981989173955,13.794300253055773,12035900,14.48
9436,2017-08-15,15.235951229843717,15.319493114585837,15.110638402730542,15.121081138323307,13.861309198807424,10524400,14.34
9437,2017-08-16,15.183737551879895,15.246393965436482,14.953997368839072,14.9748828400246,13.72729130730412,10905900,13.99
9438,2017-08-17,14.912226426468013,15.03753925358119,14.578058887499543,14.609387094277835,13.392243445725178,14048100,14.06
9439,2017-08-18,14.525845209535719,14.86001274850419,14.504959738350191,14.68248624342719,13.459255524297511,14369600,14.04
9440,2017-08-21,14.68248624342719,14.692928979019953,14.557173416314011,14.661600772241659,13.440108768588175,9522600,14.24
9441,2017-08-22,14.734699921391012,14.933111897653543,14.734699921391012,14.870455484096954,13.631564838672363,10391600,14.31
9442,2017-08-23,14.755585392576544,15.110638402730542,14.724257185798248,14.943554633246308,13.698573784424017,12878200,14.45
9443,2017-08-24,15.016653782395661,15.110638402730542,14.953997368839072,15.089752931545013,13.832592720200882,9752700,14.45
9444,2017-08-25,15.141966609508838,15.225508494250954,15.068867460359483,15.089752931545013,13.832592720200882,7536100,14.29
9445,2017-08-28,15.100195667137777,15.152409345101601,14.891340955282484,14.922669162060776,13.679425984441123,15370400,14.16
9446,2017-08-29,14.724257185798248,14.83912727731866,14.588501623092307,14.786913599354836,13.554980948655706,13823000,14.24
9447,2017-08-30,14.797356334947601,14.943554633246308,14.776470863762073,14.870455484096954,13.631564838672363,9641700,14.11
9448,2017-08-31,14.912226426468013,14.933111897653543,14.734699921391012,14.734699921391012,13.507118758613386,10356300,14.23
9449,2017-09-01,14.67786746563271,14.916785336623192,14.65709199859006,14.781744800845964,13.550241596052166,8064300,13.64
9450,2017-09-05,14.688255199154037,14.688255199154037,14.127317589002466,14.168868523087768,12.98842829996475,14188000,13.62
9451,2017-09-06,14.241582657737046,14.283133591822347,14.09615438843849,14.148093056045116,12.969383429326752,9733600,13.17
9452,2017-09-07,14.03382798731054,14.137705322523791,13.535216778286923,13.680645047585477,12.624299805428269,11124700,13.26
9453,2017-09-08,13.649481847021502,13.909175185054634,13.639094113500176,13.774134649277405,12.710570971096228,12265400,13.52
9454,2017-09-11,13.96111385266126,14.168868523087768,13.89878745153331,14.044215720831865,12.959798667606625,13296600,13.7
9455,2017-09-12,14.106542121959817,14.40778639407825,14.085766654917167,14.23119492421572,13.132337882622489,11801600,13.74
9456,2017-09-13,14.200031723651744,14.376623193514275,14.168868523087768,14.272745858301024,13.170681084596405,11526900,13.69
9457,2017-09-14,14.272745858301024,14.428561861120903,14.200031723651744,14.220807190694394,13.122753120902363,13712700,13.75
9458,2017-09-15,14.200031723651744,14.303909058864997,14.179256256609095,14.283133591822347,13.180266885089885,13642200,14.02
9459,2017-09-18,14.3454599929503,14.63631653154741,14.303909058864997,14.563602396898132,13.439081420867113,12525000,14.15
9460,2017-09-19,14.542826929855481,14.71941839971801,14.511663729291506,14.69864293267536,13.563692672188932,12606100,14.31
9461,2017-09-20,14.67786746563271,14.896009869580544,14.459725061684876,14.864846669016567,13.717065480084596,15824300,14.43
9462,2017-09-21,14.781744800845964,15.020662671836448,14.781744800845964,14.989499471272469,13.832091969686289,9552100,14.42
9463,2017-09-22,14.906397603101867,14.989499471272469,14.844071201973914,14.979111737751145,13.822505130419454,10885800,14.48
9464,2017-09-25,14.927173070144518,15.124540007049701,14.927173070144518,15.041438138879098,13.88001993338033,11470500,14.71
9465,2017-09-26,15.062213605921748,15.342682410997531,15.031050405357773,15.280356009869582,14.100488150863589,12869000,15.05
9466,2017-09-27,15.519273880860062,15.768579485371871,15.43617201268946,15.633538949594643,14.426401212548468,12811100,15.04
9467,2017-09-28,15.664702150158618,15.747804018329221,15.508886147338737,15.623151216073316,14.41681748960169,11072200,15.23
9468,2017-09-29,15.633538949594643,15.924395488191752,15.623151216073316,15.820518152978497,14.598944582657738,10157800,15.23
9469,2017-10-02,15.685003466267744,15.84091801364615,15.581060434682138,15.83052371048759,14.608177565938146,13231500,15.17
9470,2017-10-03,15.851312316804712,15.913678135756074,15.653820556792061,15.768157891536227,14.550626388209826,9730900,15.09
9471,2017-10-04,15.716186375743424,15.788946497853347,15.643426253633502,15.685003466267744,14.473892524002386,9423700,15.27
9472,2017-10-05,15.695397769426304,15.892889529438952,15.5914547378407,15.872100923121833,14.646542938896388,9283000,15.21
9473,2017-10-06,15.976043954707436,16.0903812894516,15.757763588377667,15.80973510417047,14.588991761168073,13544400,15.01
9474,2017-10-09,15.820129407329029,15.84091801364615,15.5914547378407,15.601849040999259,14.397157620364625,9380700,15.16
9475,2017-10-10,15.5914547378407,15.778552194694788,15.581060434682138,15.757763588377667,14.541034525255105,9550800,15.04
9476,2017-10-11,15.716186375743424,15.726580678901987,15.497906009413656,15.63303195047494,14.425935288089418,13462700,14.91
9477,2017-10-12,15.674609163109183,15.747369285219106,15.466723099937974,15.497906009413656,14.301241069678063,10460500,14.83
9478,2017-10-13,15.456328796779411,15.56027182836502,15.1964712178154,15.414751584145172,14.224509284331253,9731800,14.96
9479,2017-10-16,15.43554019046229,15.570666131523579,15.425145887303731,15.549877525206458,14.349199345021347,6797800,14.78
9480,2017-10-17,15.549877525206458,15.5914547378407,15.331597158876688,15.362780068352368,14.176548930127339,8543500,14.9
9481,2017-10-18,15.456328796779411,15.549877525206458,15.352385765193809,15.487511706255097,14.291649206723344,7211100,14.97
9482,2017-10-19,15.341991462035248,15.62263764731638,15.258837036766764,15.56027182836502,14.358792247406383,10489700,15.22
9483,2017-10-20,15.778552194694788,15.851312316804712,15.685003466267744,15.820129407329029,14.598585702983424,10315400,15.12
9484,2017-10-23,15.872100923121833,15.934466742073194,15.653820556792061,15.716186375743424,14.502667073436228,16399200,15.44
9485,2017-10-24,15.653820556792061,16.131958502085844,15.601849040999259,16.04880407681736,14.809602530265991,20275500,15.57
9486,2017-10-25,16.05919837997592,16.433393293684095,15.986438257865997,16.183930017878644,14.934294669816717,19364600,15.81
9487,2017-10-26,16.215112927354326,16.50615341579402,16.215112927354326,16.433393293684095,15.164496262439037,18389300,15.72
9488,2017-10-27,16.371027474732735,16.474970506318336,16.30866165578137,16.339844565257057,15.07817261413751,11897800,15.6
9489,2017-10-30,16.215112927354326,16.329450262098494,16.152747108402966,16.215112927354326,14.963070258680874,10514800,15.48
9490,2017-10-31,16.204718624195767,16.298267352622812,16.0903812894516,16.0903812894516,14.847967903224239,12445400,15.56
9491,2017-11-01,16.1523542074602,16.39141736497087,16.110778006153996,16.173142308113302,14.924340816389577,9210600,15.71
9492,2017-11-02,16.110778006153996,16.38102331464432,15.923685100276078,16.329053063011568,15.068213182199628,15041900,15.81
9493,2017-11-03,16.24590066039916,16.516145968889482,16.225112559746055,16.432993566277077,15.164127399802975,12768800,15.88
9494,2017-11-06,16.401811415297423,16.54732811986914,16.349841163664667,16.505751918562936,15.23126776788733,9596100,15.47
9495,2017-11-07,16.484963817909833,16.59929837150189,16.04841370419469,16.079595855174343,14.838016149617504,16027500,15.36
9496,2017-11-08,16.017231553215037,16.110778006153996,15.798956496357466,15.96526130158228,14.732510302372814,13251300,15.28
9497,2017-11-09,15.861320798316772,16.079595855174343,15.695015993091957,15.882108898969873,14.655777265242087,16629100,15.17
9498,2017-11-10,15.94447320092918,16.04841370419469,15.757380295051263,15.767774345377815,14.550272457402428,11869900,15.44
9499,2017-11-13,15.705410043418508,16.100383955827446,15.653439791785754,16.04841370419469,14.809242300098513,12688500,15.69
9500,2017-11-14,15.996443452561936,16.37062926431777,15.96526130158228,16.308264962358464,15.049028883511912,12554000,15.8
9501,2017-11-15,16.183536358439852,16.526540019216036,16.089989905500897,16.422599515950527,15.154535770161635,16554100,15.7
9502,2017-11-16,16.62008647215499,16.62008647215499,16.26668876105226,16.318659012685014,15.058620513153254,17455500,15.8
9503,2017-11-17,16.214718509419505,16.516145968889482,16.1523542074602,16.422599515950527,15.154535770161635,10911400,15.86
9504,2017-11-20,16.422599515950527,16.54732811986914,16.36023521399122,16.484963817909833,15.212082429794583,11253000,15.66
9505,2017-11-21,16.526540019216036,16.536934069542585,16.26668876105226,16.27708281137881,15.020252955182855,13636500,15.56
9506,2017-11-22,16.349841163664667,16.349841163664667,16.1523542074602,16.173142308113302,14.924340816389577,9616100,15.57
9507,2017-11-24,16.214718509419505,16.28747686170536,16.162748257786753,16.183536358439852,14.933931406625884,3487100,15.52
9508,2017-11-27,16.225112559746055,16.24590066039916,16.079595855174343,16.1315661068071,14.885974297824209,7915600,16.0
9509,2017-11-28,16.183536358439852,16.651268623134648,16.162748257786753,16.630480522481545,15.346365244773361,14585000,16.57
9510,2017-11-29,16.807179378032913,17.347671034418596,16.79678532770636,17.22294139109495,15.893079819089548,18101100,16.59
9511,2017-11-30,17.33727594468701,17.607522292582367,17.18136622919378,17.24372949174805,15.912263078372229,19716300,16.65
9512,2017-12-01,17.264272038422224,17.3994741688436,16.692261985084617,17.31627285781506,15.979200749160325,16312600,16.950001
9513,2017-12-04,17.68027859356493,17.80508160012413,17.53467733928137,17.628278814188477,16.267116805941814,16551300,16.870001000000002
9514,2017-12-05,17.721880289095584,17.857081379500578,17.451476028252827,17.54507750315994,16.190341756173844,11927000,16.780001000000002
9515,2017-12-06,17.47227427597719,17.68027859356493,17.389072964948642,17.451476028252827,16.10396735514595,8467500,16.969998999999998
9516,2017-12-07,17.31627285781506,17.659478265807795,17.243471710665087,17.649077061912834,16.3741324122195,9865000,17.08
9517,2017-12-08,17.690678757443496,17.794681436245558,17.57627695477925,17.763479904593467,16.48027232469861,8342900,16.98
9518,2017-12-11,17.732278372941376,17.867481543379146,17.59707728253639,17.659478265807795,16.383785844331587,7813600,17.309998999999998
9519,2017-12-12,17.784280232350604,18.085883944812675,17.721880289095584,18.002682633784133,16.702194141588652,10874900,17.08
9520,2017-12-13,17.97148422218121,18.1066853125862,17.753079740714902,17.763479904593467,16.48027232469861,12385000,16.91
9521,2017-12-14,17.80508160012413,17.867481543379146,17.503475807629275,17.58667711865782,16.31624198002223,10923400,17.120001000000002
9522,2017-12-15,17.68027859356493,17.97148422218121,17.59707728253639,17.80508160012413,16.51886837286836,24017400,17.33
9523,2017-12-18,17.929882526650548,18.1066853125862,17.909081158877026,18.023484001557655,16.721493725698103,10763700,17.299999
9524,2017-12-19,18.085883944812675,18.17948645973617,17.919482362771983,17.992282469905565,16.6925459095585,11165000,17.25
9525,2017-12-20,18.17948645973617,18.2314883191454,17.773880068472035,17.940282690529116,16.644304749407766,8705400,17.49
9526,2017-12-21,18.200286787493308,18.283488098521847,18.065085697088318,18.189886623614736,16.875872718295177,7848600,17.469998999999998
9527,2017-12-22,18.26268673074832,18.26268673074832,17.992282469905565,18.169085255841214,16.856578334267656,5300600,17.35
9528,2017-12-26,18.169085255841214,18.283488098521847,17.950682854407685,18.044284329314795,16.74079122977479,3995000,17.299999
9529,2017-12-27,18.11708547646477,18.11708547646477,17.909081158877026,17.992282469905565,16.6925459095585,5360800,17.379998999999998
9530,2017-12-28,18.044284329314795,18.127485640343334,17.940282690529116,18.075483780934107,16.76973696588162,4386700,17.280001000000002
9531,2017-12-29,18.14828700811686,18.169085255841214,17.961083018286253,17.97148422218121,16.673250485514597,6240700,17.370001000000002
9532,2018-01-02,17.987890496157213,18.03961163200023,17.832734329297566,17.967204938087765,16.669281849503967,9951000,17.4
9533,2018-01-03,17.92582865004216,18.07064100348574,17.884454430759238,17.99823534395462,16.698066613478197,8324600,17.540001
9534,2018-01-04,18.143049766160885,18.339581186684796,18.10167347811528,18.143049766160885,16.83242137155813,10343300,17.49
9535,2018-01-05,18.20511161227594,18.24648583155886,17.92582865004216,18.09132966469921,16.784435386739663,10765000,17.469998999999998
9536,2018-01-08,18.04995544541629,18.12236110494741,17.92582865004216,18.07064100348574,16.765245544090174,8292200,17.780001000000002
9537,2018-01-09,18.10167347811528,18.536113641590045,18.10167347811528,18.391301288146465,17.062740858605622,9190300,18.08
9538,2018-01-10,18.45336313426152,18.887803297736287,18.411986846215914,18.7016146562471,17.35063401112693,10142100,18.200001
9539,2018-01-11,18.753332688946088,18.89814711115235,18.680925995033622,18.825741451621234,17.465799960938728,6331300,18.280001000000002
9540,2018-01-12,18.939521330435273,19.001586279694354,18.825741451621234,18.908491958949764,17.54257381287545,7141600,18.16
9541,2018-01-16,19.001586279694354,19.063648125809404,18.67058218161756,18.78436516357563,17.427409931826347,9776100,18.360001
9542,2018-01-17,18.83608319627461,19.053304312393344,18.515426014757914,18.991242466278283,17.619346630430833,10112900,18.15
9543,2018-01-18,18.98089761848088,19.187772852420853,18.72230228307923,18.774021350159558,17.417811907357574,11732900,18.67
9544,2018-01-19,18.98089761848088,19.342932122424525,18.918835772365824,19.311899647794988,17.916837807420915,15230200,19.16
9545,2018-01-22,19.5498073563645,19.829090318598283,19.342932122424525,19.81874650518221,18.38707066845929,13579500,19.360001
9546,2018-01-23,19.75668362468582,20.149748534496325,19.632557863693027,20.025623807884873,18.579005298301105,18157500,19.43
9547,2018-01-24,20.04630936595432,20.27387429548911,19.942873300556347,20.09802946741599,18.64617905700638,18690100,19.139999
9548,2018-01-25,20.18077997474452,20.222154194027443,19.78771403055267,19.798057843968742,18.367876688284444,11805000,19.379998999999998
9549,2018-01-26,19.922184639342877,20.04630936595432,19.777372285899297,20.04630936595432,18.59819410656925,8529000,19.26
9550,2018-01-29,20.004935146671396,20.170436161328453,19.880808351297265,19.922184639342877,18.48303850057087,8093900,19.15
9551,2018-01-30,19.746339811269753,19.98424751983927,19.715307336640212,19.808402691766148,18.37747471275321,6516700,19.23
9552,2018-01-31,19.839434132014347,20.09802946741599,19.798057843968742,19.891153199094674,18.45424753030859,9979500,19.540001
9553,2018-02-01,19.76017272266468,20.182353579045028,19.71898321626083,20.120571893719053,18.667089244840174,9505100,19.25
9554,2018-02-02,20.1308669534682,20.491267154234492,19.77046984183766,19.821954407990653,18.390044223779178,14249800,18.459999
9555,2018-02-05,19.585120667012063,19.955815927527503,18.90551183130716,19.00848096361314,17.635338497945707,17764500,18.67
9556,2018-02-06,18.62748858392472,19.32769268768751,18.256792293697362,19.22472149595769,17.83595727079292,20334900,18.959999
9557,2018-02-07,19.10115503616998,19.77046984183766,19.059967589189974,19.523336922262253,18.113000232430092,14037300,17.9
9558,2018-02-08,19.605715935069945,19.605715935069945,18.43184331963806,18.43184331963806,17.100357849584928,16345400,18.27
9559,2018-02-09,18.689271298962613,18.977590635806113,18.14352501250648,18.8128367290384,17.4538280891478,18812200,18.469998999999998
9560,2018-02-12,18.967293516633134,19.317395568514527,18.823134877923305,19.018778082786127,17.644893194826324,9323600,18.85
9561,2018-02-13,18.884916563249277,19.451257088051374,18.80253960986542,19.410069641071367,18.007912982710216,13246400,19.370001000000002
9562,2018-02-14,19.34828795574539,19.986708314758367,19.28650421099558,19.945520867778356,18.504686170379657,16959900,19.48
9563,2018-02-15,20.069085268142224,20.15146222152608,19.80136016964469,20.058788148969242,18.60977136067569,8832400,19.450001
9564,2018-02-16,19.966113046700485,20.254433413255907,19.935223748605374,20.027897821162213,18.58111241859344,7873600,19.4
9565,2018-02-20,20.007302553104328,20.254433413255907,19.883736093316625,19.97641119558538,18.533343053038063,6879100,19.620001000000002
9566,2018-02-21,19.955815927527503,20.470671886176607,19.945520867778356,20.20294884710291,18.74351858218972,9887300,19.309998999999998
9567,2018-02-22,20.305917979408896,20.398592051965732,19.821954407990653,19.883736093316625,18.447366226791335,12121700,19.65
9568,2018-02-23,19.966113046700485,20.24413629408292,19.821954407990653,20.233839174909935,18.77217443513621,9741600,19.799999
9569,2018-02-26,20.33681036663976,20.4294844391966,20.182353579045028,20.388294932792753,18.915476353530853,11291400,19.620001000000002
9570,2018-02-27,20.408890200850635,20.697209537694135,20.20294884710291,20.20294884710291,18.74351858218972,11728400,19.41
9571,2018-02-28,20.27502868131379,20.450079707254485,19.97641119558538,19.986708314758367,18.54289877963059,14165400,19.26
9572,2018-03-01,19.972440499406943,20.219012798833116,19.633402175036263,19.787509476906802,18.358092052305313,12432200,19.469998999999998
9573,2018-03-02,19.66422178611042,20.044356692339136,19.34573226636319,20.003260110481094,18.55825411468059,9335600,19.719998999999998
9574,2018-03-05,19.746412895048767,20.373121128092517,19.602579481795523,20.260107325913427,18.79654565988123,6964400,19.9
9575,2018-03-06,20.342298434851774,20.48613493027161,20.085451219419447,20.44503834841357,18.96811959979003,7795300,19.870001000000002
9576,2018-03-07,20.229287714839277,20.496408818888902,20.16764232835779,20.414217709950552,18.9395273677681,6610000,19.76
9577,2018-03-08,20.393668905327107,20.48613493027161,19.982714388024235,20.301203907771466,18.920371702441155,7466500,20.110001
9578,2018-03-09,20.46558612564816,20.691610647839745,20.290930019154175,20.66079103676559,19.255500812192953,10828300,19.92
9579,2018-03-12,20.64024223214214,20.763527868160796,20.403943821333257,20.46558612564816,19.07357490211337,8554500,19.709999
9580,2018-03-13,20.5477772345865,20.568325011821088,20.188191132981235,20.249833437296136,18.872495381484573,8248000,19.4
9581,2018-03-14,20.362847239475226,20.362847239475226,19.849152808610565,19.931343917548908,18.575670410664628,10893200,19.370001000000002
9582,2018-03-15,20.06490549696258,20.085451219419447,19.725867172591904,19.900523279085892,18.546946672868398,9701200,19.629998999999998
9583,2018-03-16,19.931343917548908,20.249833437296136,19.890249390468597,20.16764232835779,18.79589737750948,22955400,19.549999
9584,2018-03-19,20.136821689894774,20.219012798833116,19.900523279085892,20.085451219419447,18.7192962913678,10701000,19.459999
9585,2018-03-20,20.208738910215825,20.290930019154175,19.941617806166203,19.992986221863802,18.633121995812527,10213200,19.530001000000002
9586,2018-03-21,20.054630580956427,20.373121128092517,19.900523279085892,20.06490549696258,18.70014781776289,6715800,18.620001000000002
9587,2018-03-22,19.818332170147546,19.890249390468597,19.07861116231357,19.129981632788898,17.828812132408213,12313200,18.01
9588,2018-03-23,19.191623937103795,19.263541157424847,18.44163109543025,18.503273399745147,17.244735400181924,13440200,18.799999
9589,2018-03-26,18.83203783549853,19.376554959603936,18.69847831086258,19.314909573122453,18.001165860463068,12380200,18.290001
9590,2018-03-27,19.40737457067809,19.499840595622594,18.64710784038725,18.790943308418218,17.512832523650193,11449500,18.280001000000002
9591,2018-03-28,18.862860528739272,18.92450283305417,18.46217681788711,18.780669419800926,17.503262396403183,15874700,18.58
9592,2018-03-29,18.92450283305417,19.14025346662846,18.71902403331944,19.08888505093086,17.790514157809536,12310700,18.16
9593,2018-04-02,18.96214039094219,19.04400607628539,18.26628104220383,18.583510572908768,17.31951155445707,12853900,18.4
9594,2018-04-03,18.71654333491255,18.941672946285316,18.54257875355823,18.8291076289384,17.548401870750283,8307800,18.76
9595,2018-04-04,18.522111308901362,19.238435032333385,18.49141167689766,19.19750321298285,17.891744508437576,8834300,18.84
9596,2018-04-05,19.39193523899404,19.432867058344577,19.15656934699017,19.27936889832606,17.96804230385638,7229700,18.23
9597,2018-04-06,19.023538631628526,19.08493789563593,18.44024562355815,18.65514304758408,17.386273020854457,12367700,18.379998999999998
9598,2018-04-09,18.8291076289384,19.27936889832606,18.80864018428153,18.80864018428153,17.52932921270745,9916500,18.6
9599,2018-04-10,19.15656934699017,19.187270002314943,18.92120652494951,19.033771842296428,17.73914687095783,10152200,18.42
9600,2018-04-11,18.849574050274207,19.074703661646964,18.73700770960622,18.849574050274207,17.567479645398446,10008500,18.98
9601,2018-04-12,19.04400607628539,19.54543237569149,18.982604765635852,19.422633847676675,18.10156114336689,10703800,18.51
9602,2018-04-13,19.555666609680458,19.596598429030998,18.8291076289384,18.941672946285316,17.65331274651761,10682000,18.469998999999998
9603,2018-04-16,19.125871761628606,19.136104972296508,18.706310124244656,18.900739080292638,17.615168453753004,10550700,17.950001
9604,2018-04-17,19.054239286953297,19.054239286953297,18.235581410200126,18.36861417220391,17.11923431851237,15058000,17.91
9605,2018-04-18,18.46071306821502,18.60397699424457,18.215113965543253,18.327680306211235,17.08108183917923,15215000,18.15
9606,2018-04-19,18.378845336229677,18.634675602927206,18.2867484868607,18.573277362240866,17.30997420211458,19888000,18.889999
9607,2018-04-20,18.409545991554445,19.330533928344497,18.409545991554445,19.330533928344497,18.015727018926665,18950500,18.860001
9608,2018-04-23,19.402166403019805,19.514732743687787,19.04400607628539,19.299836342982925,17.987114961899216,15552500,18.870001000000002
9609,2018-04-24,19.443100269012476,19.678464114374208,19.064470450979062,19.31006955365083,17.996653337562766,15895300,19.02
9610,2018-04-25,19.330533928344497,19.617064850366802,19.10540431697174,19.46356669034828,18.13971157605789,13805600,18.809998999999998
9611,2018-04-26,19.330533928344497,19.432867058344577,19.166803580979145,19.248668243001283,17.939428200186793,10997100,19.0
9612,2018-04-27,19.19750321298285,19.473800924337255,19.177036791647044,19.443100269012476,18.12063380140972,8856900,18.700001
9613,2018-04-30,19.494265299030918,19.647765505691574,19.136104972296508,19.136104972296508,17.8345193710616,9989200,18.75
9614,2018-05-01,19.005893961556197,19.189328863061828,18.8020784234105,19.10780224017044,17.80814354318171,9304800,18.549999
9615,2018-05-02,19.036466445140466,19.179138035200406,18.832649887911984,18.90398466385917,17.61819058817591,11447300,18.42
9616,2018-05-03,18.8020784234105,18.91417549172059,18.4657811039835,18.77150492074344,17.494720555972464,10668200,18.719998999999998
9617,2018-05-04,18.608451674960655,19.199519690923257,18.526925052069256,19.07722873750338,17.77964998848117,10261700,18.75
9618,2018-05-07,19.10780224017044,19.23009319359032,18.934558166526223,19.10780224017044,17.80814354318171,8201200,18.969998999999998
9619,2018-05-08,19.14856657069892,19.546007838211683,19.067037909641957,19.331999434038984,18.017090163155633,10519500,19.219998999999998
9620,2018-05-09,19.393146439373105,19.780396879024437,19.35238210884462,19.58677013057459,18.25453441416125,9098600,19.33
9621,2018-05-10,19.576579302713167,19.851732674054407,19.484863890125926,19.698870256133045,18.359006705065426,8065400,19.32
9622,2018-05-11,19.77020605116301,19.86192350191583,19.61734363324165,19.688679428271623,18.349509872581365,9816700,19.200001
9623,2018-05-14,19.760014204218805,19.77020605116301,19.495052679821768,19.566390513017314,18.23553871102756,8948800,19.389999
9624,2018-05-15,19.627534461103075,19.82116120955292,19.556199685155892,19.760014204218805,18.415989738135366,13358600,19.299999
9625,2018-05-16,19.698870256133045,19.77020605116301,19.566390513017314,19.668296753465984,18.3305121312821,7312400,19.32
9626,2018-05-17,19.65810796377013,19.729443758800105,19.474673062264497,19.688679428271623,18.349509872581365,8104100,19.129998999999998
9627,2018-05-18,19.627534461103075,19.688679428271623,19.474673062264497,19.495052679821768,18.16905680730798,8757800,19.15
9628,2018-05-21,19.576579302713167,19.65810796377013,19.515435354627407,19.515435354627407,18.188052510441675,9348100,19.450001
9629,2018-05-22,19.515435354627407,19.9740226083915,19.515435354627407,19.82116120955292,18.472978885702023,10506000,19.200001
9630,2018-05-23,19.698870256133045,19.82116120955292,19.41352605693038,19.566390513017314,18.23553871102756,12143700,19.139999
9631,2018-05-24,19.525626182488832,19.546007838211683,19.168946188256196,19.505243507683197,18.17855160162647,8644700,19.01
9632,2018-05-25,19.403337267234527,19.464481215320287,19.2606646580918,19.37276376456747,18.055082588505808,6609200,18.110001
9633,2018-05-29,19.168946188256196,19.168946188256196,18.343490150563618,18.455590276122074,17.20029327189691,13899400,18.42
9634,2018-05-30,18.81226721310635,18.9243673386648,18.618642502822073,18.77150492074344,17.494720555972464,10805800,18.24
9635,2018-05-31,18.74093141807638,18.832649887911984,18.537116899013473,18.5880700192378,17.323764323183145,12813400,18.59
9636,2018-06-01,18.86372943417768,19.02652320692173,18.802680751937583,18.914601470699118,17.628085018068248,9464600,18.73
9637,2018-06-04,19.01634859612523,19.08756985423967,18.924776081495622,19.057046021850162,17.760837234974538,5467100,18.629998999999998
9638,2018-06-05,18.98582374627464,19.046870393592574,18.82302997353059,18.95529889642405,17.666012914734377,5641300,19.25
9639,2018-06-06,19.107920093293757,19.63699781978975,19.08756985423967,19.586125783268315,18.253935502771945,11850100,19.059998999999998
9640,2018-06-07,19.586125783268315,19.65734805884384,19.240189016187216,19.392807160673676,18.158659429812417,6973700,19.110001
9641,2018-06-08,19.38263254987718,19.484379675303288,19.28088847683431,19.443682249578355,18.20629797502272,7591600,18.870001000000002
9642,2018-06-11,19.484379675303288,19.575951172471814,19.199491590462287,19.199491590462287,17.977649033898306,9521400,18.950001
9643,2018-06-12,19.270713866037806,19.4640294362492,19.168966740611694,19.28088847683431,18.05386399099167,12432500,18.889999
9644,2018-06-13,19.301235663505153,19.586125783268315,19.08756985423967,19.21983877713313,17.99669997515368,12110400,18.620001000000002
9645,2018-06-14,19.25036362698372,19.28088847683431,18.833204584327095,18.945126320549708,17.739468517379727,12841300,18.59
9646,2018-06-15,18.833204584327095,18.995998357071144,18.61953674013945,18.914601470699118,17.71088600073019,18415800,18.719998999999998
9647,2018-06-18,18.945126320549708,19.179141351408198,18.75180769795507,19.046870393592574,17.83473848557278,13435900,18.950001
9648,2018-06-19,18.904426859902614,19.301235663505153,18.843379195123596,19.28088847683431,18.05386399099167,10416100,18.91
9649,2018-06-20,19.392807160673676,19.484379675303288,19.23001440539071,19.240189016187216,18.01575498625337,8467800,18.92
9650,2018-06-21,19.168966740611694,19.38263254987718,18.96547350722055,19.25036362698372,18.025281474342137,10623200,18.530001000000002
9651,2018-06-22,19.392807160673676,19.443682249578355,18.802680751937583,18.85355482338118,17.65372605473652,12078500,18.35
9652,2018-06-25,18.761983326212654,18.843379195123596,18.4465683565989,18.670410811583046,17.482239094527937,10753500,18.18
9653,2018-06-26,18.680586439840628,18.721283865565557,18.334648655298448,18.497442428042497,17.320275570024883,9887000,17.860001
9654,2018-06-27,18.43639578072456,18.558490092821508,18.1108062003143,18.17185590001548,17.015408619423866,12322900,17.99
9655,2018-06-28,18.27359997305835,18.43639578072456,18.04975955299636,18.304124822908935,17.139259069344295,12372600,17.780001000000002
9656,2018-06-29,18.59918955346861,18.70093362651147,18.08028338538587,18.090459013643457,16.939191627408338,18515700,17.889999
9657,2018-07-02,17.987498392895407,18.221498654793933,17.93662775335111,18.20114978854075,17.042841370395948,13185900,17.559998999999998
9658,2018-07-03,18.241846503654678,18.333411823528014,17.845064468262663,17.865410282338516,16.728465070712605,6077500,17.459999
9659,2018-07-05,17.997673334718225,18.018019148794078,17.72297635770577,17.76367103803481,16.633204581486158,11142700,17.59
9660,2018-07-06,17.72297635770577,17.946801677781487,17.49915103763006,17.89593307302207,16.75704667661484,9841900,18.07
9661,2018-07-09,17.997673334718225,18.394455370110236,17.926455863705634,18.384281445679868,17.2143147275303,11564400,17.879998999999998
9662,2018-07-10,18.45549789930002,18.486020689983576,18.058715863908006,18.190975864110378,17.033314507559346,12428700,17.690001000000002
9663,2018-07-11,18.079063712768743,18.211324730363565,17.997673334718225,17.997673334718225,16.85231225280351,7794500,17.52
9664,2018-07-12,18.129933334920597,18.170630050034525,17.682279642591844,17.82471560200948,16.690360671543537,10073600,17.209999
9665,2018-07-13,17.784019904287998,17.784019904287998,17.366889002642797,17.509322927275544,16.39504013231828,19405700,17.51
9666,2018-07-16,17.57036749125021,17.875585224161334,17.550019642389472,17.814541677579108,16.68083686088427,8645100,17.639999
9667,2018-07-17,17.855236357908147,18.068889788338378,17.76367103803481,17.946801677781487,16.804678956012957,9817200,18.059998999999998
9668,2018-07-18,17.916281939275258,18.424978160793795,17.916281939275258,18.37410650385705,17.204790916871033,11263900,17.620001000000002
9669,2018-07-19,18.221498654793933,18.292716125806532,17.89593307302207,17.926455863705634,16.785628282517084,12868400,17.82
9670,2018-07-20,17.804367753148735,18.241846503654678,17.57036749125021,18.129933334920597,16.97615333053975,16016600,18.27
9671,2018-07-23,18.160455108211714,18.648803480869503,18.068889788338378,18.587759934287284,17.404846897300068,13069100,18.27
9672,2018-07-24,18.638629556439138,18.852282986869366,18.486020689983576,18.587759934287284,17.404846897300068,17133000,18.290001
9673,2018-07-25,18.526715370312612,18.69967208562891,18.44532397486965,18.608108800540467,17.423897570795937,13383300,18.389999
9674,2018-07-26,18.638629556439138,18.842108045046547,18.536889294742984,18.709846010059287,17.519163146984596,12116100,18.559998999999998
9675,2018-07-27,18.740368800742843,18.93367438231233,18.658977405299876,18.882802725375587,17.681113710852124,10344500,18.82
9676,2018-07-30,18.8929776671984,19.228717173400636,18.8929776671984,19.147325777957672,17.92880197067927,13781200,18.610001
9677,2018-07-31,19.21854223157782,19.259238946691745,18.87262880094522,18.93367438231233,17.72874802503512,12467000,18.83
9678,2018-08-01,19.004507969148833,19.462078334024735,18.97400212575254,19.14686280964203,17.92836988256011,14581000,19.07
9679,2018-08-02,19.035010762062456,19.512921745294395,18.984170401275456,19.39090142219191,18.15687543742118,11759500,19.139999
9680,2018-08-03,19.38073212984144,19.594266932650132,19.309555218008615,19.462078334024735,18.223526449818756,10476500,19.120001000000002
9681,2018-08-06,19.441743816634016,19.584098657127225,19.248545564871147,19.441743816634016,18.204484320247,10461900,19.309998999999998
9682,2018-08-07,19.53325626268511,19.76712863336718,19.472247626375196,19.634939017914224,18.385386076420016,11555600,19.370001000000002
9683,2018-08-08,19.685782429183888,19.76712863336718,19.512921745294395,19.695950704706803,18.442512465135277,8902400,19.280001000000002
9684,2018-08-09,19.64510831026469,19.76712863336718,19.543424538208022,19.6044362250006,18.356820339993497,7004500,19.129998999999998
9685,2018-08-10,19.38073212984144,19.543424538208022,19.28921765013524,19.45191005850182,18.21400385979155,8846900,18.950001
9686,2018-08-13,19.45191005850182,19.6552765857876,19.26888313274452,19.26888313274452,18.04262265999064,9497400,19.200001
9687,2018-08-14,19.299386942485704,19.6044362250006,19.299386942485704,19.523090020817307,18.280652838534024,10964900,19.07
9688,2018-08-15,19.350229336927818,19.48241590189811,19.26888313274452,19.39090142219191,18.15687543742118,10243200,19.4
9689,2018-08-16,19.512921745294395,19.81796899415418,19.48241590189811,19.72645451444798,18.47107718473424,10024400,19.49
9690,2018-08-17,19.685782429183888,19.838305545200004,19.634939017914224,19.81796899415418,18.556765242565817,10071100,19.48
9691,2018-08-20,19.756959341016714,19.868811388596292,19.64510831026469,19.80780071863127,18.547244686193714,8298700,19.540001
9692,2018-08-21,19.828137269677097,20.04167003883068,19.746791065493802,19.868811388596292,18.60437107490898,9948200,19.530001000000002
9693,2018-08-22,19.787463150757894,19.919651749383295,19.706116946574603,19.85864311307338,18.594850518536884,6141200,19.34
9694,2018-08-23,19.80780071863127,19.838305545200004,19.584098657127225,19.66544486131051,18.41394876236387,5897000,19.26
9695,2018-08-24,19.76712863336718,19.77729690889009,19.543424538208022,19.584098657127225,18.337779227249296,7958500,19.440001000000002
9696,2018-08-27,19.675613136833427,19.93998931725667,19.634939017914224,19.76712863336718,18.50915941022265,8804700,19.469998999999998
9697,2018-08-28,19.838305545200004,19.868811388596292,19.6552765857876,19.797631426280805,18.537724129821616,8124800,19.52
9698,2018-08-29,19.81796899415418,19.950157592779586,19.66544486131051,19.848473820722916,18.58532996216478,9292200,19.35
9699,2018-08-30,19.81796899415418,19.85864311307338,19.6552765857876,19.675613136833427,18.42346931873597,8096700,19.459999
9700,2018-08-31,19.57393038160431,19.848473820722916,19.50275245294393,19.787463150757894,18.528203573449513,7923500,19.639999
9701,2018-09-04,19.815279691331373,19.998097228989973,19.723871430325744,19.947312830469933,18.677881621401607,8883300,19.93
9702,2018-09-05,19.957470319562347,20.302790416694723,19.927001914874488,20.241851576024306,18.953672532623724,10739500,19.58
9703,2018-09-06,20.089505489995602,20.140286841573605,19.866061042909372,19.886375005446855,18.752546935933033,8587600,19.610001
9704,2018-09-07,20.099661963440674,20.10981640559105,19.83559365386886,19.916845441429412,18.781279599309137,8874100,19.540001
9705,2018-09-10,20.008253702435045,20.018408144585422,19.815279691331373,19.845750127313924,18.714236718098235,6645600,19.65
9706,2018-09-11,19.83559365386886,20.099661963440674,19.8051232178863,19.957470319562347,18.819587785849254,8759200,19.15
9707,2018-09-12,19.906687952337,19.97778326645249,19.43948915821644,19.449646647308853,18.34071920374031,11764500,18.870001000000002
9708,2018-09-13,19.63246316932011,19.652776116210255,19.10432553452913,19.165266406494244,18.072553772780754,14796500,18.969998999999998
9709,2018-09-14,19.205891284627178,19.368394859748292,19.185577322089692,19.26682910965025,18.168326270425727,11172100,18.98
9710,2018-09-17,19.26682910965025,19.378551333193364,19.114483023621545,19.276986598742667,18.177901793589736,16291000,18.91
9711,2018-09-18,19.25667263620518,19.297299545632807,19.114483023621545,19.205891284627178,18.110861959320864,11182200,19.16
9712,2018-09-19,19.236361720609736,19.571524328649694,19.195734811182103,19.459803120753925,18.3502987894937,8512800,19.49
9713,2018-09-20,19.591838291187177,19.855904569464307,19.561367855204622,19.79496674444123,18.666349961452074,8848900,19.440001000000002
9714,2018-09-21,19.8051232178863,19.855904569464307,19.652776116210255,19.744185392863226,18.61846422045326,14424400,19.290001
9715,2018-09-24,19.7035584834356,19.8051232178863,19.530898434869414,19.591838291187177,18.47480395051478,8067000,19.25
9716,2018-09-25,19.71371495688067,19.754341866308298,19.54105490831448,19.551211381759554,18.43649170138529,7670800,18.940001000000002
9717,2018-09-26,19.642619642765183,19.673090078747737,19.205891284627178,19.236361720609736,18.139593607049623,9266800,18.540001
9718,2018-09-27,19.195734811182103,19.205891284627178,18.80978882026945,18.830102782806936,17.756498538232997,13998400,18.35
9719,2018-09-28,18.738694521801303,18.901198096922425,18.57619094668019,18.637128771703264,17.574526019165024,13617100,18.139999
9720,2018-10-01,18.70564606990925,18.73606073907112,18.330518298831485,18.39134865101133,17.342763923542325,15586500,18.110001
9721,2018-10-02,18.411626786879413,18.60425944599324,18.26968693279554,18.36093499570556,17.314080920600272,11908900,18.469998999999998
9722,2018-10-03,18.48259671392135,18.817168213262946,18.462318578053264,18.725921164209026,17.658257692638944,12179000,18.67
9723,2018-10-04,18.807029652256954,19.192295984340706,18.766476422089095,18.92869339818495,17.849469939355835,11839600,18.540001
9724,2018-10-05,19.030079008244854,19.080771813274808,18.70564606990925,18.79689311896317,17.725182333839495,8604000,18.690001000000002
9725,2018-10-08,18.766476422089095,19.0909103742808,18.70564606990925,18.94897153405303,17.868591265413134,8363500,18.59
9726,2018-10-09,18.878001607011097,18.989524764220892,18.74619930007711,18.84758491013702,17.77298362127054,8757100,18.27
9727,2018-10-10,18.817168213262946,19.030079008244854,18.502873835933332,18.52315095794531,17.467048487490363,12205900,17.74
9728,2018-10-11,18.39134865101133,18.573843762975265,17.924975858591853,17.985807224627795,16.96034247167685,15154200,17.290001
9729,2018-10-12,18.218993113909484,18.249409810783558,17.18486191901062,17.52957299321431,16.53011770466813,19965800,17.16
9730,2018-10-15,17.52957299321431,17.71206506360994,17.397770686280325,17.397770686280325,16.405830099151792,13905800,17.219998999999998
9731,2018-10-16,17.468740613322264,17.52957299321431,17.194998452304407,17.45860103846017,16.463193063467585,14614600,17.33
9732,2018-10-17,17.397770686280325,17.772898457358092,17.164583783142536,17.570126223382168,16.568362384494925,15434200,17.040001
9733,2018-10-18,17.519434432208318,17.742481760484015,17.215276588172493,17.276108968064538,16.2911061982324,13042300,16.9
9734,2018-10-19,17.235553710184472,17.509294857346223,17.063198173082625,17.134168100124562,16.15725792968741,16990800,16.389999
9735,2018-10-22,17.174723358004627,17.30652363722641,16.59682538066315,16.61710047496293,15.669672226075095,20725400,16.280001000000002
9736,2018-10-23,15.92767934041165,16.657655732842994,15.92767934041165,16.505578331609232,15.564507974328254,21101400,15.46
9737,2018-10-24,16.44474493786108,16.465023073729167,15.633661071237915,15.67421531526188,14.780545772252212,29458900,16.059998999999998
9738,2018-10-25,15.836432291357733,16.505578331609232,15.745185242303814,16.28252796176523,15.354173387697967,16413200,16.059998999999998
9739,2018-10-26,16.05948063348953,16.454884512723176,15.968233584435614,16.28252796176523,15.354173387697967,15845900,16.43
9740,2018-10-29,16.546131561777095,16.931397893860847,16.465023073729167,16.657655732842994,15.707915892045794,15731100,16.52
9741,2018-10-30,16.72862565988493,16.83001126994484,16.333222794507385,16.74890278189691,15.793960845447536,20155600,16.969998999999998
9742,2018-10-31,16.94153442715464,17.489017735334244,16.94153442715464,17.205137013310395,16.224178515463553,21663900,17.209999
9743,2018-11-01,17.334167135070903,17.568136669867243,17.28330295431641,17.507099856414513,16.508926549111642,13956400,17.26
9744,2018-11-02,17.6902072449829,17.87331565081456,17.35451036594085,17.557964037169004,16.556888477757322,10271500,17.32
9745,2018-11-05,17.598653550698707,17.751245075698904,17.446065077488317,17.618999833358465,16.614445233563988,8068400,17.639999
9746,2018-11-06,17.578310319828763,17.944523062439,17.53761877177251,17.944523062439,16.921412563339658,14261100,17.52
9747,2018-11-07,17.944523062439,18.005560893155003,17.456237710186564,17.822452487323343,16.80630108625287,13347800,17.67
9748,2018-11-08,17.751245075698904,18.18866624719685,17.71055352764266,17.975041977797,16.95018992397972,10510200,17.24
9749,2018-11-09,17.934350429740753,18.086941954740954,17.42571879482856,17.53761877177251,16.537704927014975,17214000,16.93
9750,2018-11-12,17.52744613907427,17.669864014112957,17.191749260032218,17.22226715812695,16.24033445892683,13848600,16.879998999999998
9751,2018-11-13,17.25278403895841,17.52744613907427,17.161232379200758,17.17140297737246,16.19236846122807,12300100,16.370001000000002
9752,2018-11-14,17.293475587014658,17.40537556395861,16.43897444036217,16.652600744288563,15.703148244030663,16666000,16.450001
9753,2018-11-15,16.479665988418418,16.80518921749895,16.31690386524651,16.733981805874514,15.779887533316408,16979800,16.200001
9754,2018-11-16,16.591562913572556,16.69329025781827,16.398284926832467,16.479665988418418,15.540072803771656,17433000,16.129998999999998
9755,2018-11-19,16.48983658659012,16.67294397515851,16.205003888302556,16.408455525004168,15.472923255330548,18830200,15.83
9756,2018-11-20,16.245694419095535,16.286384949888514,15.909997540053485,16.10327756132012,15.185145579876844,16370200,15.82
9757,2018-11-21,16.215176521000803,16.38811229413422,15.92017017275173,16.093104928621877,15.175550752715862,12623700,15.96
9758,2018-11-23,15.95068807084646,16.296557582586757,15.838789111165777,16.23552178639729,15.309847815071539,17990100,16.34
9759,2018-11-26,16.54070076734461,16.72380917317627,16.38811229413422,16.62208182893056,15.674368848864063,15245900,16.26
9760,2018-11-27,16.510182869249878,16.79501658480071,16.43897444036217,16.54070076734461,15.59762854231505,14286400,16.43
9761,2018-11-28,16.591562913572556,16.80518921749895,16.33724709611646,16.713635523214755,15.760703982574059,14888000,16.209999
9762,2018-11-29,16.571219682702612,16.662771342460264,16.408455525004168,16.48983658659012,15.549664579142831,14182800,16.450001
9763,2018-11-30,16.469493355720175,16.825535500158708,16.43897444036217,16.733981805874514,15.779887533316408,20201000,16.629998999999998
9764,2018-12-03,17.124373296457872,17.195808870649955,16.78760077851636,16.971292838166164,16.003669875434362,15801800,15.59
9765,2018-12-04,16.869242601047635,16.899856243451296,15.726256065086991,15.90995016578236,15.002839101387954,17607800,15.3
9766,2018-12-06,15.481330597493164,15.613998559106488,15.113942396102424,15.613998559106488,14.857179884764346,19708900,14.9
9767,2018-12-07,15.603793331290076,15.818103115434676,15.124147623918832,15.20578944645011,14.468757688321201,14311700,14.39
9768,2018-12-10,15.103737168286013,15.103737168286013,14.460807815852217,14.685322827813225,13.973518392846481,18644900,14.16
9769,2018-12-11,14.858811700692186,15.001684890121918,14.409781676770168,14.450602588035808,13.750175961561578,17283500,14.26
9770,2018-12-12,14.848606472875778,14.848606472875778,14.41998690458658,14.552654866199903,13.847279724757497,11803900,13.78
9771,2018-12-13,14.552654866199903,14.57306532183272,13.960751652848153,14.062803931012247,13.3811722726075,13554100,13.47
9772,2018-12-14,13.899520285949695,14.154650981359932,13.675005273988688,13.746441868703556,13.080145606138524,15312900,13.39
9773,2018-12-17,13.572952995824593,14.042393475379429,13.572952995824593,13.664800046172278,13.002460350431672,15430200,13.23
9774,2018-12-18,13.715826185254326,14.011777791930202,13.389258895129222,13.501516401109727,12.84709290058631,13604800,12.84
9775,2018-12-19,13.48110594547691,13.726031413070734,13.011665465922071,13.103512516269758,12.468377916842135,21492100,12.91
9776,2018-12-20,13.011665465922071,13.389258895129222,12.991255010289255,13.174949110984624,12.536351877758893,20242600,12.86
9777,2018-12-21,13.144333427535397,13.419874578578453,13.072896832820529,13.123922971902575,12.487800506422325,31504500,12.57
9778,2018-12-24,12.991255010289255,13.123922971902575,12.787150453961065,12.827971365226702,12.206193367965195,7330100,13.39
9779,2018-12-26,12.86879227649234,13.664800046172278,12.644277264531333,13.664800046172278,13.002460350431672,16054400,13.36
9780,2018-12-27,13.470900717660498,13.63418436272305,13.113717744086168,13.63418436272305,12.973328507106949,13462400,13.35
9781,2018-12-28,13.685210501805098,13.85869937468406,13.532132084558956,13.62397913490664,12.963620273885198,12257100,13.38
9782,2018-12-31,13.685210501805098,13.84849414686765,13.45049026202768,13.65459481835587,12.992750076164358,10700600,13.67
9783,2019-01-02,13.40452278794813,13.934184782608696,13.35359375,13.923998975019067,13.249096531357264,11301300,13.65
9784,2019-01-03,13.84251251430206,14.137900934401221,13.740654438405796,13.903627359839817,13.229711920933447,12302100,14.15
9785,2019-01-04,14.178644164759724,14.453660969679634,14.066600281273836,14.412917739321129,13.714315977140542,16824000,14.39
9786,2019-01-07,14.382360316552248,14.891650696033562,14.280502240655988,14.657377121472159,13.946927227903318,10922400,14.54
9787,2019-01-08,14.830535850495805,14.871279080854308,14.474032584858886,14.81016423531655,14.092308241049295,10790100,14.7
9788,2019-01-09,14.871279080854308,15.085181040236462,14.749049389778795,14.973137156750571,14.247382068697558,8797500,14.71
9789,2019-01-10,14.952765541571319,15.125924270594965,14.830535850495805,14.983322964340198,14.257074883199847,9324900,14.78
9790,2019-01-11,14.912022311212816,15.176853308543096,14.789792620137298,15.054623617467582,14.324918473231312,8807300,14.96
9791,2019-01-14,14.912022311212816,15.32964042238749,14.850907465675057,15.237968154080855,14.499375892722634,8154500,15.11
9792,2019-01-15,15.187039116132722,15.390755267925247,14.993508771929823,15.390755267925247,14.644757924449367,14079000,15.4
9793,2019-01-16,15.543542381769642,15.777815956331045,15.441684305873379,15.686143688024409,14.925827136239034,12393700,15.61
9794,2019-01-17,15.584285612128147,15.940788877765064,15.431498498283753,15.900045647406559,15.129361980656464,13514300,15.7
9795,2019-01-18,15.78800176392067,16.05283276125095,15.237968154080855,15.991717915713195,15.216591199692505,21818700,15.59
9796,2019-01-22,15.879674032227307,16.05283276125095,15.726886918382913,15.879674032227307,15.109978388813406,16134200,15.37
9797,2019-01-23,15.940788877765064,16.01208953089245,15.52317076659039,15.655586265255527,14.896752767055206,12494900,15.51
9798,2019-01-24,15.563913996948893,15.879674032227307,15.533356574180015,15.798187571510296,15.032441984279654,14425900,15.65
9799,2019-01-25,15.971346300533941,16.073204376430205,15.798187571510296,15.940788877765064,15.1681312015041,10185400,15.68
9800,2019-01-28,15.859302417048054,16.022275338482075,15.78800176392067,15.971346300533941,15.197208626430205,9985400,15.53
9801,2019-01-29,15.971346300533941,16.103761799199084,15.808373379099923,15.818559186689548,15.051825576122711,12582200,15.43
9802,2019-01-30,15.849116609458429,16.01208953089245,15.70651530320366,15.716701110793288,14.9549055797459,11223900,15.17
9803,2019-01-31,15.614843034897024,15.726886918382913,15.207410731311976,15.451870113463004,14.702910737140066,19708300,15.33
9804,2019-02-01,15.437543833275313,15.721545953729786,15.376686236035068,15.549116094882427,14.795442424846506,12146600,15.47
9805,2019-02-04,15.538973162009054,15.751974752349907,15.437543833275313,15.691117155109666,14.930562519412447,8603500,15.41
9806,2019-02-05,15.670831289362914,15.741831819476534,15.52883022913568,15.63025955786942,14.872653472758492,7942700,15.41
9807,2019-02-06,15.538973162009054,15.721545953729786,15.478115564768808,15.63025955786942,14.872653472758492,7507700,15.51
9808,2019-02-07,16.096834470044627,16.492408852106216,15.538973162009054,15.73168888660316,14.969166521928507,32773500,15.44
9809,2019-02-08,15.701260087983039,15.792546483843406,15.45782969902206,15.66068835648954,14.901606474645536,12905900,15.36
9810,2019-02-11,15.73168888660316,15.792546483843406,15.579544893502549,15.579544893502549,14.824397455320126,12148000,15.47
9811,2019-02-12,15.741831819476534,15.934547544070641,15.670831289362914,15.691117155109666,14.930562519412447,15124500,15.59
9812,2019-02-13,15.76211768522328,15.873689946830396,15.680974222236292,15.812832349590153,15.046376555547207,8964000,15.51
9813,2019-02-14,15.650545423616167,15.85340408108365,15.498401430515557,15.73168888660316,14.969166521928507,8650200,16.0
9814,2019-02-15,15.934547544070641,16.259122410311903,15.843261148210274,16.22869259739849,15.442080767149575,9929200,16.139999
9815,2019-02-19,16.16783500015824,16.43155226915926,16.096834470044627,16.370692643332436,15.57719781883565,9295800,16.360001
9816,2019-02-20,16.319978993258857,16.644552845206825,16.269265343185275,16.593839195133242,15.789526932727002,9050800,16.25
9817,2019-02-21,16.6546957780802,16.6546957780802,16.370692643332436,16.48226591923284,15.683362882927968,8124400,16.24
9818,2019-02-22,16.522838665019624,16.532979569306423,16.30983606038548,16.472122986359462,15.673710868005667,10314200,16.370001000000002
9819,2019-02-25,16.58369524796658,16.786552891140772,16.56340938221983,16.60398212800662,15.79918097623588,11865100,16.200001
9820,2019-02-26,16.502551784979588,16.66483871095357,16.330121926132232,16.43155226915926,15.635106865489606,10640500,16.57
9821,2019-02-27,16.45183610631943,16.867696354127766,16.45183610631943,16.80683977118081,15.992204031696051,21573900,16.4
9822,2019-02-28,16.80683977118081,16.82712563692756,16.58369524796658,16.63440991233345,15.82813194953635,14091000,16.309998999999998
9823,2019-03-01,16.702471198538955,16.86384774160313,16.430150299324946,16.450320350001178,15.652965910944838,14202800,16.16
9824,2019-03-04,16.460407392546085,16.662128071376305,16.188083467521892,16.29903084948191,15.509008957101047,11493800,16.110001
9825,2019-03-05,16.29903084948191,16.33937599385135,15.956105695470532,16.248601688377747,15.461024650624308,12362200,15.77
9826,2019-03-06,16.188083467521892,16.27885777299549,15.895589491821465,15.905675525762977,15.134720271945147,13099400,15.42
9827,2019-03-07,15.703954846932756,15.724126914815777,15.441717964453467,15.552664337810088,14.93137574165034,11658000,15.47
9828,2019-03-08,15.391287794745912,15.6535246772252,15.340857625038357,15.603094507517644,14.97979173037978,8707700,15.57
9829,2019-03-11,15.693868812991244,15.814901220289377,15.57283640569311,15.703954846932756,15.07662169063186,6703400,15.62
9830,2019-03-12,15.75438501664031,15.915761559704487,15.6535246772252,15.75438501664031,15.125036670757902,11137500,15.81
9831,2019-03-13,15.774557084523332,16.036793967002623,15.724126914815777,15.946019661529022,15.3090170244884,8269700,15.79
9832,2019-03-14,15.956105695470532,16.09731017065169,15.905675525762977,15.925847593645999,15.289649822113912,7636700,15.74
9833,2019-03-15,15.915761559704487,16.067052068827152,15.865331389996932,15.875417423938444,15.241233833384474,12812500,15.97
9834,2019-03-18,16.0166218991196,16.198169501463404,15.946019661529022,16.107396204593197,15.463947583260557,10486800,15.63
9835,2019-03-19,16.228428611891328,16.268771739053978,15.734212948757289,15.764471050581822,15.134720271945147,10237000,14.96
9836,2019-03-20,15.683782779049734,15.764471050581822,15.078620742559067,15.08870677650058,14.485950259104964,12457700,14.43
9837,2019-03-21,15.028190572851512,15.028190572851512,14.523888875775958,14.554146977600492,13.972746628472631,26932400,13.53
9838,2019-03-22,14.412942502419336,14.412942502419336,13.535457549507873,13.646403922864495,13.101264882963157,29240100,13.53
9839,2019-03-25,13.757350296221116,13.969157008992848,13.495113413741828,13.646403922864495,13.101264882963157,18113100,13.93
9840,2019-03-26,13.757350296221116,14.070017348407958,13.727092194396583,14.049845280524938,13.48858976698846,21078900,13.97
9841,2019-03-27,14.009501144758893,14.18096372176458,13.89855477140227,14.090189416290983,13.527323163134044,17025600,14.17
9842,2019-03-28,14.140619585998538,14.312082163004225,13.999415110817383,14.291910095121203,13.72098610944839,10337800,14.15
9843,2019-03-29,14.483544740009915,14.523888875775958,14.201135789647603,14.271738027238182,13.701617898470507,11975600,14.67
9844,2019-04-01,14.377159555152065,14.76844303222878,14.367126645483431,14.71827848388561,14.13032088186564,15469300,14.84
9845,2019-04-02,14.708245574216978,14.98916704493872,14.597883567862008,14.888837948252382,14.294065993985475,12535600,14.87
9846,2019-04-03,15.099529051293691,15.330285973672265,14.898870857921017,14.918936677258284,14.32296378370404,16022700,15.1
9847,2019-04-04,14.868772128915117,15.219923967317294,14.838673399909213,15.14969359963686,14.544502468679074,10009500,15.14
9848,2019-04-05,15.199858147980029,15.29015433499773,15.029298683613256,15.189825238311395,14.583030848388562,8871100,15.24
9849,2019-04-08,15.099529051293691,15.380450522015433,15.089496141625055,15.29015433499773,14.679350794371311,9973400,15.0
9850,2019-04-09,15.159726509305491,15.209891057648662,14.949035406264187,15.049364502950523,14.448179512823422,8770400,15.12
9851,2019-04-10,15.049364502950523,15.179792328642762,14.868772128915117,15.169759418974126,14.563765655242852,7455000,15.21
9852,2019-04-11,15.250022696323196,15.400516341352702,15.109561960962324,15.26005560599183,14.650455011234678,8237000,15.6
9853,2019-04-12,15.510878347707672,15.761701089423514,15.300187244666365,15.651339083068542,15.026108218338631,9762800,15.26
9854,2019-04-15,15.701503631411711,15.711536541080346,15.2801214253291,15.310220154334997,14.698614984226056,11748200,15.56
9855,2019-04-16,15.430615070358602,15.651339083068542,15.229956876985929,15.611207444394008,14.987578835338176,13591400,15.76
9856,2019-04-17,15.701503631411711,15.841964366772583,15.571075805719474,15.811865637766681,15.18022073388561,13784800,15.25
9857,2019-04-18,15.902161824784384,15.902161824784384,15.099529051293691,15.300187244666365,14.68898339094417,24412300,15.24
9858,2019-04-22,15.229956876985929,15.380450522015433,15.109561960962324,15.29015433499773,14.679350794371311,15552400,15.37
9859,2019-04-23,15.109561960962324,15.460713799364504,14.888837948252382,15.420582160689968,14.804569533363596,23356700,15.38
9860,2019-04-24,15.2801214253291,15.480779618701769,15.089496141625055,15.430615070358602,14.814201126645482,18523700,15.47
9861,2019-04-25,15.2801214253291,15.701503631411711,15.239989786654561,15.520911257376307,14.900891485928284,11916600,15.55
9862,2019-04-26,15.540977076713574,15.651339083068542,15.410549251021335,15.601174534725377,14.977947242056288,8729600,15.68
9863,2019-04-29,15.691470721743078,15.962359282796188,15.661371992737177,15.731602360417613,15.103164977757602,8853100,15.53
9864,2019-04-30,15.781766908760781,15.831931457103948,15.460713799364504,15.581108715388106,14.958683052201543,11317500,15.17
9865,2019-05-01,15.588057143526548,15.708196312262782,15.127523663370976,15.187593247739095,14.580887442141888,17403800,15.43
9866,2019-05-02,15.217628039923152,15.517975961763742,15.187593247739095,15.447894780000938,14.830789928189871,12809200,15.58
9867,2019-05-03,15.497952766974372,15.668149922684037,15.427871585211566,15.598068740921233,14.974965941111009,9322900,15.39
9868,2019-05-06,15.237651234712528,15.558022351342487,15.207616442528467,15.407848390422195,14.792343391874795,9871500,15.11
9869,2019-05-07,15.237651234712528,15.267686026896586,15.0374192868188,15.127523663370976,14.523216636509536,9399700,14.95
9870,2019-05-08,15.06745407900286,15.147546858160352,14.947314910266623,14.967338105055996,14.369431492408976,10188200,14.93
9871,2019-05-09,14.737071364978211,15.027407689424114,14.677001780610095,14.947314910266623,14.350207223091703,11749000,15.05
9872,2019-05-10,14.857210533714449,15.107500468581605,14.737071364978211,15.06745407900286,14.465547833196664,10096500,14.34
9873,2019-05-13,14.82717574153039,14.82717574153039,14.336607469190762,14.356630663980132,13.783118309545008,12062600,14.54
9874,2019-05-14,14.416700248348253,14.677001780610095,14.296561079612015,14.556862611873859,13.97535299343986,12432300,14.32
9875,2019-05-15,14.346619066585449,14.436723443137623,14.076305936928918,14.336607469190762,13.763896042547211,9969700,14.52
9876,2019-05-16,14.516816222295114,14.707036572794152,14.456746637926996,14.536839417084487,13.956130726442062,8463400,14.4
9877,2019-05-17,14.356630663980132,14.677001780610095,14.356630663980132,14.416700248348253,13.840790116337098,7831300,14.47
9878,2019-05-20,14.386665456164192,14.596909001452605,14.376653858769506,14.486781430111055,13.908072055468347,6674900,14.56
9879,2019-05-21,14.556862611873859,14.66699018321541,14.516816222295114,14.576885806663233,13.994576261597397,9834100,14.41
9880,2019-05-22,14.436723443137623,14.5268278196898,14.31658427440139,14.426711845742938,13.850400248676259,6737500,14.07
9881,2019-05-23,14.246503092638585,14.28654948221733,13.966178365587368,14.086317534323605,13.52360468999813,9739700,14.19
9882,2019-05-24,14.156398716086409,14.266526287427956,14.066294339534231,14.206456703059839,13.63894329778361,7565700,13.94
9883,2019-05-28,14.12636392390235,14.196445105665152,13.946155170797995,13.956166768192682,13.398650944074786,11569300,14.15
9884,2019-05-29,13.836027599456447,14.226479897849211,13.765946417693643,14.166410313481094,13.600497762628274,15941900,14.06
9885,2019-05-30,14.246503092638585,14.326595871796075,13.93614357340331,14.076305936928918,13.513992555339488,17110600,13.83
9886,2019-05-31,13.816004404667074,13.976189962982055,13.71588843072021,13.846039196851132,13.292924470947943,12063600,13.98
9887,2019-06-03,13.783224722127875,14.103532050456192,13.723167098066316,13.993426406343335,13.434424055023953,9541300,14.33
9888,2019-06-04,14.243666506599832,14.40382017076399,14.19361848654853,14.34376254670243,13.770764767055903,13023800,14.17
9889,2019-06-05,14.33375294269217,14.37379135873321,13.983416802333075,14.183608882538273,13.617011243695906,11370700,14.04
9890,2019-06-06,14.033464822384373,14.143570466497232,13.883320762230476,14.053484030404892,13.62671455382345,7472300,13.88
9891,2019-06-07,13.983416802333075,14.013445614363853,13.773215118117616,13.893330366240734,13.471424556247879,10667600,13.99
9892,2019-06-10,14.083512842435672,14.293714526651131,13.983416802333075,14.003436010353594,13.578185991660908,18697800,14.47
9893,2019-06-11,14.183608882538273,14.634041062999966,14.13356086248697,14.48389700284607,14.04405798630843,19846500,14.24
9894,2019-06-12,14.433848982794768,14.543954626907627,14.19361848654853,14.25367611061009,13.82082780151322,11328300,14.49
9895,2019-06-13,14.32374333868191,14.604012250969188,14.32374333868191,14.503916210866588,14.063467609444725,8375300,14.59
9896,2019-06-14,14.523935418887108,14.654060271020487,14.293714526651131,14.604012250969188,14.160524733769812,8641100,14.34
9897,2019-06-17,14.604012250969188,14.694098687061526,14.32374333868191,14.35377215071269,13.917884925838303,6571700,14.87
9898,2019-06-18,14.31373373467165,14.894290767266725,14.25367611061009,14.884281163256464,14.432283480727563,12792900,14.57
9899,2019-06-19,14.974367599348804,15.134521263512962,14.523935418887108,14.583993042948668,14.141113108712716,12878900,14.6
9900,2019-06-20,14.644050667010228,14.664069875030748,14.21363769456905,14.614021854979447,14.17023104677856,12600000,14.63
9901,2019-06-21,14.563973834928149,14.864261955235945,14.563973834928149,14.644050667010228,14.199346982923606,14843000,14.51
9902,2019-06-24,14.604012250969188,14.804204331174384,14.503916210866588,14.523935418887108,14.082879234501824,7547500,14.39
9903,2019-06-25,14.553964230917886,14.553964230917886,14.27369531863061,14.40382017076399,13.966412487040444,13636200,14.43
9904,2019-06-26,14.47388739883581,14.644050667010228,14.42383937878451,14.443858586805028,14.005233735233835,10209900,14.58
9905,2019-06-27,14.513925814876847,14.674079479041007,14.503916210866588,14.594002646958927,14.150819421721463,6418100,14.94
9906,2019-06-28,14.864261955235945,15.014406015389843,14.543954626907627,14.954348391328283,14.500221666026402,14479600,15.07
9907,2019-07-01,15.01933838976346,15.249175238043271,14.939395138187871,15.059310015551253,14.601996643494395,10055500,14.86
9908,2019-07-02,15.049317109104306,15.20920361225548,14.749529915695852,14.849458980165336,14.398517085259053,13826000,15.07
9909,2019-07-03,14.929402231740923,15.069302921998203,14.849458980165336,15.059310015551253,14.601996643494395,4881100,15.21
9910,2019-07-05,15.199210705808532,15.439040460535292,15.159239080020738,15.199210705808532,14.737649349221075,6919800,15.13
9911,2019-07-08,15.059310015551253,15.219196518702427,15.029331296210406,15.119267454232945,14.660132375330809,7110700,15.31
9912,2019-07-09,15.00934548331651,15.329118489618859,14.959380951081771,15.299139770278016,14.834544567293266,8772800,15.06
9913,2019-07-10,15.299139770278016,15.319125583171912,15.00934548331651,15.049317109104306,14.592307521403436,9594900,15.23
9914,2019-07-11,15.029331296210406,15.26916105093717,14.939395138187871,15.219196518702427,14.757027593402997,11462000,15.22
9915,2019-07-12,15.229189425149377,15.279153957384118,15.069302921998203,15.20920361225548,14.74733847131204,8218200,14.98
9916,2019-07-15,15.26916105093717,15.26916105093717,14.909416418847028,14.969373857528717,14.514791546803812,7089700,14.94
9917,2019-07-16,14.999352576869562,15.079295828445149,14.839466073718388,14.929402231740923,14.476033059858676,9638300,14.71
9918,2019-07-17,14.849458980165336,14.899423512400078,14.669586664120265,14.699565383461112,14.253176256732058,13526600,14.79
9919,2019-07-18,14.719551196355008,14.959380951081771,14.649600851226369,14.779508635036697,14.330692231331678,14775600,15.13
9920,2019-07-19,14.939395138187871,15.379083021853603,14.88943060595313,15.119267454232945,14.660132375330809,20534300,15.12
9921,2019-07-22,15.14924617357379,15.219196518702427,15.01933838976346,15.109274547785994,14.650444252530491,12781900,15.57
9922,2019-07-23,15.119267454232945,15.558955337898674,15.059310015551253,15.558955337898674,15.086468736692769,14569400,15.95
9923,2019-07-24,15.498997899216983,16.00863612801135,15.498997899216983,15.938685782882711,15.45466736763703,10728600,15.72
9924,2019-07-25,15.908707063541867,16.08857937958694,15.698856028155951,15.708848934602901,15.231810564510413,10658000,16.040001
9925,2019-07-26,15.758813466837642,16.058600660246093,15.688863121709002,16.028622940195895,15.541873463618261,8698200,15.81
9926,2019-07-29,15.988650315117455,16.12855000608409,15.798785092625435,15.798785092625435,15.319014661910352,9066700,16.049999
9927,2019-07-30,15.628905683027314,16.058600660246093,15.628905683027314,16.03861384806155,15.551561586418577,9996100,15.93
9928,2019-07-31,15.978657408670507,16.11855709963714,15.878728344201024,15.918699969988817,15.435289123455108,24490700,15.23
9929,2019-08-01,15.859546106533415,15.959480234488888,15.150013798049564,15.219967687618396,14.757775343848175,21792800,15.33
9930,2019-08-02,15.20997427482285,15.369868879551603,14.970132367729716,15.319901815573868,14.85467447233764,18300400,14.56
9931,2019-08-05,14.930158716547526,15.000112606116357,14.400507838383525,14.550409030316732,14.108549284220334,15374500,14.75
9932,2019-08-06,14.690316809454393,14.77026411181877,14.38052101279243,14.74028387343213,14.2926579281527,9397600,14.48
9933,2019-08-07,14.300573710428054,14.550409030316732,14.120692280108203,14.470461727952355,14.031029381823995,12902400,14.72
9934,2019-08-08,14.650343158272205,14.780257524614317,14.540415617521187,14.710303635045488,14.263588089671732,10346000,14.67
9935,2019-08-09,14.640349745476659,14.750277286227677,14.480455140747901,14.660336571067752,14.21513902509764,10523200,14.3
9936,2019-08-12,14.450474902361261,14.500441966338997,14.260600059245863,14.290580297632506,13.85661234962075,9199400,14.27
9937,2019-08-13,14.210632995268128,14.590382681498921,14.080718628926013,14.260600059245863,13.827542511139782,15424800,13.66
9938,2019-08-14,13.88085037301507,13.88085037301507,13.511094099579822,13.651001878717484,13.236455129132596,15820300,13.57
9939,2019-08-15,13.710962355490768,13.790909657855146,13.49110727398873,13.561061163557559,13.149245613689693,14858700,14.09
9940,2019-08-16,13.700968942695221,14.09071204172156,13.700968942695221,14.080718628926013,13.65312148157142,10048800,14.26
9941,2019-08-19,14.350540774405788,14.390514425587979,14.210632995268128,14.250606646450317,13.817850899410661,10728500,14.0
9942,2019-08-20,14.140679105699297,14.170659344085939,13.930817436992806,13.990777913766088,13.565913964811077,9089700,14.13
9943,2019-08-21,14.170659344085939,14.200639582472581,14.000771326561635,14.120692280108203,13.691882931781507,9295500,14.25
9944,2019-08-22,14.240613233654768,14.350540774405788,14.160665931290392,14.240613233654768,13.80816228570538,7886700,13.79
9945,2019-08-23,14.120692280108203,14.360534187201335,13.720955768286316,13.780916245059597,13.362424096103029,12282300,14.03
9946,2019-08-26,13.920824024197259,14.030751564948277,13.800903070650692,14.02075815215273,13.594983803292045,9585200,13.85
9947,2019-08-27,14.09071204172156,14.13068569290375,13.740942593877408,13.840876721832881,13.420563773064963,9413600,14.1
9948,2019-08-28,13.740942593877408,14.190646169677033,13.740942593877408,14.09071204172156,13.662813093300542,8031900,14.47
9949,2019-08-29,14.250606646450317,14.56040244311228,14.240613233654768,14.460468315156808,14.021340768118709,11275200,14.62
9950,2019-08-30,14.580389268703374,14.790250937409866,14.540415617521187,14.610369507090015,14.166688961182269,10389800,14.26
9951,2019-09-03,14.46911932979954,14.46911932979954,14.10963810421446,14.239450769009071,13.807033798429655,11341900,14.44
9952,2019-09-04,14.439162561000783,14.479104919399125,14.319335485805755,14.41919138180161,13.981316287947063,8039500,14.81
9953,2019-09-05,14.57896081539498,14.938442040980064,14.549004046596224,14.788658196986278,14.49515675468046,10269400,14.85
9954,2019-09-06,14.758701428187521,14.96839880977882,14.748715838587936,14.82860055538462,14.534306257264593,8471500,15.45
9955,2019-09-09,14.978384399378406,15.587505364953126,14.94842763057965,15.427735931359756,15.121550793144543,15609900,16.01
9956,2019-09-10,15.517606237756027,16.036855898375517,15.48764946895727,15.986928948936553,15.669644827881397,16533900,16.24
9957,2019-09-11,15.996914538536137,16.296482226523704,15.717318029747739,16.21659750972702,15.894755965578618,14678700,16.25
9958,2019-09-12,16.006901126694686,16.376366943320388,15.787217156944841,16.226583099326607,15.904543840504129,11308900,16.35
9959,2019-09-13,16.476222839316247,16.655963452108786,16.276510048765573,16.326438995322462,16.002417596964467,9920900,16.440001000000002
9960,2019-09-16,16.08678584349137,16.446265071958525,16.08678584349137,16.416310300277694,16.090505475617213,7587600,16.26
9961,2019-09-17,16.256540866684325,16.306467816123288,15.976943359336966,16.236568688926194,15.914330716870685,8389200,16.35
9962,2019-09-18,16.08678584349137,16.426295889877277,16.006901126694686,16.326438995322462,16.002417596964467,12906000,16.120001000000002
9963,2019-09-19,16.276510048765573,16.36638035516184,16.08678584349137,16.096771433090957,15.777307457826211,8220600,15.96
9964,2019-09-20,16.146698382529923,16.21659750972702,15.917029821739453,15.937001000938624,15.62070745037175,14487000,16.049999
9965,2019-09-23,15.767245977745668,16.12672720333075,15.747274798546496,16.026870308775933,15.708793331906573,6054900,15.85
9966,2019-09-24,15.996914538536137,16.056828076133648,15.717318029747739,15.827159515343181,15.513047816103818,8465500,16.040001
9967,2019-09-25,15.887073052940696,16.106755025572614,15.827159515343181,16.01688671629427,15.69900745409898,5653000,15.89
9968,2019-09-26,15.96695776973738,16.036855898375517,15.847130694542352,15.867101873741525,15.552196320128992,6678000,15.96
9969,2019-09-27,15.996914538536137,16.26652645628391,15.837145104942767,15.937001000938624,15.62070745037175,7700700,15.82
9970,2019-09-30,15.956972180137795,16.026870308775933,15.787217156944841,15.797202746544425,15.483684191327276,7161900,15.43
9971,2019-10-01,15.890686274509804,16.020202839756593,15.272991886409738,15.372620013522651,15.067528799864775,11021400,15.16
9972,2019-10-02,15.223177822853279,15.332768762677485,15.01395875591616,15.103624070317782,14.803870931710616,8322800,15.23
9973,2019-10-03,15.02392156862745,15.183326572008113,14.715074374577418,15.173363759296823,14.872225789722785,11667000,15.39
9974,2019-10-04,15.183326572008113,15.352694388100069,15.043847194050034,15.332768762677485,15.028467600067614,9279700,15.38
9975,2019-10-07,15.332768762677485,15.532025016903313,15.253066260987154,15.322805949966193,15.018703047329277,6924500,14.89
9976,2019-10-08,15.01395875591616,15.07373563218391,14.824665314401624,14.834628127112916,14.540213063556456,10580000,14.91
9977,2019-10-09,14.974107505070995,14.984070317782285,14.754925625422585,14.854553752535498,14.559744161595672,10402800,15.11
9978,2019-10-10,14.974107505070995,15.163400946585531,14.93425625422583,15.053810006761326,14.755046175456387,10244000,15.43
9979,2019-10-11,15.4323968897904,15.591801893171063,15.352694388100069,15.372620013522651,15.067528799864775,9809600,15.39
9980,2019-10-14,15.23314063556457,15.392545638945233,15.183326572008113,15.332768762677485,15.028467600067614,6940100,15.61
9981,2019-10-15,15.402508451656525,15.671504394861394,15.30288032454361,15.551950642325895,15.243298719405004,8491300,15.53
9982,2019-10-16,15.621690331304935,15.731281271129141,15.4323968897904,15.472248140635564,15.165179308654496,7695000,15.54
9983,2019-10-17,15.611727518593645,15.631653144016227,15.392545638945233,15.482210953346854,15.174943861392832,7941700,15.77
9984,2019-10-18,15.482210953346854,15.79105814739689,15.4323968897904,15.71135564570656,15.399541526031102,14813500,16.07
9985,2019-10-21,15.890686274509804,16.070015907031777,15.890686274509804,16.010240027045302,15.692493052400273,8952200,16.219998999999998
9986,2019-10-22,15.731281271129141,16.41871534820825,15.30288032454361,16.1596812214334,15.83896831744422,18679000,16.280001000000002
9987,2019-10-23,16.12979477586207,16.289198782961464,16.020202839756593,16.219460090263695,15.897561611561866,7876300,16.18
9988,2019-10-24,16.229422902974985,16.289198782961464,16.010240027045302,16.119830966869504,15.799911102772143,6594900,16.4
9989,2019-10-25,16.070015907031777,16.3589384719405,16.060055086883033,16.339012846517917,16.01474122582826,6814900,16.52
9990,2019-10-28,16.47849322075727,16.68771129141312,16.329049037525355,16.458566599053416,16.1319228326572,9964300,16.469998999999998
9991,2019-10-29,16.34897565922921,16.538269100743747,16.339012846517917,16.408751539215686,16.083095087559162,8535800,16.27
9992,2019-10-30,16.368901284651795,16.368901284651795,16.08994252873563,16.209496281271132,15.887796062542257,7243400,16.1
9993,2019-10-31,16.070015907031777,16.209496281271132,15.771132521974307,16.040128465179176,15.721789699459094,8206100,16.549999
9994,2019-11-01,16.258064809846505,16.497300603445463,16.148417064745267,16.497300603445463,16.169887480404967,8110600,16.99
9995,2019-11-04,16.606951338994122,16.94586871325931,16.606951338994122,16.93590055519269,16.599783236528417,10327100,17.200001
9996,2019-11-05,16.97577418427499,17.294754245591122,16.97577418427499,17.14523287140758,16.804961821276947,8383600,17.059998999999998
9997,2019-11-06,16.99570850677662,17.14523287140758,16.8561552906597,17.00567666484324,16.668175765839326,7188100,16.91
9998,2019-11-07,17.195072664924886,17.254880616508817,16.83621797771065,16.8561552906597,16.521619918680603,14247800,16.879998999999998
9999,2019-11-08,16.83621797771065,16.896028919742,16.716601077726978,16.826249819644026,16.4923085498857,6690700,16.77
10000,2019-11-11,16.606951338994122,16.786378184193342,16.606951338994122,16.716601077726978,16.38483486005879,7260500,16.690001000000002
10001,2019-11-12,16.62688765512737,16.81628365520902,16.517237916394514,16.636856810009803,16.306673535842588,10035500,16.41
10002,2019-11-13,16.397621016410845,16.477366280943833,16.248096651779885,16.357747387328548,16.033104415414765,7586000,16.440001000000002
10003,2019-11-14,16.29793843892881,16.417555338912475,16.2082250163292,16.387652858344225,16.062416781025476,8075300,16.52
10004,2019-11-15,16.477366280943833,16.587014026045072,16.42752449379491,16.4673971260614,16.140578105241673,8153100,16.58
10005,2019-11-18,16.447460809928156,16.527206074461137,16.34777922926192,16.527206074461137,16.199199846015677,9655100,16.52
10006,2019-11-19,16.587014026045072,16.646824968076427,16.397621016410845,16.4673971260614,16.140578105241673,5927000,16.41
10007,2019-11-20,16.397621016410845,16.517237916394514,16.2082250163292,16.357747387328548,16.033104415414765,7018500,16.49
10008,2019-11-21,16.457428967994776,16.497300603445463,16.238130487344876,16.43749265186153,16.111265739630962,6462800,16.67
10009,2019-11-22,16.527206074461137,16.746504555111038,16.487334439010453,16.61691949706075,16.28713195876878,5918400,16.84
10010,2019-11-25,16.646824968076427,16.786378184193342,16.577045867978445,16.786378184193342,16.453227389369697,7250700,16.59
10011,2019-11-26,16.696664761593734,16.75647271317766,16.537174232527764,16.537174232527764,16.208970634552582,8049800,16.74
10012,2019-11-27,16.646824968076427,16.73653839067603,16.587014026045072,16.686696603527107,16.355524488079695,5238300,16.639999
10013,2019-11-29,16.706632919660358,16.73653839067603,16.577045867978445,16.587014026045072,16.257819593158068,3348200,16.610001
10014,2019-12-02,16.671958772525628,16.79168659086133,16.532278479534895,16.57218841746247,16.243289861729206,7290700,16.42
10015,2019-12-03,16.29282483831049,16.432505131301223,16.063348432137104,16.382619953769645,16.057481817927105,9932300,16.68
10016,2019-12-04,16.472415069228795,16.741801413329757,16.412552656646202,16.64202806509608,16.311742673690723,9094700,16.68
10017,2019-12-05,16.59214089211749,16.70189147540218,16.542255714585913,16.64202806509608,16.464742575474563,11004900,17.040001
10018,2019-12-06,16.8914589413715,17.041117467136754,16.851549003443928,17.00120952465619,16.820096767669103,9920000,17.07
10019,2019-12-09,16.941345116626586,17.110958112493872,16.911414409197043,17.03114023208574,16.84970920130052,8621800,17.0
10020,2019-12-10,17.00120952465619,17.130912582595908,16.921389648801046,16.96129958672862,16.78061285767821,9382000,16.84
10021,2019-12-11,16.931366883852064,17.08102740506433,16.80166382591235,16.80166382591235,16.622676219991128,8461300,17.42
10022,2019-12-12,16.831596528788907,17.410276161747884,16.811641060963368,17.38034345887133,17.195191917135592,10356800,17.17
10023,2019-12-13,17.340433520943755,17.450184104228445,17.0111847642602,17.130912582595908,16.948417978554254,8754400,17.24
10024,2019-12-16,17.40029892669687,17.500071277207034,17.180797760127483,17.200753227953022,17.017514322176563,9052200,17.43
10025,2019-12-17,17.240663165880598,17.39032069392234,17.160845285472462,17.39032069392234,17.205063393495067,9671600,17.33
10026,2019-12-18,17.460161339279463,17.480115809381495,17.270592875586633,17.290548343412176,17.106354616241333,10374500,17.299999
10027,2019-12-19,17.290548343412176,17.350410755994773,17.150868050421447,17.26061564053562,17.076740187162905,7615400,17.25
10028,2019-12-20,17.350410755994773,17.410276161747884,17.160845285472462,17.21073046300404,17.027386796259545,17360800,17.17
10029,2019-12-23,17.230684933106073,17.240663165880598,17.07105017001331,17.130912582595908,16.948417978554254,7879600,17.200001
10030,2019-12-24,17.150868050421447,17.180797760127483,17.07105017001331,17.160845285472462,16.97803240763268,3147700,17.26
10031,2019-12-26,17.190775992902008,17.240663165880598,17.12093534754489,17.220707698055058,17.037258272619024,4234100,17.16
10032,2019-12-27,17.290548343412176,17.290548343412176,17.05109470218777,17.12093534754489,16.938547499918283,6065200,17.120001000000002
10033,2019-12-30,17.230684933106073,17.26061564053562,17.05109470218777,17.08102740506433,16.899065585374395,5555800,17.16
10034,2019-12-31,17.10097987971935,17.180797760127483,17.02116199931121,17.12093534754489,16.938547499918283,6545100,17.09
10035,2020-01-02,17.154153528885033,17.193907236127316,16.90568664694869,16.985196049168316,16.804254514802054,8972200,16.77
10036,2020-01-03,16.71685181667707,16.77648287447426,16.52801599253792,16.6671584402898,16.489605000325618,8382600,16.58
10037,2020-01-06,16.46838493474073,16.49820096057309,16.339183150001357,16.47832361001818,16.302782751797682,7579200,16.35
10038,2020-01-07,16.39881420779855,16.428631227498443,16.1801643455621,16.24973407863675,16.076627201991695,9229600,16.450001
10039,2020-01-08,16.269612423059183,16.47832361001818,16.24973407863675,16.34912182527881,16.174956479716712,7741800,16.549999
10040,2020-01-09,16.47832361001818,16.47832361001818,16.339183150001357,16.448506590318292,16.27328178197162,7596500,16.35
10041,2020-01-10,16.448506590318292,16.47832361001818,16.190103020839555,16.24973407863675,16.076627201991695,6160400,16.440001000000002
10042,2020-01-13,16.299427455024013,16.34912182527881,16.20003970838195,16.339183150001357,16.16512414826473,6571100,16.49
10043,2020-01-14,16.339183150001357,16.488262285295637,16.299427455024013,16.388875532521094,16.21428580552465,10616300,16.309998999999998
10044,2020-01-15,16.2099783836594,16.329243480856377,16.080776598920036,16.2099783836594,16.037295888448703,12849500,16.65
10045,2020-01-16,16.329243480856377,16.567771687515265,16.289487785879032,16.547894336960354,16.371612053564156,14894600,16.389999
10046,2020-01-17,16.597588707215152,16.647281089734893,16.10065494334247,16.289487785879032,16.11595851553469,17323400,16.25
10047,2020-01-21,16.190103020839555,16.279549110601575,16.02114554112284,16.15034732586221,15.978299912001738,10804400,16.219998999999998
10048,2020-01-22,16.219918052804385,16.219918052804385,16.080776598920036,16.12053030616232,15.948799936043198,8446500,16.17
10049,2020-01-23,16.05096057308767,16.10065494334247,15.852187067538598,16.070837923642582,15.899637284915748,7058400,15.72
10050,2020-01-24,16.031082228665234,16.070837923642582,15.494394757550268,15.623597536157165,15.457161498358342,6501900,15.45
10051,2020-01-27,15.265805226168833,15.454640056440454,15.22605052505902,15.355253303665915,15.19167562887689,13732500,15.53
10052,2020-01-28,15.47451740699536,15.653413561989526,15.36519197894337,15.434762705885545,15.270337262095353,10869700,15.4
10053,2020-01-29,15.47451740699536,15.583842835047351,15.265805226168833,15.30555992727865,15.142510990014383,8072400,15.61
10054,2020-01-30,15.136602447561936,15.563965484492442,15.027277019509944,15.514272108105175,15.348998895313814,13677100,15.57
10055,2020-01-31,15.30555992727865,15.494394757550268,15.265805226168833,15.47451740699536,15.309668575638346,24895900,15.86
10056,2020-02-03,15.570984737782108,15.808861016398765,15.551161714564053,15.71965741191752,15.552197467527197,11277300,16.26
10057,2020-02-04,15.957533690534179,16.16567444317259,15.878241597661958,16.11611787627862,15.944434636791685,18884900,16.57
10058,2020-02-05,16.294526076392277,16.53240136385777,16.235055024435784,16.42337473615847,16.248416733235917,8967100,16.35
10059,2020-02-06,16.57204641914272,16.621604968339017,16.175586945932782,16.205321480759864,16.03268772730963,10912400,16.32
10060,2020-02-07,16.076470838691346,16.195409969150838,16.017002760188344,16.175586945932782,16.003270360854035,6312700,16.280001000000002
10061,2020-02-10,16.106206364669593,16.155762931563565,15.987267234210098,16.13594189064784,15.964046544812469,8848600,16.41
10062,2020-02-11,16.205321480759864,16.443197759376524,16.175586945932782,16.26479055041403,16.091523451371977,6629600,16.469998999999998
10063,2020-02-12,16.393641192482544,16.562134907533693,16.215233983520054,16.32425862891703,16.150358184283164,5081900,16.6
10064,2020-02-13,16.244966536044814,16.463021773745737,16.16567444317259,16.453109270985554,16.27783608199383,4604400,16.540001
10065,2020-02-14,16.40355072178925,16.433286247767494,16.274702062023056,16.393641192482544,16.219001349082646,5911600,16.309998999999998
10066,2020-02-18,16.274702062023056,16.37381717811333,15.997178745819127,16.16567444317259,15.993463911268066,9830000,16.43
10067,2020-02-19,16.26479055041403,16.334171131677223,16.195409969150838,16.284613573632083,16.111134368241597,5140500,16.540001
10068,2020-02-20,16.195409969150838,16.54231386661796,16.195409969150838,16.393641192482544,16.219001349082646,9131300,16.33
10069,2020-02-21,16.274702062023056,16.3044375880013,16.0368257834064,16.185498457541808,16.013075819288847,12312700,15.73
10070,2020-02-24,15.60071927260919,15.75930345835363,15.570984737782108,15.590807761000164,15.424719569816531,10858700,14.79
10071,2020-02-25,15.590807761000164,15.620542295827246,14.569922065270337,14.659125669751583,14.50296286629323,15818400,14.58
10072,2020-02-26,14.807798343886995,15.015940087676572,14.421249391134925,14.450983925962008,14.297039318801755,11377700,13.85
10073,2020-02-27,14.064434973209936,14.37169183308979,13.667974508848838,13.727443578503003,13.58120616276993,15071800,13.52
10074,2020-02-28,13.340894625750934,13.73735509011203,13.053460789089138,13.400363695405098,13.25761215830492,28630100,14.51
10075,2020-03-02,13.538856982352828,14.43283873467253,13.310394978982238,14.41297247350987,14.259433094175074,23705400,14.09
10076,2020-03-03,14.35337369002189,14.67123386862445,13.876583422118049,13.995780989094008,13.846684699068245,32399400,14.55
10077,2020-03-04,14.184510470139278,14.5222369099045,13.95604846676869,14.452704995835191,14.298741471824574,20535200,13.81
10078,2020-03-05,13.737519593979428,14.005714119675337,13.598455765840805,13.717653332816768,13.717653332816768,24354300,12.98
10079,2020-03-06,12.982601669798346,13.449458807120857,12.644875230033126,12.893203494566375,12.893203494566375,21487800,10.47
10080,2020-03-09,11.37343451562288,11.621762780156132,10.181458845863277,10.399987718652538,10.399987718652538,23502700,11.47
10081,2020-03-10,10.966176161788349,11.43303329911086,10.439720240977858,11.393300776785543,11.393300776785543,17013400,10.69
10082,2020-03-11,10.976109292369681,11.17477190399628,10.370188326908549,10.618516591441798,10.618516591441798,25918700,9.46
10083,2020-03-12,9.714601708540766,10.31058954342057,9.138480134823624,9.396741529938206,9.396741529938206,18790100,9.98
10084,2020-03-13,10.31058954342057,10.50925215504717,9.515939096914165,9.913264320167368,9.913264320167368,28002000,8.31
10085,2020-03-16,8.463027255293184,8.711355519826434,8.075635162621314,8.254431513085253,8.254431513085253,20294300,8.88
10086,2020-03-17,8.413361602386534,9.208012048892936,7.867039420413382,8.820619956221066,8.820619956221066,23497600,7.36
10087,2020-03-18,8.224632121341262,8.641823605757123,7.24125219378959,7.3107841078589,7.3107841078589,18007800,8.28
10088,2020-03-19,7.211452802045599,8.403428471805205,6.893592623443039,8.224632121341262,8.224632121341262,15534000,8.26
10089,2020-03-20,8.343829688317223,8.701422389245105,7.817373767506731,8.204765860178602,8.204765860178602,23045600,7.72
10090,2020-03-23,8.075635162621314,8.294164035410573,7.549179241810821,7.668376808786781,7.668376808786781,17459500,8.85
10091,2020-03-24,8.254431513085253,8.989483176103676,8.125300815527961,8.790820564477073,8.790820564477073,15558100,8.73
10092,2020-03-25,8.989483176103676,9.138480134823624,8.472960385874513,8.671622997501114,8.671622997501114,18087500,9.85
10093,2020-03-26,8.790820564477073,9.903331189586037,8.761021172733084,9.784133622610076,9.784133622610076,17779900,9.67
10094,2020-03-27,9.178212657148945,10.032461887143327,9.158346395986285,9.605337272146137,9.605337272146137,12732600,9.5
10095,2020-03-30,9.476206574588845,9.645069794471457,9.078881351335646,9.436474052263526,9.436474052263526,11634200,8.97
10096,2020-03-31,9.307343354706235,9.386808399356875,8.790820564477073,8.910018131453034,8.910018131453034,15360200,8.3
10097,2020-04-01,8.36,8.64,8.06,8.3,8.3,14045200,8.39
10098,2020-04-02,8.17,8.74,8.03,8.39,8.39,14036000,8.07
10099,2020-04-03,8.36,8.44,7.9,8.07,8.07,14772800,8.88
10100,2020-04-06,8.61,8.98,8.4,8.88,8.88,15990700,9.39
10101,2020-04-07,9.67,9.93,9.32,9.39,9.39,14330800,10.11
10102,2020-04-08,9.56,10.21,9.53,10.11,10.11,10880200,11.01
10103,2020-04-09,10.5,11.22,10.46,11.01,11.01,16772700,10.67
10104,2020-04-13,11.01,11.07,10.38,10.67,10.67,11637000,10.12
10105,2020-04-14,10.85,10.98,9.89,10.12,10.12,16539500,9.29
10106,2020-04-15,9.49,9.65,9.26,9.29,9.29,13275000,8.85
10107,2020-04-16,9.22,9.25,8.75,8.85,8.85,15716100,9.52
10108,2020-04-17,9.01,9.71,8.77,9.52,9.52,16877000,9.4
10109,2020-04-20,9.21,9.75,8.91,9.4,9.4,11453000,8.88
10110,2020-04-21,9.03,9.29,8.78,8.88,8.88,15522000,9.09
10111,2020-04-22,9.15,9.3,9.02,9.09,9.09,11049700,9.42
10112,2020-04-23,9.19,9.52,9.16,9.42,9.42,12417400,9.79
10113,2020-04-24,9.52,10.0,9.4,9.79,9.79,16855700,10.48
10114,2020-04-27,9.9,10.58,9.7,10.48,10.48,14233000,10.69
10115,2020-04-28,11.0,11.19,10.6,10.69,10.69,11182800,11.26
10116,2020-04-29,11.19,11.46,11.01,11.26,11.26,11712000,10.75
10117,2020-04-30,10.86,10.99,10.55,10.75,10.75,9886400,10.17
10118,2020-05-01,10.39,10.43,10.04,10.17,10.17,6817500,10.16
10119,2020-05-04,9.93,10.19,9.79,10.16,10.16,6483200,9.98
10120,2020-05-05,10.46,10.58,9.93,9.98,9.98,8155700,9.65
10121,2020-05-06,10.12,10.21,9.62,9.65,9.65,8734600,9.85
10122,2020-05-07,9.81,10.18,9.77,9.85,9.85,9976700,10.32
10123,2020-05-08,10.17,10.38,10.01,10.32,10.32,7562600,9.81
10124,2020-05-11,10.14,10.14,9.66,9.81,9.81,10960400,9.32
10125,2020-05-12,9.91,10.04,9.32,9.32,9.32,10209900,8.92
10126,2020-05-13,9.24,9.3,8.72,8.92,8.92,14005600,9.34
10127,2020-05-14,8.63,9.48,8.41,9.34,9.34,16513000,9.19
10128,2020-05-15,9.2,9.37,9.01,9.19,9.19,9178000,10.03
10129,2020-05-18,9.69,10.11,9.62,10.03,10.03,10776500,9.64
10130,2020-05-19,9.87,10.03,9.59,9.64,9.64,9639400,10.05
10131,2020-05-20,9.86,10.12,9.84,10.05,10.05,9019100,9.94
10132,2020-05-21,10.0,10.28,9.91,9.94,9.94,7991500,9.95
10133,2020-05-22,9.98,10.14,9.76,9.95,9.95,6787300,
